1160400957.3855 1595566092.2124 1099826886.0137 1844811625.3694 1347613320.9321 2041908604.3211 1565778744.1890 1377774048.1458 1651860878.5069 1388519299.3664 1899577496.3339 
1427229069.6241 1953974743.8415 1678970802.5915 1400240763.5495 1788680903.9671 1448566384.7263 1352709393.7752 1334605035.0462 1681187796.6775 1372509599.8747 1983186004.6139 
1883075895.8997 1361532892.9153 1425107381.6864 1639046485.9431 1719557386.3845 1232474888.5389 1523675172.7226 2090657762.2916 1387884930.5522 1910043059.8788 1587134682.1804 
2125619322.9817 1181667193.9822 2049414146.5725 1478299989.3486 1501860067.1203 1606228785.6074 1354601158.7012 1373297885.8878 1761703612.0771 1835602351.4525 1278111367.2921 
1537208733.4032 1261453600.9380 2050853897.0117 1684991033.3092 2053251946.2743 1816672436.1998 2032225709.8420 1511332239.3564 1721745434.3477 1220172123.1519 1531953376.9443 
1467300822.9993 1572599215.1026 1741632100.8642 1488501926.0422 1990962200.4199 2145085515.5031 2051439070.6419 1530093027.2447 1844888278.7912 2060241665.6957 1264277703.8895 
1539985748.1384 2143511882.9934 1612989277.4177 1566494822.3086 2056932893.8826 1156151815.3931 1079770091.4766 2090114340.6260 1469189860.3749 1174175492.5159 1309093122.7502 
1733193192.5603 1792515678.2793 1997802113.2502 2062069798.9575 1558526825.9712 1907095236.8826 1335326004.8751 1249796081.4184 1341613429.1151 1992993483.8182 2086916229.3465 
1441390204.8194 1686606107.4228 1541393926.9377 1608723290.0163 1578891168.9330 2056216236.4003 2138826994.6995 2031279445.6416 1568112769.5034 1488884310.0162 1874099010.3038 
2085053504.3327 2028900973.2882 1542752390.3650 2077506794.5847 2081752650.2741 1955578315.8862 1279556696.7697 1420317050.1060 1402860788.7322 1344967401.0591 2118350933.6844 
1443245704.8407 1398627787.6764 1154382928.2526 1115299776.6658 1540556794.1826 1344149754.7182 1233387951.4610 2140980866.4435 2016364320.4847 1455630062.1674 1383862188.0872 
1586375374.5939 1848442497.7810 1213781814.2240 1292699284.7086 1325821152.8767 1875340566.6125 1075942083.1098 1649205140.7560 1739334672.4083 1137802658.7351 1165019175.4488 
1984009284.7180 1733229868.2035 1319893050.6262 1895234910.7355 1089512613.3229 1649485348.4642 1470407713.8508 1581990195.4271 1178340077.3368 1952123188.4426 1646556009.5704 
2099593320.5107 1604595812.6870 2092224188.1079 1841712536.7343 1891893217.6843 1291647729.3579 1788432550.5777 1727594059.5425 1641462943.8178 1806446419.8775 1834817153.6255 
1904801990.7305 1180112205.7828 1658337691.0383 1582797873.7372 1701082244.1449 1631239167.3170 1919661582.4679 1962633532.3082 1295689188.5014 1955359229.8631 1090893528.8793 
1800845610.4127 1634153633.6046 1870328203.7316 1843902325.5964 1754006173.6940 1902412377.7718 1376525020.7637 2049832572.6022 1114390829.7845 1802722958.3130 2071155812.2045 
1672472425.1878 2038324044.2851 1364202038.9471 1556256741.1983 1993430566.1964 1797620300.4979 1326041193.5752 1103689382.1159 1300039522.0914 1410489196.4030 1163233664.5926 
1765231384.0402 1461840110.7141 1478247932.7772 1723333331.4192 1132510056.9977 1893870620.7057 1757410435.7675 2103717132.6022 1839097262.1799 1915760095.2385 1884855515.7013 
1818445359.7688 1894222055.5890 1719992881.9831 1479041020.1769 1670835931.5773 1533019705.5067 1450816782.3295 2017555108.0069 1571376275.0947 2122527402.1477 1290215176.3848 
2104074298.6600 1464661888.6265 1342421841.2350 1405417032.0979 1593958135.2971 1943338446.2148 1436409125.6220 1441306836.2105 1454482852.5541 1598252293.3084 2040527719.9130 
1722454238.0276 1101240473.0885 1142792408.7789 1548103122.3572 1974914757.8660 1947936548.2263 1794473395.9419 1632212712.2315 1825081761.4991 2054295466.6770 1555650203.1237 
1634919381.1156 1295717755.6895 1182251986.3667 1645628621.2732 1816040849.4886 1909819188.7849 1595360835.9360 1129865870.4353 2014885575.6240 1785209174.4011 1192025023.3164 
2011605630.1015 1191859159.6785 1328869717.1675 1586660531.7028 1678906267.8548 1848725931.9622 1818179427.0051 1381801798.0305 1278614557.6819 1536383583.8405 1604798785.2998 
1133810586.8038 1549443947.0634 1233575615.6693 2083520631.8587 1689264653.9751 1168345428.8971 2044554290.3069 1962121206.2642 1877983168.5341 1123235487.3358 1125049846.4035 
1704349982.1428 1692982272.4490 1844051407.1218 1433522297.0623 1364773408.5459 1943324491.5305 1341781023.4247 2014113899.1495 1527571137.1218 1130763272.8889 1671125300.3273 
1302054201.0563 1237570562.0095 1784142919.8458 1710582844.4544 1438036430.9923 1798010761.7786 1201626863.5153 1572884554.8404 1584221285.4507 1487037280.0857 1356911777.8666 
1970879167.5281 1629633140.8458 1547053174.5515 1391193382.6051 1820402442.6885 1471734064.0124 2035265115.2297 1890878873.4973 1149535224.7869 1768212361.3339 1863107191.4180 
1958502229.6888 1525469223.8823 2091422342.8332 1877140538.4917 1796636803.8682 1424274513.9695 1534321592.8272 1099472012.1913 1253693936.5415 1825232719.5716 1370155529.2213 
1355107228.1052 1937391842.8739 1424414319.5705 1977219156.3339 1767379421.5932 1680021392.2286 1870703825.7100 1816109404.0103 1925489936.8361 1660792399.1420 1425228901.3019 
1437711869.7066 1579340172.0349 1900005140.7689 1096243204.6628 1904617562.8779 1855661655.4686 1234842507.7434 1378064247.6169 2082109770.1788 1472183370.7310 1569708586.3126 
1859738348.8510 1762968057.1409 1402945998.4456 2064219115.8959 1211557058.9694 1469588921.9616 1532897805.4732 1544501503.4627 2122606854.8159 1303341552.0189 1888481216.6910 
1152743609.5249 1340096073.5452 1807672370.2702 1442134754.3546 1601054641.6702 1446311091.2918 1742255068.4873 2061955389.4518 1187930063.2306 2052547964.0909 1311643118.2198 
1093406559.9217 1885188480.1592 1633461537.7024 1275426414.2610 2012042367.8319 1159108265.0660 1784116745.7709 1989612139.5094 2063914174.8614 1716958391.0535 2049669634.9593 
1246771220.1326 1145871539.7591 1722356507.1179 1629942087.8160 1987359191.8795 1567947079.2671 1355984417.0957 1939203279.7408 1103519700.4487 1096097920.0735 2115540216.4373 
1307856975.7169 1501332164.6698 1333057596.2214 1244504570.6600 1154553989.0276 2016832018.8442 1370673424.2486 1919445326.1840 1100028901.3124 1140524253.2946 1209585058.2905 
1289227744.8600 1984990126.8211 1276240879.9543 1991402726.1870 1607979802.9506 1146684116.2116 1755657784.5084 1241081965.0820 1105321788.6951 1601461459.6479 1317240508.8555 
2020072523.5920 2144125890.3304 2017689690.1001 1826076175.8852 1160571811.6273 1215513684.1956 2042496433.4612 1119607455.3740 1544683983.4000 2014827809.1437 1833229545.4937 
2023432431.9158 1999070721.4912 1967815925.7983 1463788886.7173 1874730294.3983 1443063633.6755 2007170935.8182 1394537239.6597 1935608590.9661 1373343126.5666 1408022699.1017 
1967228674.0377 1971896925.5945 1922088228.5836 1205530573.5950 1312936726.1502 1812908726.2160 1841932209.7086 1322307280.8731 1981215367.7102 1384402093.5124 1533281698.2700 
1266047500.2078 1791399211.7236 1924903756.9444 2045935514.4130 1351503881.5055 1446641536.2157 1751710371.5823 1294967525.7382 1119911065.4370 1948106281.6518 1513504791.5087 
1185894375.3518 1200277017.8651 1161845433.3932 1977959675.3735 1331669770.9830 1393046466.4367 1972022285.3326 1946468037.5874 1530257712.7028 1558004330.8129 2116722373.4885 
2129885487.7345 1916503664.5552 1857712868.4955 1280005180.8390 1620843918.8027 1930638302.1211 1756685473.0243 2040354265.8694 2106266519.5275 1253050997.5865 1236884521.4917 
1247386614.9767 1569214362.4697 1717922020.3510 1390434041.8870 1885218811.8060 1212962675.5482 1867705630.3332 1947703121.1679 1856164384.6725 2009430036.8993 1855174434.2692 
1293518414.9848 1429763037.3843 2052642088.7652 1158184111.3136 1553702991.3235 1721836997.4569 1208351842.3575 1278613242.1985 1596102079.8859 1336527655.9290 1281278242.8522 
1104694324.2855 2047132268.1522 2013664557.4884 1770170362.3310 2122355943.4835 1780167124.9992 1108405537.7775 1650099174.3278 2145457961.2836 1315440322.3713 1911720832.4021 
1552039281.2786 1220374510.4691 1614264129.6050 1089879693.8422 1557230497.7512 1512823792.3698 1898952143.1862 1177696650.4975 2028548710.4781 1907618919.9479 1557608124.1807 
1844726507.1344 1778784950.1674 1802992187.6070 1614093974.8859 1492873253.3858 1314140858.0012 1512072911.3598 1413838316.3577 1886991576.9781 1399788642.0965 1655360887.3045 
1264697916.1434 2091956082.4412 1690899244.9955 1135400294.1593 1782112209.2217 1350816834.7263 1140130340.5532 1328253202.8181 1827352011.1019 1190498363.1403 2055314124.6940 
1599017221.1365 1905684593.2740 1353327439.8517 1128040153.1908 1422275915.7834 2122568367.2333 1173158601.5964 1250780784.7373 1814847602.2625 1757157864.8040 1823064410.8642 
1361346494.2431 1398968000.2032 1798088268.0147 1132494692.0575 1867357947.0608 1907837503.9096 1677616996.5032 2017462264.5290 1724634731.5108 1728414256.2379 1425043107.5354 
1725385821.5205 1121313006.5509 1484284415.1920 1844053975.2753 1121726667.2920 1456822815.4039 1721425185.7365 1694022622.0868 1495933017.9398 1787312841.8887 1771713890.8203 
1746172512.2134 1887869021.4491 1633324023.6812 1731984188.6100 1337214268.3932 1258861626.7050 1993119668.6722 1218896564.0257 2014546633.4108 1396538640.3865 1636523219.8512 
2087771687.4794 1696808196.2524 2017060968.7260 1535160745.6937 1807140249.9179 1541787368.2828 1305723731.3133 1077569902.0796 2101803255.9174 1522648197.9065 2047754629.2142 
1990829438.8380 1673005338.5244 1388265150.8505 1617076229.5817 1979018235.6788 1634501107.5497 1787429447.3739 1835183474.2920 2020960224.7057 1555871013.2300 1332123956.0617 
1372232633.9720 1993857150.9562 1899314501.4312 1898402633.0046 1542849291.0369 1311303657.6295 1343949239.4983 1663766165.2925 1644476997.7799 1798938951.9596 1329566649.3988 
1499762793.0763 2072039097.1272 1361516871.3111 1569691580.6957 1074067994.4862 1602296714.0450 1380519606.9515 1132334254.0108 1383265724.3543 1608927965.9468 1713231510.6599 
1938268913.6876 1238905277.7621 1978359825.4727 2074539100.3066 2145286727.6070 2011555709.6795 1337559480.9235 1234572239.8842 1474860189.0918 1107464251.3318 1125642816.9725 
1764488430.8396 1688798359.1108 1496581167.0534 1971668311.1331 2038766478.4030 2127693094.6209 1860753784.8448 1130407300.9990 1092333576.5023 1077081550.0090 1582294122.6116 
2147082583.1177 1711540947.9551 2114928057.6211 1361365742.9758 1336441796.7957 1919183570.7744 1659439139.2848 1796351396.5564 1700721220.9933 1131610551.5262 1971410644.2380 
1078288342.4919 2120086021.5572 1739069630.1957 2128984386.0839 2135112154.2064 1166542210.7625 1384718584.5797 1589346523.7992 1564338529.2697 2031574134.4830 2081898493.7883 

1,1 1,-1 -1,-1 -1,1 1,1 -1,-1 -1,1 1,1 1,-1 -1,-1 1,-1 
-1,-1 1,1 -1,1 -1,-1 1,-1 -1,1 1,1 -1,1 -1,-1 1,-1 -1,-1 
1,-1 -1,1 1,-1 1,1 -1,-1 1,-1 -1,-1 1,-1 -1,1 -1,1 -1,1 
-1,1 -1,-1 1,1 1,-1 -1,1 1,1 1,-1 -1,-1 1,1 1,1 1,1 

-1,-1 -1,1 1,1 -1,1 1,-1 1,1 -1,-1 1,-1 1,1 -1,1 1,1 
1,-1 -1,-1 -1,1 1,-1 1,1 1,-1 1,1 -1,1 1,-1 -1,-1 -1,1 
1,1 1,-1 1,-1 1,1 -1,-1 -1,1 1,-1 1,1 -1,-1 1,1 -1,-1 
-1,1 1,1 -1,-1 -1,-1 -1,1 -1,-1 -1,1 -1,-1 -1,1 1,-1 1,-1 

1,-1 -1,1 1,-1 1,1 -1,-1 1,-1 -1,-1 1,-1 -1,-1 1,-1 -1,1 
1,1 1,-1 1,1 -1,1 1,1 -1,1 1,-1 -1,-1 1,-1 -1,1 1,-1 
-1,-1 -1,-1 -1,1 -1,-1 1,-1 1,1 -1,1 1,1 -1,1 1,1 -1,-1 
-1,1 1,1 -1,-1 1,-1 -1,1 -1,-1 1,1 -1,1 1,1 -1,-1 1,1 

1,1 -1,-1 1,1 -1,-1 -1,1 -1,-1 1,1 1,-1 -1,1 1,1 1,-1 
-1,1 1,-1 -1,1 1,1 -1,-1 1,1 1,-1 -1,-1 1,-1 -1,1 -1,-1 
1,-1 1,1 1,-1 1,-1 1,-1 1,-1 -1,-1 1,1 1,1 1,-1 -1,1 
-1,-1 -1,1 -1,-1 -1,1 1,1 -1,1 -1,1 -1,1 -1,-1 -1,-1 1,1 

1,1 -1,-1 1,-1 -1,-1 1,1 -1,1 1,1 1,-1 -1,-1 1,-1 1,1 
1,-1 -1,1 -1,-1 1,1 -1,-1 1,1 1,-1 -1,-1 -1,1 1,1 1,-1 
-1,-1 1,-1 1,1 -1,1 -1,1 -1,-1 -1,1 -1,1 1,-1 -1,1 -1,-1 
-1,1 1,1 -1,1 1,-1 1,-1 1,-1 -1,-1 1,1 1,1 -1,-1 -1,1 

1,-1 1,1 -1,1 1,1 1,-1 1,1 1,-1 1,1 -1,-1 1,1 -1,1 
1,1 1,-1 1,1 1,-1 -1,1 1,-1 1,1 1,-1 1,1 -1,-1 1,-1 
-1,1 -1,1 -1,-1 -1,1 -1,-1 -1,-1 -1,1 -1,-1 -1,1 -1,1 -1,-1 
-1,-1 -1,-1 1,-1 -1,-1 1,1 -1,1 -1,-1 -1,1 1,-1 1,-1 1,1 

1,1 -1,-1 1,-1 -1,-1 1,1 -1,1 1,1 1,-1 1,1 -1,1 1,1 
-1,-1 1,-1 -1,-1 1,1 -1,-1 1,1 1,-1 -1,-1 1,-1 1,1 1,-1 
-1,1 1,1 -1,1 -1,1 -1,1 1,-1 -1,1 -1,1 -1,-1 1,-1 -1,1 
1,-1 -1,1 1,1 1,-1 1,-1 -1,-1 -1,-1 1,1 -1,1 -1,-1 -1,-1 

1,-1 -1,-1 1,1 1,-1 -1,1 -1,-1 1,-1 -1,-1 1,-1 -1,-1 1,1 
-1,1 1,1 -1,-1 1,1 1,-1 1,1 -1,-1 1,1 -1,1 1,-1 -1,-1 
-1,-1 -1,1 1,-1 -1,1 1,1 -1,1 1,1 -1,1 -1,-1 -1,1 1,-1 
1,1 1,-1 -1,1 -1,-1 -1,-1 1,-1 -1,1 1,-1 1,1 1,1 -1,1 

1,-1 1,1 1,-1 1,1 1,-1 1,1 1,-1 -1,1 1,1 -1,1 1,-1 
1,1 1,-1 1,1 -1,1 1,1 -1,-1 1,1 1,-1 -1,1 -1,-1 1,1 
-1,1 -1,1 -1,-1 -1,-1 -1,-1 1,-1 -1,-1 -1,-1 1,-1 1,1 -1,1 
-1,-1 -1,-1 -1,1 1,-1 -1,1 -1,1 -1,1 1,1 -1,-1 1,-1 -1,-1 

1,1 -1,-1 -1,1 1,-1 -1,-1 1,-1 -1,-1 1,-1 1,1 -1,-1 1,-1 
-1,-1 1,1 -1,-1 -1,1 1,1 -1,-1 1,-1 -1,-1 1,-1 1,1 -1,-1 
1,-1 -1,1 1,1 1,1 1,-1 1,1 -1,1 1,1 -1,1 -1,1 -1,1 
-1,1 1,-1 1,-1 -1,-1 -1,1 -1,1 1,1 -1,1 -1,-1 1,-1 1,1 

-1,1 1,1 -1,-1 1,-1 1,1 -1,-1 -1,1 1,-1 -1,1 1,-1 1,1 
1,1 -1,-1 1,-1 1,1 -1,1 1,1 -1,-1 -1,1 1,-1 -1,1 1,-1 
-1,-1 -1,1 1,1 -1,1 -1,-1 1,-1 1,-1 1,1 1,1 -1,-1 -1,1 
1,-1 1,-1 -1,1 -1,-1 1,-1 -1,1 1,1 -1,-1 -1,-1 1,1 -1,-1 

-1,1 -1,-1 -1,1 1,-1 -1,1 -1,-1 1,-1 -1,-1 1,-1 -1,-1 1,1 
1,1 -1,1 1,-1 -1,1 1,1 1,-1 1,1 1,-1 -1,-1 -1,1 -1,-1 
1,-1 1,-1 -1,-1 -1,-1 1,-1 -1,1 -1,1 -1,1 1,1 1,1 -1,1 
-1,-1 1,1 1,1 1,1 -1,-1 1,1 -1,-1 1,1 -1,1 1,-1 1,-1 

-1,-1 -1,1 -1,-1 -1,1 -1,-1 -1,1 -1,-1 1,1 1,-1 1,1 -1,1 
-1,1 1,1 -1,1 1,-1 -1,1 1,-1 -1,1 -1,-1 1,1 -1,1 -1,-1 
1,-1 1,-1 1,-1 -1,-1 1,1 1,1 1,-1 -1,1 -1,-1 -1,-1 1,-1 
1,1 -1,-1 1,1 1,1 1,-1 -1,-1 1,1 1,-1 -1,1 1,-1 1,1 

1,1 -1,-1 -1,1 1,1 -1,-1 1,1 -1,-1 1,1 1,-1 1,1 -1,1 
-1,1 1,-1 -1,-1 -1,1 1,-1 -1,-1 1,1 1,-1 -1,1 -1,-1 1,-1 
1,-1 1,1 1,-1 1,-1 1,1 1,-1 1,-1 -1,-1 1,1 -1,1 -1,-1 
-1,-1 -1,1 1,1 -1,-1 -1,1 -1,1 -1,1 -1,1 -1,-1 1,-1 1,1 

1,-1 -1,1 1,1 1,-1 -1,-1 -1,1 1,1 1,-1 1,1 -1,-1 1,1 
-1,1 1,-1 -1,-1 1,1 -1,1 -1,-1 1,-1 1,1 -1,-1 1,1 -1,-1 
1,1 -1,-1 -1,1 -1,-1 1,1 1,1 -1,-1 -1,-1 1,-1 -1,1 1,-1 
-1,-1 1,1 1,-1 -1,1 1,-1 1,-1 -1,1 -1,1 -1,1 1,-1 -1,1 


8 5 1 7 
4 8 7 10 
7 10 1 2 
4 1 2 0 
6 10 7 2 
3 1 5 6 
9 4 3 6 
1 3 6 7 
9 6 1 0 
6 10 5 4 
10 2 5 0 
7 10 1 3 
2 4 3 6 
8 7 3 1 
1 2 4 7 


