1391692270.2031 1945562672.7095 1080226233.6979 2037561323.1470 1077920255.2112 1368844156.9768 1414564864.8972 2064521334.3297 1540177774.6407 1587474407.9784 1569089983.1222 
1493895768.1689 2090334240.7267 1811955485.9151 1526384213.4543 1577686520.0158 1413732114.3739 1723404045.4946 1268125272.6775 1862579281.5513 1714250319.3297 1544487965.7944 
1567319375.6928 1935805595.2230 1309810588.0492 1216014998.6938 1614060769.9856 2110800304.7014 1362178954.6712 1426641664.7442 2051805001.3354 1935074347.4858 1999721449.9688 
1726378033.1663 1919852884.5600 1837966445.6893 1698422301.1859 1590851661.4617 1473288088.9646 2059358129.4145 1399668485.1007 1255907628.9921 1213369779.8269 2137157124.7703 
2017779012.5600 1362394551.6525 1754155044.7365 1176688878.2610 1814159802.3912 1347665225.0396 1692632807.4021 1085703093.6805 2145729605.1117 1210046897.8992 2032916678.1671 
1442970536.2005 1278676495.9111 2080321661.8319 1822115842.5625 1141460744.6145 1253661894.1608 1181896917.7216 1806412200.1441 1355691519.9115 1888664895.4014 1645351337.4212 
1120154163.6703 1172845188.3324 1855159545.8473 1507496328.0676 1188194443.8295 2108808136.7124 1636349061.3351 1177504196.2686 2085501469.5249 1794899231.0762 1404609392.3523 
1350332444.7494 2022319483.0838 1247932161.5813 1526134221.1992 1662507012.1383 1213790922.5242 1391858070.8722 1079722874.2008 1403472000.6170 1290349506.2918 2041971802.1534 
1405007535.0338 1959822213.9330 1185121547.8961 1157399902.2768 1301798940.9514 1590184317.8402 1713974364.9659 1663548424.7456 1421655839.8683 1350007328.1609 1796191929.3287 
1837168409.8723 2075241846.2911 1403259094.9159 2109499596.3885 1750639385.8532 1157950761.2287 1891151682.8115 1704046519.4384 2011232284.8704 1103204153.1740 1408695922.8950 
1743643188.5984 1491749715.7847 2092290357.4327 1248800129.2000 1721338439.6741 1958226962.1540 1357755692.0718 2144703048.2948 1130197261.7906 2025450005.7275 1259490810.0926 
1649860044.7767 2004776777.2810 1794926630.7950 1695368204.8375 1379569795.3624 1983032106.3695 2092413338.8902 1709419328.0914 1680963908.1124 1806128014.0263 2004529537.2916 
2003789781.5545 1354741320.1604 1445652684.0522 1955976984.0334 1079676348.7037 1701194291.5301 1447732560.5230 1643348355.0201 1361231817.7188 1843149223.2194 2030331066.5573 
1190195530.7291 1159324105.9894 1242372353.9556 1996321929.1240 1784174883.1142 1371972819.3892 1081912064.5735 1996594168.8028 1315325947.8082 1764081373.3695 1810781686.5386 
1547958791.2878 2016789634.2754 2093556032.5902 1583328681.4172 1152356800.7881 1480702617.1489 1228809323.1699 1926553831.4098 1294319332.1271 1109071273.3539 1382003846.7884 
1447313439.4203 1107971335.2413 1571810009.8567 2072644324.9958 2118380974.2527 1359332168.4977 1568897570.5966 1462411302.1337 2050587065.7806 1845371719.3702 1403259472.3674 
1369723743.2024 2052199350.3751 1495305064.1625 1400302672.1137 1374554275.5659 1108602935.8018 1212665097.4653 1326711405.5004 1541919944.7694 1991994570.9900 1569805257.5471 
1763716800.5182 1540119894.4333 1645571097.5795 1786070023.5105 1564367026.9004 2027531732.7023 1828784234.9152 1356038339.0036 1468071686.2240 1817372419.8637 1562628399.3829 
1564201649.6636 1330051049.7584 1436080118.8081 1756850312.4295 1231243899.4060 1372731621.9479 1516750670.4171 1710396538.2437 1912291442.9758 1215015916.4305 1394539525.9620 
1422687682.0063 1810413264.6652 1730530804.0744 1374899253.0536 1274623091.1563 1160879864.2521 1311037993.6955 1655443318.7092 2031743262.5029 1487116556.0580 1979022410.0664 
1858905855.2914 2077287587.4183 1932085080.4191 1850794837.4350 1288496639.2038 1984197053.0984 2062166295.4794 1421460583.5987 1117798683.9164 1969098914.1391 1398297332.6975 
1541400606.0268 1696527471.6503 1201430365.7694 1902468186.6095 1360243834.6853 1631529635.2900 1958845362.2777 1289439370.8480 1589753461.1092 1905063674.7718 1898558135.4999 
1445999352.1637 1831294116.1304 1775318540.5374 2008726805.6692 1820680261.2334 1894281851.0802 1436118982.6867 1938523984.4028 1185560636.2087 1651512483.6734 1298472638.0558 
1505758192.2287 2122495837.5964 1452320460.2887 1970738976.7316 1814193085.4205 1287971125.7445 1160788742.2187 1340391557.5097 1403498113.7064 2033941022.6887 1464073036.7370 
1794201549.0472 1303447234.7978 1476302512.6343 1199756462.7060 1906363270.0125 1721499853.0062 1762800694.7353 1559069742.2812 1842214463.0712 1324638733.5843 1132982637.6670 
1377311651.4232 1409506307.1623 1998993192.6785 1982468310.7052 2137931478.0201 1473673054.6137 2081652075.9482 1351051552.5361 1755507644.9633 1202979332.3714 1102139388.4869 
1767342317.3958 1512321679.7820 1324180215.7211 1254221343.1914 1718355084.5997 1993199270.8377 1586141548.4907 1945400603.0412 1587986998.4024 1613313542.6751 1924353941.1797 
1873007840.9489 2036693708.7478 1953468797.2363 1358356496.3332 2134043929.4870 1265886449.9947 1304888185.0101 1209638505.6633 2075060263.0102 1347028522.9424 1965822083.1734 
1179556882.3481 1604878401.1424 1160741763.4520 1310865423.1145 1565530840.7749 2069128600.3495 1709887422.3569 1928293855.0062 2029847794.4302 1125875122.3869 1660643621.0610 
1577604969.2794 1331782284.6593 1987741051.8712 1610425056.2953 1655292717.3228 1412836235.2478 1706497323.9674 1803143950.3575 1763004724.2123 1750509225.5563 1105823583.6615 
1610913179.5840 2053716863.5141 1214558931.7777 1973617702.9248 1420084993.0835 1908586447.3870 1401524046.1076 2092792146.7938 1852121627.6890 1335591968.6316 1787776845.5009 
1759002264.4399 1244709186.2605 1520248566.9696 1858065508.2571 1249104622.5701 1368560729.2286 1431276923.6946 1442629827.5453 1187426531.1596 2083602070.6790 1272499476.7243 
1185726546.6551 1651941393.9723 2098866606.1581 1780814955.6636 1659944999.3614 1163939155.9265 1176165689.5130 1548213634.0489 1983597630.7390 1611595778.3684 2047016377.8501 
2056535191.1213 1355461903.9662 1500480852.2428 1841434344.0322 2124042831.7233 1815311230.2342 1975430765.6358 1916186614.2352 1596794281.7711 1809034780.7865 1364209069.4447 
1076121360.3061 2078798383.5592 1566893539.9030 1880933665.3392 1873358070.6261 1851521534.3164 1537669756.6233 1286089578.5691 2027435180.8001 1320859686.6865 1168053047.1235 
1581118769.0870 1288784202.1196 1630298016.5194 1157133442.8919 1316273551.8795 1193270806.7542 1165701625.0636 1764427813.8546 1847489080.7842 1507218075.0354 1651698294.0835 
1517910625.7144 1527958367.1521 1941873598.6749 1865654499.5574 1443190748.6451 1848127907.1649 2063520163.0532 1929101920.1674 1133865878.4200 1381109399.3393 1134295826.1285 
1185552190.0221 1578653622.0394 1323513818.8588 1637254370.8327 2056286708.6723 1702404456.8446 1433037692.4805 1785563756.6451 2119728038.9554 1111976798.8100 1162238030.8235 
1777772402.2597 1106544370.5338 2099900249.6805 1093015802.1127 1075049514.8465 1678719589.7979 1395145194.5787 2055847443.3361 1676038507.3822 2121253760.7718 1320715146.9452 
1369638799.6800 1450673849.1500 1822837037.7069 2131211917.1806 2136744961.6414 1997647530.8155 1116885706.8674 2022344518.0434 1352141305.3742 1109635573.3906 1970090502.2525 
2025940888.0425 1470563086.1310 1270579884.8530 1430931991.8600 1385569244.2926 1449463445.8265 1180415700.1355 1648123434.4041 1137115648.3816 1505178157.3888 2077515458.0149 
1174714780.9971 1988688044.6038 1178433309.8045 1086328772.3660 1857921127.7404 1267098378.4569 1077851199.7836 1566994362.1209 1813599454.0655 1342770377.6496 1878501582.2663 
1189597996.4549 1446079245.0800 1720716149.6527 1635710113.4833 1592701906.6547 1904055799.8465 1721485439.4470 1934793945.7826 2088045476.8565 1910435423.0942 1718494575.8735 
1785698174.2362 1145643689.1003 1828018469.9330 1282299222.9418 2073077186.1779 1213245476.2975 1906413326.5826 1337727749.5405 1591707722.0337 1195093666.4054 2039138539.6434 
1227885279.1947 1488666960.7700 1503692391.2578 1275777521.6401 1664539962.2562 1742943026.4276 2005380784.2834 1246895223.5118 1459644694.5218 1124570008.2657 2071168019.7291 
1130337510.2784 1977089526.2800 1244516548.0917 2073867237.4775 1485609089.7344 1315213910.6502 1409877374.6628 1780383253.3791 1247658471.5987 1360269234.4028 1759989608.6084 
1343271011.5796 1425445380.7625 1941529440.3701 1259867023.2997 1202452440.3044 1728624086.4467 1584141754.3258 1848182151.7996 1563838999.0124 1878434593.4309 2081040100.2609 
1416685734.8076 2027950337.8944 1703316567.0745 1286886963.4829 1510317979.5592 1826471353.5072 1749570626.2687 1671871523.8428 1492429597.0738 1252000316.4711 1763481764.2592 
1291926581.8627 2091374186.5422 1160469791.9474 1247411620.9268 2071575874.1333 1729086525.5281 2020534349.8514 1221882607.5859 2137574422.8952 1923110561.2378 1969598541.8077 
1175486239.9002 2011243363.6625 1762814145.8750 1161330674.5160 1418998053.8242 1797117990.7764 2011961859.7828 1493583503.2474 1773763956.9880 2062255279.5523 1976671288.8122 
1167918968.2471 1677548413.6274 1608677308.6115 1998068154.9635 1152037491.1921 1984581522.6191 1563173793.0236 1393318975.7729 1394583486.9276 1492920193.4157 1205788140.7677 
2084414997.8845 1529127766.8256 1348493209.7744 1296455831.5132 2008005739.4122 1977993660.2365 1859867321.7409 1383185978.2966 1367436418.0977 1684411491.1311 1682132268.3929 
1784985929.6507 1936097997.7621 1262775396.2939 1098332350.4694 2072506222.3847 1553257905.1456 1447016021.7176 1739602188.0018 1990705883.1231 1206608562.6231 1932920975.6643 
1377102748.0358 2044462749.1187 1745946023.8464 1251505485.0838 1675405803.8044 1221586016.4822 1226776850.2258 1920367563.4971 1273744615.6919 1894376381.0600 2009740154.9608 
1287773568.6679 1640577190.6194 1826930892.9643 1340248252.4840 1354686118.5394 1266955877.4537 1579614642.6357 1346986329.9020 2021881875.8954 1555331632.9427 1508351714.5044 
1506489154.3205 1316538148.5665 2134642648.2017 1637356643.0265 1408686969.3696 1263495609.0811 1440304217.9246 1123614624.3991 1860312246.5555 1135410827.5480 1755317007.7792 
1268867891.4408 1778168334.7847 1289733303.3031 2085636193.3715 1217657571.5930 1299486178.5480 1238532883.4122 2088210743.1605 1459172147.9673 1722848656.1246 2039889997.0496 
1351222982.1908 1663708063.7195 1552569421.7396 1239218920.6357 1636303675.6088 1374463297.0968 1944707262.3684 1639955937.5245 1158491816.9797 1340821835.5335 2082976253.7067 
1092191613.1585 1079190017.8999 1907255109.4158 1925958995.1764 1342601588.0167 1454391190.5503 1562310334.0575 1421209827.0412 1213635463.5432 1965221283.6895 1528850422.9713 
2098940209.8027 2084876297.0228 1133779352.0677 1512842756.2848 1861616737.2998 1910207180.4790 1689266751.0600 1887197834.0830 1592136701.8899 1226422792.7919 2048302830.3453 

1,1 -1,1 1,-1 -1,1 1,1 -1,-1 1,1 1,-1 -1,1 1,-1 1,1 
-1,-1 1,1 -1,1 1,1 1,-1 1,1 -1,1 -1,-1 1,-1 1,1 -1,1 
-1,1 -1,-1 -1,-1 -1,-1 -1,-1 1,-1 1,-1 -1,1 1,1 -1,1 1,-1 
1,-1 1,-1 1,1 1,-1 -1,1 -1,1 -1,-1 1,1 -1,-1 -1,-1 -1,-1 

-1,-1 1,1 -1,-1 1,-1 -1,-1 1,1 -1,-1 -1,1 -1,-1 -1,1 1,-1 
1,1 -1,1 1,1 -1,1 1,1 -1,-1 -1,1 -1,-1 -1,1 1,-1 1,1 
-1,1 1,-1 -1,1 -1,-1 -1,1 -1,1 1,1 1,-1 1,1 1,1 -1,1 
1,-1 -1,-1 1,-1 1,1 1,-1 1,-1 1,-1 1,1 1,-1 -1,-1 -1,-1 

-1,1 1,-1 1,1 1,-1 1,1 -1,-1 -1,1 1,-1 1,1 -1,1 1,1 
1,-1 1,1 1,-1 -1,1 -1,-1 1,1 -1,-1 1,1 -1,-1 1,1 1,-1 
-1,-1 -1,-1 -1,-1 -1,-1 1,-1 -1,1 1,-1 -1,-1 1,-1 1,-1 -1,-1 
1,1 -1,1 -1,1 1,1 -1,1 1,-1 1,1 -1,1 -1,1 -1,-1 -1,1 

-1,-1 -1,1 -1,-1 1,1 -1,1 -1,1 -1,1 -1,1 -1,1 1,1 -1,-1 
-1,1 1,-1 1,1 -1,1 1,1 1,1 1,1 1,1 1,-1 1,-1 -1,1 
1,-1 1,1 -1,1 1,-1 -1,-1 1,-1 1,-1 -1,-1 -1,-1 -1,-1 1,1 
1,1 -1,-1 1,-1 -1,-1 1,-1 -1,-1 -1,-1 1,-1 1,1 -1,1 1,-1 

-1,-1 -1,-1 -1,-1 -1,-1 1,1 1,-1 1,-1 1,-1 -1,1 -1,1 -1,1 
-1,1 1,1 1,1 -1,1 -1,1 -1,-1 -1,-1 1,1 1,1 1,1 1,1 
1,-1 -1,1 1,-1 1,1 -1,-1 -1,1 1,1 -1,-1 1,-1 1,-1 1,-1 
1,1 1,-1 -1,1 1,-1 1,-1 1,1 -1,1 -1,1 -1,-1 -1,-1 -1,-1 

-1,-1 -1,1 -1,1 1,-1 1,-1 1,-1 -1,-1 -1,-1 -1,1 1,1 1,1 
1,1 1,1 -1,-1 1,1 -1,1 1,1 1,1 1,-1 1,-1 1,-1 -1,-1 
1,-1 1,-1 1,1 -1,-1 -1,-1 -1,-1 1,-1 -1,1 1,1 -1,1 -1,1 
-1,1 -1,-1 1,-1 -1,1 1,1 -1,1 -1,1 1,1 -1,-1 -1,-1 1,-1 

1,1 1,-1 1,-1 1,-1 -1,-1 -1,-1 -1,-1 1,1 -1,-1 -1,-1 -1,-1 
-1,-1 -1,-1 -1,1 1,1 1,1 1,-1 -1,1 -1,1 1,-1 1,-1 -1,1 
1,-1 -1,1 1,1 -1,1 1,-1 -1,1 1,-1 -1,-1 1,1 1,1 1,-1 
-1,1 1,1 -1,-1 -1,-1 -1,1 1,1 1,1 1,-1 -1,1 -1,1 1,1 

-1,-1 -1,-1 -1,-1 1,1 -1,-1 1,1 -1,1 -1,-1 -1,1 1,1 1,1 
-1,1 -1,1 1,-1 1,-1 -1,1 1,-1 1,-1 1,-1 1,-1 1,-1 1,-1 
1,-1 1,1 1,1 -1,-1 1,1 -1,-1 1,1 1,1 1,1 -1,1 -1,1 
1,1 1,-1 -1,1 -1,1 1,-1 -1,1 -1,-1 -1,1 -1,-1 -1,-1 -1,-1 

1,1 -1,1 -1,1 -1,-1 -1,-1 -1,-1 -1,1 1,1 1,-1 1,-1 1,-1 
-1,-1 -1,-1 1,-1 1,-1 1,1 1,1 1,-1 -1,-1 -1,-1 1,1 -1,-1 
-1,1 1,-1 1,1 -1,1 -1,1 1,-1 1,1 -1,1 -1,1 -1,-1 -1,1 
1,-1 1,1 -1,-1 1,1 1,-1 -1,1 -1,-1 1,-1 1,1 -1,1 1,1 

1,-1 1,-1 -1,-1 -1,1 -1,1 1,-1 -1,1 -1,1 -1,1 1,-1 -1,1 
-1,-1 -1,1 1,1 1,1 -1,-1 1,1 -1,-1 1,1 -1,-1 1,1 1,1 
1,1 1,1 -1,1 1,-1 1,1 -1,-1 1,1 1,-1 1,1 -1,-1 -1,-1 
-1,1 -1,-1 1,-1 -1,-1 1,-1 -1,1 1,-1 -1,-1 1,-1 -1,1 1,-1 

-1,1 -1,1 1,-1 1,-1 -1,1 -1,1 1,1 -1,-1 -1,-1 1,1 -1,-1 
1,-1 -1,-1 -1,-1 1,1 1,1 1,-1 1,-1 1,-1 -1,1 1,-1 1,-1 
1,1 1,1 1,1 -1,1 -1,-1 1,1 -1,-1 1,1 1,-1 -1,1 -1,1 
-1,-1 1,-1 -1,1 -1,-1 1,-1 -1,-1 -1,1 -1,1 1,1 -1,-1 1,1 

-1,1 -1,-1 1,1 -1,1 -1,1 -1,-1 -1,-1 -1,1 -1,1 -1,1 -1,-1 
1,-1 1,-1 1,-1 -1,-1 1,-1 1,-1 1,-1 1,-1 1,1 1,-1 1,-1 
1,1 1,1 -1,-1 1,-1 -1,-1 1,1 1,1 -1,-1 1,-1 1,1 -1,1 
-1,-1 -1,1 -1,1 1,1 1,1 -1,1 -1,1 1,1 -1,-1 -1,-1 1,1 

-1,-1 -1,1 -1,1 -1,-1 -1,1 -1,-1 -1,-1 -1,-1 -1,1 -1,1 -1,1 
1,1 1,1 1,1 1,1 1,1 1,1 1,-1 1,1 1,1 -1,-1 -1,-1 
-1,1 -1,-1 1,-1 1,-1 -1,-1 1,-1 -1,1 1,-1 -1,-1 1,1 1,1 
1,-1 1,-1 -1,-1 -1,1 1,-1 -1,1 1,1 -1,1 1,-1 1,-1 1,-1 

-1,1 1,-1 -1,-1 -1,1 1,1 -1,1 1,1 -1,-1 -1,-1 1,1 -1,1 
1,1 1,1 1,1 1,-1 1,-1 1,-1 1,-1 -1,1 1,-1 1,-1 -1,-1 
1,-1 -1,-1 -1,1 -1,-1 -1,-1 1,1 -1,-1 1,1 1,1 -1,1 1,1 
-1,-1 -1,1 1,-1 1,1 -1,1 -1,-1 -1,1 1,-1 -1,1 -1,-1 1,-1 

1,1 1,-1 -1,-1 -1,-1 -1,1 -1,-1 -1,1 -1,1 -1,1 -1,1 -1,1 
-1,-1 -1,1 -1,1 1,1 1,-1 1,-1 1,-1 -1,-1 1,1 1,-1 1,-1 
1,-1 1,1 1,-1 1,-1 1,1 1,1 -1,-1 1,-1 1,-1 -1,-1 -1,-1 
-1,1 -1,-1 1,1 -1,1 -1,-1 -1,1 1,1 1,1 -1,-1 1,1 1,1 


1 0 9 5 
0 4 6 10 
5 1 2 7 
1 4 2 6 
0 7 9 3 
8 10 0 3 
7 1 2 3 
8 6 0 10 
4 0 1 2 
5 1 0 6 
6 4 8 3 
6 5 9 3 
6 7 9 4 
6 2 1 3 
10 2 1 0 


