1849631990.7575 1811280011.0898 1553343712.1929 1152783275.1151 1507394685.0115 1412820727.2432 1946975712.0700 1274334973.4377 1507321936.8199 2106928817.8203 1712637500.6979 
1376626944.5156 1743856319.6149 2093742513.5134 1150118363.4732 1228058212.3947 1970383969.0721 2026097677.3395 1853384643.2147 1905234630.5470 1198714266.1861 1428718776.9111 
1587893820.1596 1767881676.5898 1705327008.6830 1488471518.4051 1485674409.2114 1277745942.1265 2048307456.5192 1360703439.5778 1470725071.7373 1730960146.0496 1798032909.8078 
1843578004.7865 1966135712.8533 1601527414.6956 1477908755.5213 1524972339.5799 2043482499.8998 2065795578.4725 1117303014.2196 1389965461.2205 1652633634.9221 1776748382.7758 
1621842798.4994 1716000643.7388 1143472867.6196 1702254031.3262 1137650608.5281 1408852924.4858 2022913041.5872 2047276203.4711 1921978346.0295 1847616069.3330 2122278047.6021 
1205618182.3545 1085478338.6240 1553938694.3015 1402460456.0042 1663714481.7229 2002519436.2089 1489501020.3438 1163981512.9690 1275148321.9367 1641925271.3108 1885361633.0693 
1982707562.8829 1589588113.3819 1883172448.9574 1078190866.4071 1524294507.7395 1996210675.0508 1558512834.5333 2098301157.4511 1972439720.9166 1104936477.5706 1694474921.7190 
1443981651.9312 1197493379.7489 2051953209.9364 2115555123.8138 1092199675.6328 1129477437.0099 1620971128.2171 1621960716.3292 2087305432.5074 1371656210.8005 1121002010.1320 
1931540263.1746 1659901387.9932 2108300231.9647 1347473940.0911 1250670008.9934 1320884814.9355 1913894209.5148 1988797147.6950 1537706859.9930 1312551666.3841 2081486960.9525 
1647642111.0200 1720004284.6574 1318834867.1169 1643894295.7197 1085487762.2347 1653467189.4680 1594699285.1300 1367130588.9787 1533636586.0971 1658089005.8504 1636819149.3412 
1898527511.1192 1920608291.3660 1979545457.2333 1741814134.7759 1165792800.1663 1815114542.6154 1106828813.2875 1965261427.2813 1286610671.0599 1715766568.5881 1629816698.7406 
1146152301.1147 1178411263.3086 1198327993.7977 1578461671.0274 1731596123.2366 1956214022.4325 1122614798.5988 1141336578.0609 1999825762.3840 1802668859.0537 1795054588.5239 
1151037641.3320 1861155018.6789 1918789223.8734 1731654721.2657 1636903848.0938 1080589510.5203 1292520400.2963 1172355322.3338 2091111004.2332 1280883518.9998 1916685759.4524 
1586124755.6677 2129920369.0817 1348187397.7989 1652792865.9517 1548135486.8091 1233483915.4287 1909699820.9791 1804321574.1964 1883745506.5413 1542109294.8241 1305196891.3323 
1360382019.2198 1596065380.3385 1613432873.3996 1859989600.0537 1764704853.1089 2056416465.1470 1451164329.1261 1080513058.3542 1522842283.9124 1281424132.5194 2140089204.3915 
1485396171.0117 1683411233.3267 1199179286.6147 1863030884.9550 1554279349.7152 1554907752.8122 2071769550.7117 1253258501.6007 1488549976.3501 1756285787.0774 1369498005.6165 
2027608583.5854 1421957610.6378 1831251664.9708 1967208089.3838 1672108137.1542 1742471454.1585 1924140942.5170 1118021712.5788 1413656095.3673 2000178491.1574 2074765896.5677 
1737197428.5019 1463184542.8112 1717883256.5224 1538997859.2220 1641020112.7938 1784410603.8912 1842183467.1720 2086391372.5512 1520626845.7855 1680236929.0520 1214591992.7858 
1481444088.7251 1274080846.5151 1929329406.7240 1286428335.8424 1839029801.2759 1690366585.0006 1310995009.6540 1611880440.8322 1779906571.8292 2041886472.6077 1289701917.2586 
1129965894.2358 1876847972.2783 1829867194.6095 1564942604.6738 1505744460.7210 1669080675.5666 1550489439.2857 1674242213.7621 1103677338.2657 1855979238.0149 1448738272.4281 
1926792660.1551 1235554623.4415 1588029017.3857 1798684304.6766 1967074458.9995 1757151785.1875 1427963891.4486 1654527342.8136 2124015857.4201 1458686635.6909 1206666904.3440 
1240649231.4762 1518829534.6935 2080645171.8585 1370805394.1741 2009427583.3006 1224389545.1626 1234626381.1745 1803761812.3218 1120601554.4496 1724332443.8475 1236354182.4139 
2065521924.5880 1456870580.3941 1511939569.4152 1529850339.9221 1679617948.7379 1729762889.9212 1999722137.6255 1580841667.0361 1537527130.6826 1911927072.0357 1096037776.9680 
1808533401.6807 1685364547.8198 1561841975.7399 1762341789.6933 1884053081.9923 1114667767.8332 1398937604.1044 1320040369.3316 1928330775.4193 1902946843.6010 1323863836.8976 
1838109149.2591 1630817760.2398 2038443096.7804 1154871591.1839 1437781821.7906 1217180349.2450 1887181031.8604 1381862873.5626 1785806683.1323 1077106174.8857 1694530490.4088 
1138137961.5813 1197183687.6029 1479746468.9797 2102711662.0006 2127690710.0795 1534645878.5224 1879364618.4556 1933761050.4024 1607687452.8253 2065026175.7789 2043274950.0603 
1846408176.6439 1964365815.0016 1669905412.4074 1582725179.7704 1683964052.5600 1389239142.1183 1878664113.4482 1121404002.1634 1155292027.5978 2054677969.6556 1767345115.8145 
1745323910.5209 1393746203.8474 1806732248.6551 1295107866.8599 1430707354.8248 1772365386.8947 1408639880.4979 1300204965.7468 1706458738.9734 2048911634.2844 1730061753.1503 
1664170784.6520 1116345471.9547 1341640469.6814 1665631688.7250 1289968460.0500 2012358657.6437 1345964687.2155 1677228040.0787 1132860033.6610 1250658424.3457 1751440802.7458 
1414704619.2400 1918587278.7876 1949352500.8880 1420241472.1752 1697168517.4148 1646322685.2008 2123968097.2073 2006806673.8276 2000590183.3732 1260537014.0315 1349441112.1849 
1151407234.2968 1744617946.9630 1657242859.5677 1264689894.8724 1953231438.2492 2050155740.1198 1625813538.2900 1408677686.0290 2055796328.7463 1701224101.5056 1751525364.0392 
1343629726.8356 1733486168.8568 1751258064.5338 1375838171.7736 1838845857.0301 1362507892.7556 2021400654.8725 1959666432.5530 1928271955.3690 1789777502.5352 1751729043.5910 
1452979822.0315 2011682157.4301 1746086305.7936 2076131259.4497 1370047555.8458 1291543468.7009 1227231518.7390 2111125038.2332 1848210315.1654 1561106274.7303 1800406548.4709 
1109442386.1797 1131115855.4592 1504025276.4311 1323827321.7901 1618348455.2687 1395524022.5923 1405603781.1954 1702186904.8595 1843451620.6601 1241176199.6890 2100606739.8596 
1376366102.4058 1572627054.9140 1626211322.4746 1682522097.8973 1377356931.8220 1617417119.7103 1799918365.1799 1083610100.8349 1781045800.3915 1176621624.2179 1937846741.9801 
1227465454.9473 1947931441.4121 1369883337.5065 1424124409.0392 1577938639.1931 1790849284.6983 1535736325.7781 1850303476.4628 1204487477.7800 1366855552.0368 2051958539.4273 
1107616297.9168 1899391719.3831 2080777336.2788 1641390583.4604 1505543301.0309 1506529080.3409 1912957502.4345 1200846267.6302 1990560441.6202 1092331885.8784 1367784573.7665 
1908608522.5647 1823876657.1737 1452116621.1846 1903743253.0739 1203789876.5188 1456372645.6604 2008998137.4811 1629838675.6792 1803217921.3987 1723763193.2547 1340143374.0554 
1384936060.7467 1185650141.6252 1341193898.5849 1748118936.8068 1616250282.4296 1319155828.6001 1785175339.8632 1159183706.5210 1586643174.6774 1461175475.5162 1225225968.8399 
1872731746.3150 1263924952.8673 1354646549.2050 1514973207.3750 1458506991.0981 1120376533.8577 1297290568.6887 1919231475.8624 1409278537.9267 1504067830.9350 1377096810.1728 
1891162493.9294 1822217424.6331 1939455273.1527 1463473296.7561 1852052648.4073 1668262252.4016 1299331802.1465 1574933440.5172 1439475516.8513 1130976133.9202 1166728512.5234 
1786808599.9123 2035062202.1192 1402958789.4549 2063892996.9957 1413071411.6047 1914015651.0012 1229229578.9381 1881295614.6567 1810824701.4006 1758319800.3203 1663366840.8092 
1082950018.6317 1295127980.2729 1828639977.8529 1899986994.8812 1485077864.8829 2042123481.6696 1589555110.3928 1579041328.9158 1442610531.5040 1932259737.7023 1841053252.2928 
1194203539.8748 1457218535.6350 2008165822.1006 1758886823.2853 1558669072.6494 1456083098.0758 2142759775.8396 1631829167.5490 1620674654.3070 1548512572.9405 1358853482.4967 
2003429935.7550 1683494940.6503 1627389660.6687 1768365472.1993 1610306250.3809 1701553515.9360 1654270741.0268 1351967326.1928 1370313773.2717 1496297678.9751 1145992781.1454 
1376055784.7442 1479552941.8986 1858916470.7589 1732380310.6801 1503609336.1483 1552815301.7481 1263589943.0827 1409609584.6343 1771177294.7747 1421974485.7118 1187382199.5032 
1368009059.1656 1535247471.9739 1403377672.2206 1800916186.5291 1442890132.9789 1208281820.7163 1336096082.7040 1874818661.5274 1657221112.0665 2084926334.9661 1966666084.7350 
1373903110.1345 1388666717.4664 1980435601.5629 2039579503.0198 2008370750.3728 1418762987.5724 1523364172.1818 1408012613.2218 1558925005.0785 2089513359.6687 2088833236.2485 
1142106074.5439 1715485844.6415 1096661345.0470 1424661576.7035 1201726120.5468 1672179315.7097 2091337363.5405 1985161933.4273 1518407270.0245 1568810955.0770 2082413637.5332 
1598538288.2268 1288307157.9507 2032721487.6607 1600517326.8196 2033355499.1333 1536881654.7223 1943410259.5133 1842173625.5620 2023809380.4158 1938799196.8852 1923262826.0496 
1113421762.7020 1953599718.3693 1625783463.1069 1410871543.2957 1190966872.1108 1277034196.1358 2059990312.9597 1582332369.2185 1846465404.6371 1201020970.2386 1948540803.9483 
1789560462.6665 1834324286.4693 1614829940.6031 1148821834.3253 1105815988.6338 1547560377.4655 1092176853.7961 1225253052.9205 2021883225.1659 1436095190.8422 1978710687.7541 
1240077393.2754 1936093742.6067 1921433221.8740 2051146505.2562 1704561042.1174 1404286374.3320 1193028345.5748 1489069982.4672 1766658281.6569 1476498635.3952 1383632607.4121 
1562386259.7748 1576545187.7801 1730301461.7363 1075522143.9798 1836070691.6434 1079896415.7729 1972686265.5053 2003033172.8366 2054071060.8902 1837215255.6296 1975286061.5646 
1821492316.0145 1578132969.1412 1229002840.1960 1493080179.0206 1503869562.7974 1806704214.0211 1088688088.9482 1372460279.7532 1962827612.7090 1123228469.8598 2056137994.2157 
1538347836.5279 1594004627.6627 1987609350.1199 2061881886.6850 1355343835.8113 1707561654.0116 2048073943.9154 1966822579.8147 1387121869.8716 1286436531.8260 2018799139.5075 
1897558480.1348 1503175780.3933 1558664620.8603 1227949868.3285 1261459709.5639 2047802049.0567 2037888856.2529 2079429095.7073 1484076590.2621 1112146765.4672 1199751210.1886 
2116317974.6670 1593041830.5696 1584288564.7091 2124018249.7055 1897112887.1180 1894807910.7706 2013428287.8415 1913612422.1154 1549687438.0807 1808183759.6101 1394762866.3128 
1885197224.6849 2132082368.7353 1632077502.4839 1343326365.9923 1873182344.6127 1616674341.7224 2067921308.1163 1668391725.8696 1638232970.4754 1656227702.9586 1250950182.4146 
1111475801.9332 1082252077.8280 2121062154.0798 1331014792.9552 1699272406.0958 1443511618.9777 2053965056.3679 1627914579.1051 2022725093.5444 1479898284.9717 1116683255.2704 

1,1 1,-1 -1,1 1,-1 1,1 -1,-1 -1,1 -1,-1 1,1 -1,1 1,1 
-1,-1 -1,1 1,-1 1,1 -1,-1 -1,1 1,1 -1,1 -1,-1 1,1 -1,-1 
-1,1 1,1 -1,-1 -1,1 1,-1 1,-1 -1,-1 1,-1 -1,1 -1,-1 -1,1 
1,-1 -1,-1 1,1 -1,-1 -1,1 1,1 1,-1 1,1 1,-1 1,-1 1,-1 

-1,1 1,1 1,1 -1,1 -1,-1 -1,-1 -1,-1 -1,-1 -1,-1 1,1 1,1 
-1,-1 -1,-1 1,-1 1,-1 1,-1 1,1 1,-1 -1,1 1,-1 1,-1 -1,1 
1,1 1,-1 -1,1 -1,-1 1,1 1,-1 -1,1 1,-1 -1,1 -1,1 -1,-1 
1,-1 -1,1 -1,-1 1,1 -1,1 -1,1 1,1 1,1 1,1 -1,-1 1,-1 

-1,-1 1,1 1,-1 1,1 1,1 -1,-1 1,-1 1,1 1,1 -1,-1 1,1 
1,-1 -1,1 -1,1 -1,1 1,-1 -1,1 -1,1 -1,1 -1,1 -1,1 -1,1 
1,1 -1,-1 -1,-1 -1,-1 -1,-1 1,1 -1,-1 1,-1 -1,-1 1,-1 1,-1 
-1,1 1,-1 1,1 1,-1 -1,1 1,-1 1,1 -1,-1 1,-1 1,1 -1,-1 

1,-1 1,-1 1,-1 -1,-1 -1,1 -1,1 1,1 -1,1 -1,1 -1,1 -1,1 
-1,-1 -1,1 1,1 1,1 1,-1 -1,-1 -1,-1 -1,-1 1,-1 1,1 1,1 
1,1 -1,-1 -1,1 -1,1 -1,-1 1,1 -1,1 1,-1 -1,-1 -1,-1 -1,-1 
-1,1 1,1 -1,-1 1,-1 1,1 1,-1 1,-1 1,1 1,1 1,-1 1,-1 

-1,1 -1,1 -1,1 -1,1 -1,1 1,1 -1,-1 -1,-1 -1,1 -1,-1 -1,-1 
1,1 -1,-1 1,1 1,1 1,-1 1,-1 1,-1 1,1 1,-1 1,-1 -1,1 
-1,-1 1,-1 1,-1 1,-1 1,1 -1,-1 -1,1 -1,1 -1,-1 1,1 1,1 
1,-1 1,1 -1,-1 -1,-1 -1,-1 -1,1 1,1 1,-1 1,1 -1,1 1,-1 

1,-1 1,-1 -1,1 -1,-1 -1,-1 -1,1 -1,-1 -1,-1 1,-1 1,-1 1,-1 
-1,1 -1,-1 1,1 1,1 1,-1 1,-1 1,-1 1,1 1,1 -1,1 1,1 
-1,-1 -1,1 1,-1 -1,1 1,1 1,1 1,1 -1,1 -1,-1 -1,-1 -1,-1 
1,1 1,1 -1,-1 1,-1 -1,1 -1,-1 -1,1 1,-1 -1,1 1,1 -1,1 

1,-1 -1,1 1,1 1,1 1,1 -1,1 1,1 1,1 1,1 1,1 1,1 
-1,-1 -1,-1 1,-1 -1,1 -1,-1 -1,-1 -1,-1 -1,-1 -1,1 1,-1 1,-1 
-1,1 1,1 -1,1 1,-1 -1,1 1,-1 -1,1 1,-1 -1,-1 -1,-1 -1,-1 
1,1 1,-1 -1,-1 -1,-1 1,-1 1,1 1,-1 -1,1 1,-1 -1,1 -1,1 

1,1 1,1 1,1 1,1 1,-1 -1,-1 -1,-1 -1,1 -1,1 -1,1 -1,1 
1,-1 -1,1 -1,-1 -1,1 -1,1 -1,1 1,1 1,1 1,1 1,-1 1,-1 
-1,-1 1,-1 1,-1 1,-1 1,1 1,1 1,-1 1,-1 1,-1 -1,-1 -1,-1 
-1,1 -1,-1 -1,1 -1,-1 -1,-1 1,-1 -1,1 -1,-1 -1,-1 1,1 1,1 

-1,-1 -1,-1 -1,1 -1,1 -1,1 -1,1 -1,1 1,-1 1,-1 -1,1 -1,1 
1,-1 1,1 1,1 1,1 1,1 1,1 1,1 1,1 1,1 1,1 -1,-1 
1,1 -1,1 -1,-1 -1,-1 1,-1 -1,-1 -1,-1 -1,1 -1,1 1,-1 1,1 
-1,1 1,-1 1,-1 1,-1 -1,-1 1,-1 1,-1 -1,-1 -1,-1 -1,-1 1,-1 

1,-1 1,-1 1,-1 1,1 1,1 1,-1 -1,1 -1,-1 -1,-1 -1,-1 1,1 
-1,-1 -1,1 -1,1 -1,-1 -1,-1 -1,-1 1,1 1,1 1,1 -1,1 -1,1 
-1,1 1,1 1,1 1,-1 1,-1 1,1 -1,-1 1,-1 1,-1 1,1 -1,-1 
1,1 -1,-1 -1,-1 -1,1 -1,1 -1,1 1,-1 -1,1 -1,1 1,-1 1,-1 

1,1 1,1 1,-1 1,-1 -1,1 -1,1 -1,1 1,-1 -1,1 1,-1 1,-1 
-1,-1 -1,1 -1,1 1,1 1,1 1,1 -1,-1 1,1 -1,-1 1,1 1,1 
-1,1 1,-1 -1,-1 -1,1 -1,-1 -1,-1 1,-1 -1,1 1,-1 -1,1 -1,1 
1,-1 -1,-1 1,1 -1,-1 1,-1 1,-1 1,1 -1,-1 1,1 -1,-1 -1,-1 

1,-1 -1,1 -1,1 -1,-1 -1,-1 -1,-1 -1,-1 1,-1 -1,-1 1,-1 -1,-1 
-1,-1 -1,-1 1,-1 1,-1 -1,1 1,-1 1,1 1,1 1,1 -1,1 1,1 
-1,1 1,1 -1,-1 -1,1 1,-1 1,1 1,-1 -1,-1 1,-1 -1,-1 1,-1 
1,1 1,-1 1,1 1,1 1,1 -1,1 -1,1 -1,1 -1,1 1,1 -1,1 

-1,1 -1,-1 -1,-1 -1,-1 1,-1 -1,1 -1,-1 -1,1 -1,1 1,-1 1,-1 
1,1 1,1 1,-1 1,1 1,1 1,1 1,1 1,-1 -1,-1 -1,-1 1,1 
-1,-1 -1,1 -1,1 1,-1 -1,-1 -1,-1 -1,1 -1,-1 1,1 -1,1 -1,1 
1,-1 1,-1 1,1 -1,1 -1,1 1,-1 1,-1 1,1 1,-1 1,1 -1,-1 

1,-1 1,-1 1,-1 -1,1 1,-1 1,1 1,-1 -1,1 1,1 1,-1 -1,1 
-1,-1 -1,1 -1,-1 -1,-1 1,1 -1,-1 1,1 1,-1 -1,1 -1,-1 1,1 
1,1 -1,-1 1,1 1,1 -1,1 1,-1 -1,1 -1,-1 1,-1 -1,1 -1,-1 
-1,1 1,1 -1,1 1,-1 -1,-1 -1,1 -1,-1 1,1 -1,-1 1,1 1,-1 

-1,-1 1,-1 1,1 1,-1 1,1 -1,1 1,-1 -1,1 1,-1 -1,1 -1,-1 
1,-1 -1,1 1,-1 -1,1 1,-1 1,1 -1,1 1,1 -1,-1 1,-1 1,1 
1,1 -1,-1 -1,-1 -1,-1 -1,1 1,-1 -1,-1 -1,-1 -1,1 -1,-1 1,-1 
-1,1 1,1 -1,1 1,1 -1,-1 -1,-1 1,1 1,-1 1,1 1,1 -1,1 


7 0 6 3 
5 9 1 3 
7 10 5 0 
5 3 8 4 
8 1 5 9 
6 2 7 3 
9 1 8 10 
10 4 0 9 
9 7 3 6 
1 8 4 9 
0 9 4 6 
3 7 6 4 
4 0 10 3 
6 0 9 10 
5 1 0 10 


