1512782321.1009 1891195248.8544 1865705319.9299 2122144182.1752 1480971372.5632 1237445022.2813 1380083994.9870 1263398142.2236 1380543923.1061 1074044008.1468 1461880485.2265 
2063281290.1381 1228878105.6457 1922071941.4439 1514863808.2556 1238421970.0369 1408606864.1595 1477625278.6536 1659040902.9862 1477733808.6430 1221270300.4278 2119439830.0862 
1522974975.9371 1448827327.2139 1995413772.4160 2004726093.7120 1160376664.3073 1708336123.6273 1126337965.6183 1467899322.0039 2076540391.7561 2053674472.6845 1175094244.9091 
1677818222.2841 1637265095.2498 1362668691.6103 1258605084.4205 1922221101.0983 1752612883.6444 1290718856.7977 2144663552.1398 1739050747.0485 1283257218.6484 1233671153.8938 
1776867744.3208 1724276588.5289 2076179996.2589 1781101351.6101 1296170194.2640 1880892210.5583 2090237866.5037 1118759555.0153 1638452815.8513 1636477786.1608 1610820717.6796 
1523358639.2965 1840554912.5814 1105419553.3919 2086983724.3653 1748503393.6337 1881284462.1853 1864120377.8630 1553028360.2408 1787221834.7379 2073466385.3891 2019856510.0947 
1203530062.2638 1759407008.4093 1525007809.6892 1281867626.9681 1679633618.9337 1079376428.9382 2101872008.5560 1775081050.1796 1129748604.4919 1133849492.3857 1642680394.4547 
1260864866.8976 1474974634.3677 1842255942.4119 1585951597.1523 1300802297.4543 2059286521.9770 1342984434.9875 1127065820.2418 1190916988.9424 1136900494.6149 1901386183.0739 
1688479915.0229 1528414699.0907 1731289091.5502 1290130795.9092 1622324106.5509 1190950566.5167 1588046817.2979 1525157054.0612 1907692751.2190 1700279202.8914 2054943767.4267 
1726570580.3567 1289552694.4799 1208649506.6412 1557654565.2880 1300165792.4907 2145525028.5758 1123468795.7174 1949780203.9975 1649167946.2358 1777428689.6527 1648191174.8482 
2072425763.7828 1911614263.3496 1872992246.7435 1465383174.5937 2126379283.6102 1231587973.9765 2014155923.7381 1119072121.0702 1221964792.4097 1993947593.9047 1195311448.9834 
1241018272.6046 1168519422.2555 1443562282.1089 1192739710.9623 1824696318.0208 1226560434.3895 1100117304.0394 1860114285.1566 1311831970.6630 1609093205.8800 1292566902.0614 
1611419820.6066 1917400274.8523 1131854672.8367 1331778756.5529 1847474788.2129 1357740477.7844 1681042408.7439 1338273216.2050 1499185954.2166 1801080957.8602 1826557482.6258 
1144313060.3790 1837683965.0280 1998718736.2547 1121431488.2553 2116602137.7082 1963465852.1385 1364037838.0791 1263445421.6405 1327040700.9263 1116107218.9500 1829895629.2714 
1086066315.9504 1970677340.7914 1893413774.0119 1589625504.5358 1658127663.0404 1328174746.8563 1980453507.1304 1502419963.6597 1707588082.0837 1577055720.1836 1334789092.3635 
1716494920.6509 1365329489.1946 1082182573.0806 1115618906.5994 1871978221.9889 1379799551.5778 1115561715.8597 1275747219.9860 2110599331.4345 1126674321.3790 1378778297.0534 
2064617944.2509 1251797588.6282 1993875217.8871 1884751089.0590 1752230853.3899 1404592982.9138 1416186028.6823 1551290853.5395 1224807948.6157 1889979260.5595 1999498863.0378 
1508087559.7209 1797630045.0243 1905811444.1914 1782746320.7444 1617418651.9373 1834044962.7237 1410032139.7263 1663950935.9819 1221173840.3318 1829434426.0612 1755493046.9643 
1871638494.3799 1371378392.9112 2054671297.3273 1368146405.3905 2082467549.0584 1382642050.9477 1323927879.3002 1857000903.7779 1847871894.2957 1380648274.9136 1570688934.9260 
1587651034.2702 1696086730.6228 2068403859.1274 2079004070.5286 1809623194.2389 1601084201.7705 1998251995.5372 1093499521.5764 1919250501.9185 1705539394.8515 2099801217.6367 
1199884479.9372 2063182670.1605 1751432433.8606 1758841085.4950 2041092486.7407 2015000260.7201 1594583920.6212 1815610553.9935 1655733309.1806 1406723581.6904 1875986217.2853 
1085503589.6718 1469517682.4205 1132910883.5431 1531459490.5052 2030362940.1584 1339854485.1179 1771313699.8456 1232978033.1034 1555128075.6897 1642481270.0362 1624807038.6781 
2014274082.2158 1779939414.6104 2105896715.4244 1755615021.6603 1488760977.4779 2122656999.0700 1081329420.2045 1419342444.2052 1365170177.0695 2052620418.2376 1180436430.1647 
1172129834.6230 1818372136.2144 1556572984.2015 1788852166.9809 1569278079.1791 1991679422.1046 1564660894.5758 1483630078.9957 2037021601.8340 1566852220.4425 1718504054.8645 
1456475636.0037 1241422539.0723 1858356409.5619 1193503339.7950 1974208377.1365 1315875507.1093 1281572227.7212 1398142099.3596 1529660682.3010 1404622439.9975 1864205520.3301 
1458811766.3194 2042465926.6018 1499061623.4886 1459698201.0693 1396573040.9378 1562823769.0518 1645096350.2680 1279099604.3228 1556839392.6557 1326783562.1356 1126188912.4469 
1107755582.5020 1201572548.8233 1767888736.0969 1900781084.9203 1146176183.2821 2006172655.2664 1160640935.1289 1972069412.4412 2047637532.0504 1603470202.5608 1555972117.7990 
1465915023.4776 1570366034.7548 1476429788.6395 1422071936.4091 1163743428.7439 1183338504.9879 1087855457.7572 1501138718.3566 1279941656.1580 1754005525.9296 1394561020.2937 
2009419619.7209 1221864366.5979 1319826565.9909 1414035784.7670 1895472107.5315 1881363266.9168 1510633020.6505 1389059882.0655 1956182810.1174 1931759969.1081 1963301705.4953 
1433742059.8594 1663135567.0437 1575980003.7808 1615939566.7064 1685061706.5091 1344800187.1676 1131138588.4563 2037756264.1061 1309759190.4528 1831341888.8646 1678151269.3208 
1134169198.3878 1471088073.7970 1688378864.3509 1615901548.8814 2106763871.6043 1429163082.1430 1366619143.9308 1868521882.9063 2051676397.6530 1462762227.5394 1973434494.9552 
1903075254.5994 1106781698.7004 1241302874.7383 1132763852.9496 1388094376.2210 1905332639.5136 2029958207.7273 1086795754.7147 1525386648.0855 1450130433.0897 1310272189.9765 
1443825351.0187 1223639927.5499 2107208464.6204 2030123356.1822 1663191451.0440 1270506022.4337 2053966982.3622 1288139638.3037 1722408277.0606 1942450947.0122 1102605830.8653 
1369512314.6758 1327981046.5459 2119326495.7438 2018076662.0112 1699274433.2957 1716449416.7477 1374968111.3475 1263423654.6848 1075214703.0214 1742965186.6506 1883305243.3431 
2140782048.9360 1985882606.9003 1084966459.2610 1559896179.3009 1187274199.4292 1193806340.6581 1075153969.6706 1205544104.1747 2038381108.9317 1802031842.3015 1276607580.0555 
1791497980.8708 1615230413.9290 1863141593.1248 1093536203.6525 2067737545.3439 2143925023.3742 1801028017.3262 1448013681.8589 1858761342.4209 1174532848.9465 2132843333.8141 
1960544499.2454 1767753161.0915 1394774860.3880 1164138763.6073 1165032449.5649 2054016848.8871 1994903224.8522 1243097573.0070 1358904541.7062 1333253550.5304 1075941492.5366 
1277553248.4052 2098172960.5575 1577178829.5452 1445018163.4297 2121115264.2212 1270731240.8148 1502791513.1115 1276836576.0904 2064944874.9177 1713177018.6166 1386040277.7468 
1747883013.2909 1926860181.8724 1653306771.3590 1532640550.3167 1932213217.3104 1544905765.1529 1400067595.3069 1497273437.8404 1392635345.0118 1944602997.5895 2096337557.6335 
1897215457.9787 1814207765.9983 1374941713.4404 1618764760.8091 1190786871.6598 1561286590.4918 1516523862.6177 2091245944.8234 1871228777.6057 1869713455.1687 1504697985.9693 
1795614222.4944 1190829896.2490 1233936994.5237 1930131233.0441 1252679721.0864 1473967712.3068 1213660219.9459 1783226696.2138 1683449838.7584 1375445090.0810 1686224198.3116 
1616272454.5185 1365557805.3168 1613484178.3623 1959247765.5477 1861380986.0300 1414436026.6722 1782518756.5587 1980365065.9944 1859930529.3005 1758445988.1408 1642772923.2776 
1389711951.2418 1341952506.6487 2002354610.4807 1958297577.9904 1728083916.9694 1151955515.6957 1177230899.7256 1404497320.2518 1846912966.3347 1878631371.8725 1670106498.4182 
1384440620.1595 1942581124.4527 1661844947.9049 1213923827.3428 1455709561.9719 1929661009.7177 1984707637.5880 1322981344.7870 1739896048.2609 1475723508.9433 1543961258.4950 
1838375786.8230 1431071766.6405 1661668676.6436 1648888514.3683 2062579253.7313 1597373908.9945 1635726307.1614 1856716103.0273 1646865359.3796 1345811945.2298 2010438983.1936 
1909282207.2160 1757382692.3843 1419474403.7479 1710387790.4238 1498749064.0222 1706029320.3525 1491257898.4043 2048586471.5429 1394974627.7933 2043155351.9894 1510571054.8951 
1666987045.3394 1496460745.3498 1878201713.1036 1896632082.7665 2120958583.2183 1330465518.6441 2015353129.5914 1826005973.5984 1629642111.5147 1460570869.0412 2080553714.4046 
1118993386.2238 2021366757.0380 1310753604.1834 1728884809.5519 1426812916.2197 2145276802.7627 1984610543.0767 1117314974.8355 1943404394.8295 2049709525.7093 1478995645.6610 
1753797300.7994 1489187501.7522 1099488362.9553 1701669837.5867 1092902171.4143 1568102105.4164 1951148090.8633 1284975746.1022 1891259004.9560 1486074998.0753 1473198055.4437 
1399116884.5950 1664555160.0556 1981966975.7692 2144333654.6025 1765971687.4917 1214760615.7779 2118065756.1377 1190748447.3737 2047175152.1436 1726989946.5571 1238147190.7141 
1791099061.3652 1639545989.3296 1903295593.4649 1975871933.2343 1265822587.5822 1665675546.3463 1115041934.2303 1471538163.6004 1351364286.0596 1267745970.4566 1763541030.9905 
1902501252.3951 1206704641.8011 2115276485.0861 1109419209.9681 2021147110.6067 1708503249.8348 1951790339.6951 1171434562.5229 1589006345.0593 1934857068.4524 1142725238.4701 
1636153236.4135 1419390020.9613 1737428924.2885 1402634073.0666 2084973575.9740 1916521635.5580 1569071139.3673 2142264525.6253 1439462085.4938 1668273439.8155 1468993428.8921 
1893514559.1485 1666887690.8965 1773116617.8299 1975843094.9055 1723806820.2831 1552923187.5950 1447868980.0987 1255275718.2263 2052017029.6624 1419492113.6650 1783891894.1308 
1915009487.1802 1206073373.6946 1908161221.4527 1857862247.2046 1102808024.3430 1553695384.4298 1490006677.6815 1312389819.5647 2089223041.1931 1330026241.2697 1961747287.1035 
1924788209.1513 1126072991.1520 1125065709.1108 1884595403.9348 1836955377.7503 1521011288.1076 2144347292.4931 1436517206.7916 1947426430.0278 1164375889.8627 1228493246.4798 
1777383330.2971 1814551609.6482 1189092905.4584 1332367795.5210 1605217291.5973 2034322502.9179 1681376368.4250 1969546215.9066 1646786991.9296 1801911037.5412 1443044788.7651 
1299322619.5115 1906205074.7539 1321715272.3957 2005585111.5996 1864096676.1857 1104946084.1380 1947366456.0297 1492283547.1988 2123968207.6402 2081808806.8983 1315198394.7293 
1679275042.2922 1380689605.9124 1760358438.4261 1520225476.6310 1271164412.5298 1333133126.8437 1632503845.1125 1805487013.2594 1386121540.6990 2081339717.7374 1466591075.1990 
1181630412.1838 1711927238.9703 1822268152.3718 1185510113.3475 1257083394.9107 1554849611.8469 1559507873.7796 1516711449.1970 1475552757.7181 2027935079.1094 1413171604.6849 

1,-1 -1,-1 1,-1 -1,-1 1,1 -1,1 -1,-1 1,-1 1,1 -1,-1 1,1 
-1,-1 1,1 -1,-1 1,1 1,-1 1,1 -1,1 1,1 -1,-1 1,1 -1,-1 
-1,1 1,-1 1,1 1,-1 -1,1 1,-1 1,-1 -1,1 -1,1 -1,1 1,-1 
1,1 -1,1 -1,1 -1,1 -1,-1 -1,-1 1,1 -1,-1 1,-1 1,-1 -1,1 

1,-1 1,1 1,-1 -1,1 -1,-1 -1,1 1,1 -1,1 1,-1 -1,-1 -1,1 
1,1 -1,1 -1,-1 1,-1 -1,1 1,-1 -1,1 1,-1 -1,-1 -1,1 1,1 
-1,-1 -1,-1 1,1 1,1 1,1 1,1 -1,-1 -1,-1 -1,1 1,1 -1,-1 
-1,1 1,-1 -1,1 -1,-1 1,-1 -1,-1 1,-1 1,1 1,1 1,-1 1,-1 

1,-1 -1,-1 1,-1 1,1 -1,-1 -1,1 1,-1 1,1 1,-1 1,1 1,-1 
-1,-1 1,-1 1,1 -1,1 1,1 1,-1 1,1 -1,1 1,1 1,-1 -1,1 
-1,1 -1,1 -1,1 1,-1 1,-1 -1,-1 -1,-1 1,-1 -1,-1 -1,1 1,1 
1,1 1,1 -1,-1 -1,-1 -1,1 1,1 -1,1 -1,-1 -1,1 -1,-1 -1,-1 

1,1 -1,-1 1,1 -1,-1 -1,1 1,-1 1,1 -1,-1 1,-1 1,1 -1,1 
1,-1 1,1 1,-1 -1,1 1,-1 1,1 -1,1 1,1 -1,-1 -1,1 1,1 
-1,1 -1,1 -1,1 1,1 1,1 -1,1 -1,-1 1,-1 1,1 -1,-1 -1,-1 
-1,-1 1,-1 -1,-1 1,-1 -1,-1 -1,-1 1,-1 -1,1 -1,1 1,-1 1,-1 

1,1 1,-1 -1,-1 1,1 -1,-1 1,1 -1,1 1,-1 -1,1 1,1 -1,-1 
1,-1 -1,-1 1,-1 -1,-1 1,1 -1,1 1,1 -1,1 -1,-1 -1,1 1,-1 
-1,1 1,1 1,1 1,-1 -1,1 1,-1 -1,-1 -1,-1 1,1 -1,-1 -1,1 
-1,-1 -1,1 -1,1 -1,1 1,-1 -1,-1 1,-1 1,1 1,-1 1,-1 1,1 

1,-1 -1,-1 1,1 1,-1 -1,-1 1,-1 -1,1 1,-1 -1,-1 1,1 -1,-1 
-1,-1 -1,1 -1,-1 1,1 -1,1 1,1 1,-1 -1,1 1,-1 -1,-1 1,1 
-1,1 1,1 -1,1 -1,1 1,-1 -1,1 -1,-1 -1,-1 1,1 1,-1 -1,1 
1,1 1,-1 1,-1 -1,-1 1,1 -1,-1 1,1 1,1 -1,1 -1,1 1,-1 

1,1 1,-1 1,1 -1,1 1,1 -1,1 1,-1 -1,1 1,-1 -1,-1 1,-1 
1,-1 -1,1 -1,-1 1,1 -1,1 -1,-1 1,1 1,-1 -1,-1 1,-1 1,1 
-1,-1 1,1 -1,1 1,-1 1,-1 1,-1 -1,-1 -1,-1 1,1 1,1 -1,-1 
-1,1 -1,-1 1,-1 -1,-1 -1,-1 1,1 -1,1 1,1 -1,1 -1,1 -1,1 

-1,-1 1,1 1,-1 -1,-1 1,-1 -1,-1 1,1 -1,-1 1,-1 -1,-1 1,-1 
1,-1 -1,1 -1,-1 1,-1 -1,-1 1,1 -1,-1 1,1 -1,-1 -1,1 -1,-1 
1,1 1,-1 -1,1 1,1 -1,1 -1,1 1,-1 1,-1 -1,1 1,1 1,1 
-1,1 -1,-1 1,1 -1,1 1,1 1,-1 -1,1 -1,1 1,1 1,-1 -1,1 

-1,1 -1,-1 -1,1 1,-1 1,1 1,-1 -1,-1 -1,1 -1,-1 -1,1 -1,-1 
1,1 -1,1 1,1 -1,-1 1,-1 -1,1 1,-1 1,1 -1,1 -1,-1 -1,1 
1,-1 1,-1 -1,-1 -1,1 -1,1 -1,-1 -1,1 1,-1 1,1 1,1 1,1 
-1,-1 1,1 1,-1 1,1 -1,-1 1,1 1,1 -1,-1 1,-1 1,-1 1,-1 

1,-1 -1,1 1,-1 -1,-1 1,1 1,-1 -1,-1 -1,1 1,1 -1,1 1,1 
-1,-1 1,-1 -1,-1 1,1 -1,1 1,1 1,-1 -1,-1 -1,1 1,1 -1,-1 
1,1 1,1 -1,1 -1,1 1,-1 -1,1 -1,1 1,-1 -1,-1 -1,-1 -1,1 
-1,1 -1,-1 1,1 1,-1 -1,-1 -1,-1 1,1 1,1 1,-1 1,-1 1,-1 

1,-1 -1,-1 1,-1 1,1 1,-1 1,1 -1,1 -1,-1 1,1 1,1 1,1 
1,1 1,-1 1,1 -1,-1 1,1 1,-1 1,1 1,-1 1,-1 -1,1 -1,1 
-1,1 -1,1 -1,1 -1,1 -1,1 -1,1 1,-1 -1,1 -1,1 1,-1 1,-1 
-1,-1 1,1 -1,-1 1,-1 -1,-1 -1,-1 -1,-1 1,1 -1,-1 -1,-1 -1,-1 

1,1 1,-1 1,-1 1,1 1,-1 1,-1 1,1 1,-1 -1,1 -1,1 1,1 
-1,1 -1,1 -1,1 -1,1 -1,1 -1,-1 -1,-1 -1,-1 -1,-1 -1,-1 -1,-1 
-1,-1 -1,-1 1,1 -1,-1 -1,-1 -1,1 -1,1 1,1 1,-1 1,1 1,-1 
1,-1 1,1 -1,-1 1,-1 1,1 1,1 1,-1 -1,1 1,1 1,-1 -1,1 

1,1 1,1 1,1 1,-1 -1,1 1,-1 1,-1 1,-1 -1,-1 -1,1 -1,1 
1,-1 -1,1 -1,1 -1,-1 1,1 -1,-1 1,1 -1,1 1,1 1,-1 -1,-1 
-1,1 -1,-1 1,-1 1,1 -1,-1 1,1 -1,-1 -1,-1 1,-1 1,1 1,1 
-1,-1 1,-1 -1,-1 -1,1 1,-1 -1,1 -1,1 1,1 -1,1 -1,-1 1,-1 

1,-1 1,-1 -1,1 -1,1 1,1 -1,1 -1,1 1,1 1,1 -1,-1 -1,1 
1,1 1,1 1,1 -1,-1 -1,-1 -1,-1 -1,-1 -1,-1 1,-1 1,-1 1,-1 
-1,-1 -1,-1 1,-1 1,1 -1,1 1,-1 1,1 1,-1 -1,1 1,1 -1,-1 
-1,1 -1,1 -1,-1 1,-1 1,-1 1,1 1,-1 -1,1 -1,-1 -1,1 1,1 

-1,1 1,1 -1,-1 -1,-1 1,-1 1,-1 -1,-1 -1,-1 -1,-1 1,1 1,1 
1,-1 1,-1 -1,1 -1,1 -1,1 -1,1 -1,1 -1,1 -1,1 -1,1 -1,-1 
-1,-1 -1,1 1,-1 1,1 1,1 1,1 1,1 1,1 1,-1 -1,-1 1,-1 
1,1 -1,-1 1,1 1,-1 -1,-1 -1,-1 1,-1 1,-1 1,1 1,-1 -1,1 


2 5 9 4 
4 1 5 3 
8 10 3 0 
5 2 8 7 
0 3 9 6 
3 10 6 0 
7 6 2 1 
6 10 9 4 
7 6 9 5 
6 0 10 4 
0 3 10 7 
2 1 0 8 
4 6 2 8 
8 6 5 9 
2 9 8 3 


