1607045012.1374 1630410725.8461 1141164385.2592 1311375055.8952 1560344165.7586 1516543569.2420 1338385514.7764 1632481744.7196 1696208317.9847 1606795727.1491 1850490714.6001 
2004159600.9902 1868080561.0329 2009287393.1596 1691424739.5003 1960487991.5404 2043568444.4062 2098441548.6756 1515850555.0902 1276726431.2952 1712959129.7278 1091575759.7673 
2137447996.5656 1286588273.1555 1321963528.0461 1961270446.0013 1687628757.1984 1797040278.1794 1732013580.9138 1819191199.5721 2062026009.0825 1473179836.0490 1285877764.3469 
1930674385.0523 1279964653.8627 1981749853.3217 1471299148.2764 1200606783.0486 1287917823.0915 1464182236.0841 1495049216.1232 2087452658.7513 1978099507.0176 1602731043.8298 
1899685219.3342 1738940930.2575 1241356324.7499 1551042669.7575 2138750095.0245 1622958374.6595 1641514088.9003 1806821332.2781 1106814236.8817 1190945676.9461 1257301852.4516 
1375219660.3893 1690922420.5517 2110377438.7487 1666432401.6451 1326384368.8506 1202935178.3942 1275016818.3024 1256402381.9225 1675716987.6296 1125090004.8277 1404271671.1777 
2125319796.3280 1999709947.8999 1838821946.6810 1074136492.7999 1905480870.8634 2123681145.4747 1939411640.5190 1844563260.7695 1740638727.3543 1159958326.4617 1160263430.3428 
1601171099.1412 1579374939.3272 1200527568.3895 1931907653.0713 2020648399.7045 2048100587.7480 1165936575.2773 1483307452.9316 2014607290.2881 1658202019.6049 1876455156.9489 
1653734124.8711 1820715260.9296 1372048437.8678 1490433686.0458 1857009563.9139 2099654301.5980 1187680670.7760 1971309743.0634 1519893801.1135 1568266029.2107 1307726729.0470 
1852395513.9774 1173268561.1240 1958194816.7567 1684240302.1243 2063494353.9083 2091144419.6163 2141937914.0632 1967115736.4291 1866780996.6127 1279401982.3089 1843105736.7889 
1776876267.9809 2072893153.4203 1656131012.2696 1348651117.7489 1947747285.8556 1569289222.7510 1543590151.2745 1495394000.5992 1422840930.8308 1884491039.4336 2104337133.6825 
1968346896.6526 2002610068.3747 1701208302.2502 1396084878.5846 1959024971.1003 2085276637.4949 2001092441.0086 1992030753.6436 1282084303.5623 1996500420.4246 1520275676.7654 
1694143071.8166 1841276199.7041 1098110420.5301 1824356500.4167 1565170630.0453 1441127191.9455 1509430106.6993 2147365459.8573 1602293473.0673 1780013043.7981 1164379941.1238 
2141922543.3622 1178255767.5741 2057525228.8809 2091895873.4004 1135374620.0069 1423607677.6869 1108554761.7118 1853890811.1855 1302111378.4467 1241611172.4608 1715247463.4050 
1794069007.8309 2055113147.9605 1589828664.5550 2124215722.0645 2102990214.8552 1439919878.6190 1837167498.0557 1082110573.8590 1856549269.2260 1699807108.1232 1483016142.6993 
1286969220.8305 1445052057.1422 1640127095.5385 1825311049.4402 2132394658.5442 1494336246.2997 2094297906.1777 1367017011.0219 1965491844.6104 1519182029.0798 1751785176.3110 
1690624314.6922 1813802833.1394 1393912204.7889 1460129804.1315 1619859704.0236 1075105657.6215 1519891101.5894 1383026038.5170 2110818768.0383 1679902126.6116 2042348351.9364 
1521240751.5891 1330986978.5314 1360381645.0625 1177020956.9453 1537950241.7330 2094632926.0173 1989322819.2234 1895047925.4399 1962859961.1729 1230902761.2132 1291188267.7020 
1541008427.7513 2142243490.9961 1801088244.6660 1719383671.5830 2119670627.5056 1721958604.4287 2101281397.6409 1421620223.7281 1531187514.5508 1769512340.7869 1708620351.4483 
1462804548.1561 1425746950.2764 1479823549.8003 2099445273.6008 2087948787.9785 1499345031.9546 1303427904.6418 2139416039.6006 1336389796.1045 1711905801.1744 1089260430.5214 
1588800866.4340 1391178912.8379 1206167277.5032 1604697948.9050 1541458606.8943 1175722309.1192 2139830525.1298 1349032921.8602 1345234471.7826 1965057502.6318 1764043098.9085 
1718284657.1530 1323601931.6629 1902163153.7690 1647726022.0658 1791106985.8804 1362954692.1340 2059998393.4052 1207227527.9324 1616826262.2142 1609527187.8783 1362089425.0226 
1400005214.5187 1585831027.4347 1276929963.9884 1100636914.2505 1538200195.4235 1730695957.6346 1357425170.8298 2141965291.2055 1129652938.3634 1790892506.7489 1162673584.7689 
1369271423.7880 1964592478.2534 1132334193.6807 1614619960.5693 1568108778.0724 1417842601.4188 1440303936.4011 2137468794.3411 1624062982.1326 1914923873.8000 1539671427.8353 
2093393792.9868 1314937348.8975 1865153450.9223 1848115001.6008 1932684975.8304 1694430193.9843 1611081504.7368 1190834737.5278 1823276088.6104 1554941447.0801 1212781652.6754 
1225062244.3180 1961648638.1164 1771753079.7367 1390505288.1888 1973811205.4461 1185687524.3796 1795097342.3002 1723544483.1998 2135475127.5844 1663350921.0660 2122722205.9755 
1336413019.9524 1354546992.0233 1498707802.5807 1821036799.6366 1292790982.8104 1867195665.0986 1445408147.7089 1332497473.5389 1728248411.2268 1673132007.9685 2088033866.4935 
1580323501.6958 1873045470.9397 1536260928.0762 1963055764.1735 1217012399.7327 1445336806.6345 1252302012.4058 1601414696.9694 1099084218.7864 1255312501.5080 1739474986.6592 
1479197614.1512 1731816931.8596 1229705723.4840 1869197837.8719 1247624833.6944 1140477148.4348 2095399549.7468 1902411090.6424 1829357724.6754 1442696456.0727 1542872220.0121 
1375608626.3688 1105309845.5505 1696372089.6429 2050551281.8441 1956587932.6937 1754757988.6139 1937682564.1886 2062875745.4404 1386667417.1187 1839553101.2845 1098810686.0452 
1555884469.1472 1273019310.1120 1578767221.5895 1596167297.0018 1477613524.0708 1313444794.0723 2115588648.4743 1745780955.0038 1657055615.1696 1850154124.9522 1492323593.3792 
1183937265.0781 1229650801.5754 1185438187.3053 1285108087.8738 1835335186.9397 1863514604.7464 1465976136.9187 2074199387.2023 1937789385.7550 1126220977.9041 1805571169.9028 
1944183542.8774 1844745465.1164 1120339873.7026 1994549886.5511 1674769853.6437 1315281487.0922 1116403239.9183 1717332972.4834 1237897944.1349 2007820277.1163 1275694562.1310 
2074418434.4887 1988573702.0167 1480067231.1905 1724755352.1590 1126138759.1211 1076211744.0801 1888624816.5894 1853633650.3015 1681426159.7874 1891760773.2238 1384887759.4081 
1385999407.4338 1856542655.5722 1860520737.2211 1949777134.4382 1101042704.7012 1076103610.1690 1443702554.8288 1481334266.8289 1826049731.1696 1124478096.3867 1209632337.2074 
1235724522.6802 2027053337.1243 1644256024.4992 2087929575.9993 1276037213.0962 1118025948.7797 1830419480.7886 1660787657.5855 2098631496.3920 2104289688.1248 1160619570.0290 
1176184972.5327 1426169485.5861 1233038952.3774 2019596120.5990 1077073973.6081 1376024309.3602 1153389246.8485 1831209013.0556 1216147410.8505 2004051558.8851 1641077443.4759 
2057491371.5942 2145812394.6857 1097758153.4425 1850588608.6842 1489262787.7768 2074270159.9523 1559575115.4567 1224546991.9512 1587588690.2355 1498810297.9512 1888391825.0015 
1452985875.6049 1504877143.0055 1614174113.2275 2010492212.9951 1386290182.6455 1642540174.1486 1843577178.8429 1643555738.0464 1934368119.8756 1777938190.7350 2078473079.2365 
1922510349.6883 1984355851.6240 2069576086.2291 1320473545.4964 1956069186.3353 1322151455.6511 2106614877.1074 1628931681.1630 1695010478.6994 1407913783.0891 1817477335.5458 
1246544434.9097 1581200732.3897 1786419682.2245 1288338822.8799 1268349493.1966 1936442515.8749 1695416904.3932 2076457613.3926 2051965485.5351 1454384317.7941 1435140844.8853 
1845645561.1611 1414451742.5210 1241091867.1775 1219024793.8785 1135310130.0955 1839814793.5698 1929574960.8670 1706902630.1558 2061980258.2706 1504650483.2202 1925429255.2435 
1712202935.2149 1839037449.5451 1692522055.0624 1861199541.5360 1826321795.6358 1688326292.0411 2109034325.4292 1282000129.7754 2005068303.2738 1118955095.4470 1562995413.3114 
2014695563.9556 1371965105.0292 1622505359.5166 1445887613.1727 2044089710.9541 1545342381.2401 1406312299.2298 1467208427.6858 1573234050.3801 1294388280.4161 1824582307.5599 
1894438379.6192 1248582172.2371 1545909813.3049 1943616258.1712 2029113816.8483 1463747862.4572 1431874530.1648 1092997969.8967 1831807584.9117 1939687118.2090 1202536965.8276 
1293354266.2029 1867020961.0069 2137456735.9861 1305337057.2414 1630133614.0680 1927617919.3228 1899715772.0189 1327208709.6132 2117863783.1979 2089073843.6296 1095635938.8837 
2062555218.7723 1574314184.7849 1300888981.3757 1461485920.0986 1617938904.6353 1681347808.6532 1639992355.8762 2036678394.0826 2092074868.2456 1363842583.6206 1596187275.9222 
1322351354.5826 1617658686.2165 2064272499.3167 1098842816.2822 1146000793.5169 1119986834.0684 1919479937.2182 1431569072.8920 1870058814.2298 2060843285.1901 1690196291.4946 
1245872227.7606 1319305752.3848 1079403928.3793 1507888861.2181 2095706434.2468 1705584381.8609 2079346857.9697 1830138375.4408 1670011360.3940 1938301639.9308 1821783165.5610 
2007441892.8173 1575917805.9492 1857860195.4449 1425419391.1274 1723892824.4640 2145481496.8199 1976033874.1707 2040956150.0715 1152456622.3498 2123485561.0287 1538355769.6148 
1570969300.2034 1926398654.7799 2068807823.6339 1213178091.3838 1533064645.7075 2112669425.7976 1452613663.3839 1626853475.2060 1436140222.1935 1502265401.6628 1184437476.8868 
1831123754.5504 1829231649.7543 1311976429.9642 1358065826.7768 2084414121.6659 2115170871.8645 1826274896.3091 1708241783.6926 1609664752.8301 1353125645.0909 1841094166.7756 
1844532420.3006 1330135998.2306 1161260592.2170 1566597505.9132 1542543555.7072 1802160770.1939 2144083003.3725 1456938553.7422 1550752019.4834 1154936701.3335 1277549480.1509 
1668344192.1277 1742487496.2005 1127848406.4010 1473250546.8302 1506571432.1059 1673305713.5427 1738548733.0275 1688751730.5971 1690382045.3689 1611585999.5550 1526764072.7890 
1175390408.6141 1157026878.6169 1975860939.1598 2068030467.7433 1881389491.9223 1679197719.5128 1603184816.0145 1321948111.8475 1345926153.8076 1579323142.6859 1851121575.0901 
1992986011.4171 1334538878.0873 1368835897.3689 1551228214.9599 1590432918.9660 1554352290.2629 1408956295.7472 1362987337.2816 1237217580.3944 1986510060.2717 1685797582.2313 
1347780122.4296 1398455850.0273 1630160366.8501 1851762998.9616 1980577726.9256 1768800587.3800 1749222487.4156 1813548807.2501 1496128212.8960 1827162848.4535 1154314054.6262 
1184337771.6910 1884452614.3198 1375246246.2028 1686341150.7555 1988147503.2801 1965894971.3074 1236040381.9711 1799903495.3847 1154671002.7848 1507323880.2854 1341761616.6229 
1468965522.9899 1477942278.0430 1472365495.7933 1182443355.3773 1119450394.2809 1638005990.7577 1910953962.9194 1943258283.6411 1655576954.6988 1352829836.4165 1850105120.4689 
1613572534.6086 1354898776.1763 1260904387.6124 1344313809.0553 2019506409.4771 1320787358.6330 1457660933.8271 2124986700.1718 1546420525.3708 1786545380.0219 1226330502.3059 

1,-1 -1,-1 1,1 -1,-1 1,1 -1,-1 1,-1 1,1 1,-1 -1,1 1,1 
-1,1 1,-1 -1,-1 1,1 -1,-1 1,-1 -1,-1 1,-1 -1,-1 1,1 -1,-1 
-1,-1 1,1 -1,1 1,-1 1,-1 -1,1 1,1 -1,-1 1,1 1,-1 -1,1 
1,1 -1,1 1,-1 -1,1 -1,1 1,1 -1,1 -1,1 -1,1 -1,-1 1,-1 

-1,1 1,-1 -1,1 1,1 -1,-1 1,1 1,-1 -1,-1 1,1 1,-1 1,1 
1,1 -1,-1 1,-1 -1,-1 -1,1 1,-1 1,1 1,-1 -1,1 1,1 1,-1 
-1,-1 -1,1 -1,-1 -1,1 1,1 -1,1 -1,1 -1,1 -1,-1 -1,1 -1,1 
1,-1 1,1 1,1 1,-1 1,-1 -1,-1 -1,-1 1,1 1,-1 -1,-1 -1,-1 

-1,1 -1,-1 1,-1 -1,-1 1,1 1,-1 -1,1 -1,-1 -1,1 1,-1 -1,1 
-1,-1 -1,1 -1,-1 1,1 1,-1 -1,1 -1,-1 1,1 -1,-1 -1,1 1,-1 
1,-1 1,-1 1,1 1,-1 -1,1 -1,-1 1,-1 -1,1 1,-1 -1,-1 -1,-1 
1,1 1,1 -1,1 -1,1 -1,-1 1,1 1,1 1,-1 1,1 1,1 1,1 

1,-1 -1,-1 1,-1 -1,-1 -1,1 1,1 1,-1 1,1 -1,1 1,1 1,-1 
1,1 1,-1 -1,-1 -1,1 1,-1 -1,-1 1,1 -1,1 -1,-1 1,-1 1,1 
-1,-1 -1,1 1,1 1,-1 1,1 1,-1 -1,1 1,-1 1,1 -1,-1 -1,1 
-1,1 1,1 -1,1 1,1 -1,-1 -1,1 -1,-1 -1,-1 1,-1 -1,1 -1,-1 

-1,1 1,1 -1,-1 1,-1 -1,-1 1,-1 -1,1 1,-1 -1,-1 1,1 -1,1 
-1,-1 1,-1 -1,1 -1,-1 1,-1 1,1 1,-1 -1,-1 -1,1 -1,-1 1,-1 
1,1 -1,-1 1,-1 1,1 1,1 -1,-1 1,1 -1,1 1,-1 1,-1 1,1 
1,-1 -1,1 1,1 -1,1 -1,1 -1,1 -1,-1 1,1 1,1 -1,1 -1,-1 

1,-1 -1,-1 -1,1 -1,-1 1,-1 -1,-1 -1,1 1,1 1,-1 -1,1 -1,-1 
-1,1 1,-1 -1,-1 1,1 -1,-1 1,1 1,-1 -1,1 1,1 -1,-1 1,-1 
-1,-1 -1,1 1,-1 1,-1 -1,1 1,-1 -1,-1 1,-1 -1,1 1,1 -1,1 
1,1 1,1 1,1 -1,1 1,1 -1,1 1,1 -1,-1 -1,-1 1,-1 1,1 

1,1 -1,-1 -1,1 -1,-1 1,-1 -1,1 -1,-1 1,1 -1,1 1,-1 1,1 
-1,-1 1,-1 -1,-1 -1,1 -1,-1 1,-1 1,1 -1,-1 1,-1 1,1 -1,-1 
-1,1 1,1 1,1 1,1 1,1 1,1 -1,1 -1,1 -1,-1 -1,-1 -1,1 
1,-1 -1,1 1,-1 1,-1 -1,1 -1,-1 1,-1 1,-1 1,1 -1,1 1,-1 

-1,-1 1,-1 -1,-1 1,-1 -1,-1 -1,1 1,1 -1,-1 -1,1 -1,-1 -1,1 
1,-1 -1,1 1,-1 -1,-1 -1,1 -1,-1 -1,1 1,1 1,-1 1,1 -1,-1 
1,1 1,1 -1,1 -1,1 1,-1 1,1 1,-1 -1,1 1,1 -1,1 1,1 
-1,1 -1,-1 1,1 1,1 1,1 1,-1 -1,-1 1,-1 -1,-1 1,-1 1,-1 

-1,-1 -1,1 1,1 -1,1 -1,-1 -1,1 1,-1 1,1 -1,1 1,-1 -1,-1 
1,1 1,-1 -1,1 -1,-1 -1,1 1,-1 -1,-1 1,-1 1,1 -1,-1 1,-1 
1,-1 -1,-1 1,-1 1,-1 1,-1 1,1 1,1 -1,1 1,-1 1,1 1,1 
-1,1 1,1 -1,-1 1,1 1,1 -1,-1 -1,1 -1,-1 -1,-1 -1,1 -1,1 

-1,1 1,-1 1,1 -1,1 1,1 1,-1 1,1 -1,1 1,-1 -1,1 -1,-1 
-1,-1 1,1 -1,1 1,1 -1,1 1,1 -1,1 1,-1 -1,1 -1,-1 -1,1 
1,-1 -1,-1 -1,-1 1,-1 1,-1 -1,1 -1,-1 1,1 1,1 1,-1 1,-1 
1,1 -1,1 1,-1 -1,-1 -1,-1 -1,-1 1,-1 -1,-1 -1,-1 1,1 1,1 

1,-1 -1,1 -1,-1 1,1 -1,-1 1,1 -1,-1 -1,1 1,1 1,-1 -1,1 
-1,-1 1,1 -1,1 -1,-1 1,1 1,-1 -1,1 -1,-1 1,-1 -1,1 1,-1 
1,1 1,-1 1,-1 1,-1 1,-1 -1,-1 1,-1 1,1 -1,-1 1,1 -1,-1 
-1,1 -1,-1 1,1 -1,1 -1,1 -1,1 1,1 1,-1 -1,1 -1,-1 1,1 

1,-1 -1,-1 1,-1 1,1 1,-1 1,1 -1,1 1,1 -1,1 1,-1 1,1 
-1,-1 -1,1 1,1 -1,-1 1,1 -1,-1 1,-1 -1,1 1,-1 1,1 1,-1 
1,1 1,-1 -1,1 1,-1 -1,-1 1,-1 1,1 1,-1 -1,-1 -1,1 -1,-1 
-1,1 1,1 -1,-1 -1,1 -1,1 -1,1 -1,-1 -1,-1 1,1 -1,-1 -1,1 

1,-1 1,1 -1,-1 1,-1 -1,-1 1,-1 1,1 -1,-1 1,-1 1,1 1,-1 
-1,1 1,-1 1,1 -1,-1 1,-1 -1,-1 1,-1 -1,1 -1,-1 1,-1 -1,1 
-1,-1 -1,1 1,-1 -1,1 1,1 -1,1 -1,-1 1,-1 1,1 -1,1 -1,-1 
1,1 -1,-1 -1,1 1,1 -1,1 1,1 -1,1 1,1 -1,1 -1,-1 1,1 

-1,1 1,1 1,-1 -1,1 1,-1 -1,1 -1,-1 1,-1 -1,1 -1,-1 -1,1 
1,1 1,-1 -1,-1 1,1 -1,1 -1,-1 -1,1 -1,-1 1,-1 -1,1 1,1 
-1,-1 -1,1 -1,1 -1,-1 -1,-1 1,1 1,-1 -1,1 -1,-1 1,1 -1,-1 
1,-1 -1,-1 1,1 1,-1 1,1 1,-1 1,1 1,1 1,1 1,-1 1,-1 

-1,-1 1,-1 1,1 -1,1 1,-1 1,1 -1,-1 1,1 -1,1 -1,-1 1,1 
1,-1 -1,1 1,-1 -1,-1 -1,1 1,-1 1,1 -1,1 -1,-1 1,1 -1,1 
1,1 -1,-1 -1,-1 1,1 -1,-1 -1,1 -1,1 -1,-1 1,-1 1,-1 1,-1 
-1,1 1,1 -1,1 1,-1 1,1 -1,-1 1,-1 1,-1 1,1 -1,1 -1,-1 


10 3 5 7 
5 0 2 1 
1 7 0 3 
5 6 10 4 
8 10 7 9 
1 5 6 9 
2 9 7 6 
4 10 3 8 
8 2 4 9 
1 6 0 9 
6 7 10 0 
3 1 9 7 
7 4 6 10 
9 8 6 1 
2 10 1 4 


