1265456478.0541 1163490359.5133 1822694859.6027 1389446340.3770 1733486878.4346 1377726235.1915 1187436423.7001 1520036232.2316 1694329803.4428 1301155405.1625 2015320580.6996 
1990360902.9967 1408142108.6108 1669830710.1953 1290989803.4141 1507537650.1669 2056812177.4619 1766824245.0171 1274492589.0059 1280219268.3419 1827472863.1707 1415495976.2957 
1595201177.1798 1933135874.9338 1172883651.0275 1365912211.6927 1143925425.6987 1655710533.8248 1752696394.3343 1905880000.5242 1289625742.8217 1505253883.9891 1996088714.0317 
1601076543.1185 1177590057.2130 2012546640.6290 2136299909.4227 1522070984.8895 1357752066.5541 1306645593.4859 1482270144.1714 1302757263.5068 1852129712.0843 1157883924.5294 
1695416870.1061 2135975558.9478 1849877642.1563 1573328422.2908 1260334874.1230 1245298335.0059 2144259779.1616 1938053910.5738 1197965338.0412 1646973168.2530 1254333278.9884 
1177371095.4719 1417334172.3609 1169532357.6698 2077503089.1269 1194253568.9185 1895311673.4346 1594667841.8942 1349002649.7157 1393141473.5903 1994867469.0975 1888665618.3284 
1864009899.6305 1343589917.6811 1833178619.1381 1466873662.4989 2115156387.2648 1269878290.6776 2099436327.4917 1578881929.4344 1318784205.1412 1713853065.8883 1873649682.4919 
1846101296.5936 1284847496.4670 1557195445.6412 1163750337.2704 1674702922.4996 1269181231.5255 1886695242.8381 1144427889.0395 1380067649.5005 1154056662.9938 1668883643.1279 
1079670145.3052 1712643071.9923 2014467696.6532 2044256952.8719 1710689485.2030 2127948571.9694 1601985122.6032 1258726765.3994 1169740787.3499 1767006558.9690 1661700068.2934 
2010689034.9509 1451869854.2470 1505671242.7719 1811303651.1260 1667829725.9845 1129415797.6031 1926507893.5193 1116267767.1018 1174010535.9171 1280854060.4329 2118695218.4100 
1274930179.3785 1680687306.6396 1699812364.7625 1329220610.5972 2133976405.4587 1356925628.0511 1537872983.2333 1209428873.0882 1729010847.5472 1984604589.2256 1813119853.9369 
1292962795.8496 1656729901.7472 1563769207.6363 1406973469.4456 1263531439.1707 1438047577.2029 2056109614.1062 1447235467.7209 1613881763.1022 1855092448.0623 1673907348.1974 
1174124561.2105 1628879380.6494 1711999690.8059 1126110966.2905 1441829719.7031 1323586331.0245 1783484773.0364 1279683677.9022 2064296302.1995 1085896006.4564 1680917868.6886 
1947867910.7980 1955677098.0549 1420836120.6744 1156888800.5656 1888930529.9981 1590772000.9493 1761110214.6092 1417616811.4191 1618148126.7996 1894186823.4888 2064982135.5287 
1132334236.8673 1949895609.3818 2044754956.0074 1235832650.6583 1850865927.8064 1475602576.9345 1269522019.2930 1886149209.5047 2134756999.6883 1730516316.5082 2118560548.1328 
1932212131.4367 1866946872.4444 1198111213.5314 1948940032.1759 1935771499.9272 1780352728.2206 1911267275.4779 1799908608.4597 1267866532.4302 1675095019.3517 1424052536.2384 
1544766000.0997 1659999382.4551 2064878532.6912 1756253406.1375 1886292157.8444 1339132311.0661 1404921844.3524 1876424940.1847 1272890092.7799 1754065247.7415 1823592790.1607 
2016245894.9883 1609540755.3839 1660462161.4067 1906091672.6652 2077090474.2117 1270586535.2604 2058126165.4962 1928243423.9512 1853337849.8711 1802755458.5853 2024157386.9150 
1950115243.6193 1337290168.0674 1586033278.1038 1597312498.8697 2062348059.0781 1998607896.0588 1876405589.0909 1513970132.8530 2100448238.8455 1653480656.9234 1562834532.2057 
1089357184.8347 1174667242.8056 1895545773.6450 1586516670.7187 1340162059.4134 2135138748.0916 1415516911.2026 2118316978.3309 1590637610.7123 2054566947.3308 1436451977.6374 
1779100668.8605 1616517330.9043 1252620236.1281 1419576898.7906 1636505191.1571 1166472127.4803 1108605162.2741 2004840249.2205 1722962355.7247 1569039140.0009 1975441997.7195 
1771094939.1880 1721953417.3467 1486012088.0272 1382462390.3668 2086742643.1046 1186929241.2239 1167344423.9337 2079729535.0054 1800402732.9080 1361920620.8850 1174971006.4880 
1635504029.2801 1950189866.8747 2003296791.7717 1753793819.1738 1599118434.3273 1549527295.2345 2117407207.6448 1162670098.6935 1281805559.6793 1203610419.0046 1579604486.8707 
1566509878.0269 1912918953.8663 2093284129.1596 1400838988.1192 2062577521.9041 1976514157.8341 1889068193.1890 1347095211.2998 2089913535.8109 1586124450.4122 1733077679.2097 
1095610458.7262 1884653618.9072 1777549010.6506 1128945034.3063 1519498462.4559 1671650536.7129 1189229830.0619 1860375203.0844 1476343689.3582 1770414760.0597 2136481488.9094 
1663380008.9422 1275352246.9139 1305730468.0937 1301573548.8410 1450286141.9459 1562502700.9301 1343734720.9745 2116872781.5356 1776923008.0829 1162827832.9386 1242023369.3767 
1675860999.5943 1167923871.9947 1667979570.1569 1589182208.7041 1281603528.2204 1824498725.5017 1483391579.0822 1473366961.4424 1445597255.9602 1147403864.8465 2025616582.8928 
1766091690.8681 1203936092.2070 1304397678.6632 1982561151.5443 1278484898.9463 1552910702.3412 1845037788.3709 1306338305.1636 1375729547.6672 1493746816.8586 1551636664.0592 
1543251174.1187 1957507987.3766 1754049449.3139 1609389929.3375 2050371144.0894 1122695036.0073 1565480153.0839 1378419460.8095 2078048003.4550 1941700584.3794 2125762439.9455 
1670985927.5580 1838113399.9648 1848504961.9758 2022091598.9656 1554349694.0831 1468875342.2827 2102274747.4187 1413208787.9946 1271816785.4783 1765774463.8523 1552001762.0484 
1937047048.3429 1411757203.3603 1885067455.1888 1932369729.5336 2065236464.8624 1935752244.1060 2013035835.7866 1338017307.5079 1202710727.9376 1871335172.6011 1790191044.9273 
1678184590.2591 2144858150.5898 1859881014.6840 1557484664.0661 1511170423.3575 1896279645.7438 1371038594.7616 1317860281.9817 1095732971.5817 2075862951.0441 2000054811.3327 
1873680795.9125 2062935710.5390 1737707989.9150 1743261630.5679 1931192880.7078 1819481663.4231 2045050616.3400 1155178337.3971 1846580596.5720 1417684434.3419 1574871188.7886 
1460118228.3833 1371467462.2017 1924216225.9028 1386615386.9181 2030427699.5550 2030036955.2675 1670850756.8749 1635474480.7181 1425488855.6548 1094002521.9210 1935219217.3700 
1740666847.8613 2036929401.9985 1098061036.7843 2120430796.8059 1612168508.2758 1268345755.1073 1390936629.3376 1344264252.7356 1906982310.4844 1116212344.2873 1777813663.0457 
1782803466.9866 1313423506.6015 1877937161.0863 1714248764.5262 1455881582.1997 1135771496.3246 1975459438.8069 2094426530.6256 1328858418.4930 1200759146.7550 1553245108.5310 
2041211918.1708 1489606833.6655 1107600804.7447 2082031548.9319 1293737699.9526 1996425935.1283 1181147769.3666 1083395749.6076 1230374565.7011 2004631354.7326 1678970568.0489 
1590550305.7249 1181413325.8343 1544325285.1152 1281394760.6533 2080145760.6058 1546223955.9289 1105263905.8490 2027111851.0913 1219345051.0615 1988757425.3968 1657921657.2940 
1311391459.7284 2088360359.8787 1939091197.0852 1996573202.9032 1840391465.1331 2130569126.5674 1620040123.6295 2110123833.4974 1364148205.8788 1397881731.1295 1966475705.6700 
1303961913.0794 1703347258.3738 1484508707.9072 1855040491.5410 1151876277.3046 1484265694.3914 1944635808.7225 1852312044.6630 1402174392.6839 1319991486.1639 1869346493.9817 
2066748564.1207 1342364689.3876 1229540130.9868 1501584935.7335 1200443472.0762 1142491414.1779 1224320015.1999 1615998873.9855 1924723902.6964 1695643146.1792 1802148974.4078 
1886924119.5407 2021820879.6479 1888847708.7759 1395024989.6189 2056225938.8957 1592055021.2662 2144892040.5081 1463971298.0806 1885987139.8364 1568775939.8928 1306268536.0363 
1891252409.6013 1362633990.9088 1415333891.7949 1087058676.4381 1767118753.8684 1408599196.9357 1477149195.0932 1722259692.3190 1992954697.8964 1530971309.5252 1495739328.8398 
1812188098.8960 1310590768.0738 1541473738.1029 1957495023.4657 1204539547.7007 1737572679.2895 1863772945.6212 1547489891.0165 1868913199.9679 1992927299.6609 1663925371.4346 
1870175641.7361 1483050559.5663 1579144085.3720 1147819724.5337 1464711727.6251 1797308844.0487 1757443145.0394 2038245456.2973 1811534489.7487 1778376128.8941 1854842382.4557 
1539129309.6148 2087740334.2387 1331648902.6670 1400923725.2807 1241280748.3024 1195321447.8347 1770037218.6755 1260150622.6385 1170625903.4943 1124672996.7980 1812383746.7941 
1536451575.3154 1500694224.2350 1800485446.6640 1256349422.4340 1298852573.8641 1379219784.0844 1470782799.1531 1403823298.6967 1208528485.4650 1771484305.0400 1242311350.9473 
1567490709.7472 1711165321.8547 2086561806.6549 1545074642.1421 1844700334.5427 1407785295.1171 1758801770.4856 1164616687.6167 1306466870.4370 1851400440.6164 1673138590.3017 
1760522106.7400 1718821994.0969 1441066259.9777 1808988744.0014 1138395264.8741 1342144419.2517 1597631079.1057 1792442744.8201 1973596666.1568 1075523028.5979 1644821180.9722 
1950414888.2944 1497834467.0621 1563388355.0616 1416725632.4740 1157513659.8960 1108385173.6616 1359077027.3974 1176327604.7342 1562679287.8296 2124119192.0834 1367070202.9143 
1445858593.0428 1557444329.7737 1487728791.0200 2060033720.9334 1136316590.6429 2028843745.6227 1373593035.2596 1217601407.8803 2110023003.8633 1460401697.1793 2057584753.5592 
1634136587.9400 1455570323.2120 1521460303.2478 2015376089.3871 2057109073.4933 1859485057.9270 2111082520.4828 1509106804.5168 1223985582.9670 1591661034.8455 1902724030.1990 
1549438875.3639 1964447061.3103 1496250177.3816 1558283063.1576 1808630657.8831 1481122844.8908 2005416347.6820 1126912368.6784 1897659760.8997 2101724415.7434 1653178251.4110 
2098433429.3378 1470601295.4845 1255796728.6383 2058460492.2460 2074975927.2044 1624266853.5405 1498688778.0079 1948488816.6064 1100731260.1181 1675983079.2902 1312680641.5850 
1192913556.6344 1434536199.0180 1206877380.8340 1483886361.8500 1678799427.0061 1572080637.3683 1520227166.0994 1771727964.5092 1095616892.7176 1485498499.0858 1680802285.1252 
1737552283.1976 1123477418.2721 1272417184.4342 2101776990.3642 1724995973.3893 1671859015.5125 1835118619.2951 1197937062.4316 2083495085.9382 1121607619.2465 1863550060.3510 
1977179272.6723 1364998091.4063 1524250296.8987 1100384440.3705 1814101039.2045 1229457724.4696 1353969873.4511 1732812507.2820 1872231814.8742 1513606229.6872 2109642340.5060 
1312122370.5620 1767312876.3001 1288938877.8436 2143372302.7078 1517492777.2364 1812566652.1469 1362806747.0851 1291055707.5312 1220611902.9155 1795451140.6316 1307726099.0815 
2134131345.2349 1281538004.6935 2077836742.7248 1287446254.6166 1297863942.2385 1592253038.0454 1539719863.9942 1513735120.8260 1115468137.0889 2115611420.5359 1484886593.9391 
1401084499.5757 1074034342.9049 1722818436.3939 1885362042.1691 1550967465.4840 1778360423.1003 1999796290.4678 1412487925.9597 2145764335.1505 1870145172.2857 1859145955.1781 

-1,1 -1,-1 1,-1 1,-1 -1,-1 -1,-1 1,-1 -1,-1 -1,-1 1,1 1,1 
1,-1 1,1 -1,1 1,1 1,1 -1,1 1,1 1,1 1,-1 -1,1 -1,1 
1,1 1,-1 -1,-1 -1,-1 -1,1 1,1 -1,1 1,-1 -1,1 1,-1 1,-1 
-1,-1 -1,1 1,1 -1,1 1,-1 1,-1 -1,-1 -1,1 1,1 -1,-1 -1,-1 

1,1 -1,1 1,1 1,-1 -1,-1 -1,1 -1,-1 1,-1 1,1 -1,-1 1,1 
-1,-1 1,1 1,-1 1,1 -1,1 1,1 -1,1 -1,-1 -1,1 1,-1 -1,-1 
1,-1 -1,-1 -1,-1 -1,-1 1,1 1,-1 1,1 1,1 -1,-1 -1,1 1,-1 
-1,1 1,-1 -1,1 -1,1 1,-1 -1,-1 1,-1 -1,1 1,-1 1,1 -1,1 

-1,-1 1,-1 -1,-1 1,1 1,-1 1,1 1,-1 -1,1 -1,-1 1,1 -1,-1 
1,-1 1,1 1,-1 -1,1 -1,-1 -1,1 1,1 1,-1 -1,1 -1,-1 -1,1 
1,1 -1,-1 1,1 1,-1 -1,1 1,-1 -1,-1 -1,-1 1,-1 -1,1 1,1 
-1,1 -1,1 -1,1 -1,-1 1,1 -1,-1 -1,1 1,1 1,1 1,-1 1,-1 

1,-1 1,1 1,-1 -1,-1 1,-1 -1,-1 1,1 -1,-1 -1,1 1,-1 1,1 
-1,-1 -1,1 -1,-1 -1,1 -1,-1 1,1 -1,1 1,-1 1,1 -1,-1 -1,1 
1,1 -1,-1 1,1 1,1 1,1 -1,1 1,-1 1,1 -1,-1 -1,1 1,-1 
-1,1 1,-1 -1,1 1,-1 -1,1 1,-1 -1,-1 -1,1 1,-1 1,1 -1,-1 

1,-1 -1,1 1,1 1,-1 1,1 -1,-1 1,1 1,-1 -1,1 1,1 -1,1 
-1,-1 1,-1 -1,1 1,1 -1,-1 1,-1 -1,-1 -1,1 -1,-1 -1,1 -1,-1 
-1,1 -1,-1 1,-1 -1,-1 -1,1 -1,1 1,-1 -1,-1 1,1 1,-1 1,-1 
1,1 1,1 -1,-1 -1,1 1,-1 1,1 -1,1 1,1 1,-1 -1,-1 1,1 

-1,-1 1,1 -1,1 1,-1 1,1 -1,-1 1,1 -1,-1 1,-1 -1,1 1,-1 
1,-1 -1,1 1,-1 1,1 1,-1 -1,1 -1,-1 -1,1 -1,-1 1,-1 -1,-1 
1,1 1,-1 1,1 -1,1 -1,1 1,1 1,-1 1,1 1,1 -1,-1 -1,1 
-1,1 -1,-1 -1,-1 -1,-1 -1,-1 1,-1 -1,1 1,-1 -1,1 1,1 1,1 

-1,-1 1,-1 -1,1 1,-1 -1,-1 -1,-1 1,1 1,1 1,-1 1,-1 1,-1 
1,-1 -1,-1 1,1 1,1 -1,1 1,-1 -1,1 -1,1 -1,1 -1,1 -1,1 
-1,1 -1,1 -1,-1 -1,-1 1,-1 -1,1 1,-1 -1,-1 -1,-1 -1,-1 1,1 
1,1 1,1 1,-1 -1,1 1,1 1,1 -1,-1 1,-1 1,1 1,1 -1,-1 

-1,-1 1,-1 1,-1 1,-1 -1,1 1,-1 -1,-1 -1,-1 -1,-1 -1,-1 -1,-1 
-1,1 1,1 -1,-1 -1,-1 1,1 1,1 1,1 1,-1 -1,1 -1,1 1,1 
1,-1 -1,-1 1,1 -1,1 1,-1 -1,-1 -1,1 1,1 1,-1 1,1 1,-1 
1,1 -1,1 -1,1 1,1 -1,-1 -1,1 1,-1 -1,1 1,1 1,-1 -1,1 

-1,-1 1,1 1,1 -1,-1 -1,1 1,-1 -1,1 1,-1 -1,-1 -1,-1 -1,1 
-1,1 -1,1 1,-1 1,-1 1,1 1,1 -1,-1 1,1 1,1 1,1 1,1 
1,-1 1,-1 -1,-1 1,1 1,-1 -1,1 1,-1 -1,1 1,-1 1,-1 -1,-1 
1,1 -1,-1 -1,1 -1,1 -1,-1 -1,-1 1,1 -1,-1 -1,1 -1,1 1,-1 

-1,-1 -1,-1 1,1 -1,1 -1,1 1,-1 -1,1 -1,1 1,1 -1,1 1,-1 
1,1 1,-1 1,-1 1,-1 1,1 1,1 -1,-1 1,-1 1,-1 -1,-1 -1,-1 
1,-1 1,1 -1,-1 1,1 -1,-1 -1,1 1,-1 -1,-1 -1,1 1,1 -1,1 
-1,1 -1,1 -1,1 -1,-1 1,-1 -1,-1 1,1 1,1 -1,-1 1,-1 1,1 

1,-1 1,1 1,-1 1,1 1,1 1,1 1,1 -1,1 1,1 1,1 1,1 
-1,1 -1,1 -1,1 -1,-1 -1,1 -1,1 -1,-1 -1,-1 1,-1 1,-1 1,-1 
1,1 1,-1 -1,-1 -1,1 -1,-1 -1,-1 1,-1 1,1 -1,1 -1,-1 -1,-1 
-1,-1 -1,-1 1,1 1,-1 1,-1 1,-1 -1,1 1,-1 -1,-1 -1,1 -1,1 

1,1 -1,-1 -1,1 1,-1 1,1 -1,1 -1,-1 1,1 1,-1 1,1 -1,-1 
1,-1 -1,1 1,1 -1,-1 -1,1 1,-1 -1,1 -1,-1 1,1 1,-1 1,1 
-1,-1 1,-1 1,-1 1,1 -1,-1 -1,-1 1,-1 -1,1 -1,1 -1,1 -1,1 
-1,1 1,1 -1,-1 -1,1 1,-1 1,1 1,1 1,-1 -1,-1 -1,-1 1,-1 

1,1 1,-1 -1,-1 1,1 -1,-1 1,-1 -1,-1 1,-1 -1,-1 -1,1 1,1 
-1,1 1,1 -1,1 -1,-1 1,-1 1,1 -1,1 -1,-1 1,1 1,-1 -1,1 
-1,-1 -1,-1 1,1 1,-1 1,1 -1,-1 1,1 1,1 -1,1 1,1 1,-1 
1,-1 -1,1 1,-1 -1,1 -1,1 -1,1 1,-1 -1,1 1,-1 -1,-1 -1,-1 

-1,1 -1,-1 -1,1 1,-1 -1,1 1,-1 -1,1 1,-1 -1,-1 1,-1 -1,-1 
1,1 -1,1 -1,-1 -1,1 1,1 -1,1 1,-1 -1,-1 1,-1 -1,-1 -1,1 
-1,-1 1,1 1,-1 1,1 1,-1 -1,-1 -1,-1 1,1 -1,1 1,1 1,1 
1,-1 1,-1 1,1 -1,-1 -1,-1 1,1 1,1 -1,1 1,1 -1,1 1,-1 

-1,1 -1,-1 1,-1 1,1 1,-1 -1,-1 1,1 -1,-1 1,1 -1,-1 1,-1 
-1,-1 1,-1 -1,-1 1,-1 -1,1 1,1 -1,-1 1,1 -1,-1 -1,1 1,1 
1,1 1,1 -1,1 -1,-1 1,1 1,-1 1,-1 -1,1 1,-1 1,1 -1,-1 
1,-1 -1,1 1,1 -1,1 -1,-1 -1,1 -1,1 1,-1 -1,1 1,-1 -1,1 


0 8 6 9 
0 9 4 7 
8 10 2 5 
5 8 3 4 
7 6 10 0 
5 3 4 2 
2 5 1 6 
10 3 4 2 
8 3 9 4 
8 0 5 4 
3 7 9 1 
0 7 8 1 
4 3 7 9 
10 9 4 6 
1 5 8 4 


