1850366688.7999 1918381909.4396 1198201229.5811 1960831712.3914 1614239985.6964 1415530709.9565 1237716800.1187 1404172489.6364 1878069864.3215 1767654227.6145 1408168153.6262 
1458716293.2025 1382657175.2400 2134619873.1736 2124567080.8020 1931052581.9449 1702723398.2163 1131224034.6956 1916669486.1620 1413906557.3799 1393501290.0526 1923028590.8466 
1642119965.3612 2139032592.8293 1829773879.5630 1675107271.5461 1640906143.5363 1290109499.5389 2063620849.2952 1958601865.9829 1449938630.0918 1648760229.7906 1505558390.7085 
1161759570.1379 1485964006.2433 1167865423.7907 1408904153.9582 1196384553.2184 1868891979.0878 1212527046.7680 1632895204.2052 1799538314.8168 1078987203.3562 1325859640.7871 
2146761141.1665 1132372519.9000 1222206784.0037 2051198320.8519 2126029473.9155 1803526518.7714 1149475622.6350 1950213943.5370 1937919290.8993 1087861834.8851 1107021757.5394 
1949723071.2769 1330374033.9917 1652902163.5378 2088011969.1673 1905203707.8270 1247561236.4896 1195277849.4881 2091609237.6338 1350824544.9643 1617119697.0577 1160410596.2566 
1365226807.0733 2020284785.1506 1947025440.3080 1512982218.5491 2052268008.5688 1897372474.0743 1894401435.3019 1179765712.8839 1824065252.9809 1453604072.6620 2076143744.8758 
1905382947.4421 1821750876.9272 1668413364.7489 1307944895.3372 1076846689.4626 1375145504.5805 2085592238.3389 1768534730.7620 1371322308.4830 1558432675.4262 2091152909.8171 
1617568224.6413 1837450738.3975 1788380503.2335 1411356717.8406 1934774378.6007 1444013847.6036 2109869338.8506 1988220923.4682 2116593273.0223 1927553493.5357 1999490199.6076 
1341383604.4979 1764520316.3067 2006934831.1567 2116734598.4844 1162358312.4291 1911913985.3260 1376790049.1271 1540202278.2017 1879943998.4426 1641046976.6643 2066033065.8637 
1148855467.6076 1269448902.5494 1567343098.6356 1873417158.3506 1432388138.3885 2007958137.7685 2060046452.4404 1508582333.0892 1608268915.7202 1757736491.0434 1144893643.7611 
1127774012.9107 1352041783.6351 1316327472.3042 1372168163.8428 1475880680.4693 1525641384.2080 1256857844.4034 1739781056.7539 2060772648.0882 1830338779.0723 1955897588.7287 
2135253638.0654 1150259233.3547 1718147756.4537 2065053759.2820 1554892601.8214 1150438598.2351 1235759146.4082 1594566826.4924 1800684427.3458 1300635937.0326 1646530734.7906 
1847059297.0777 1857817710.4983 1676826886.0291 1185186312.5702 1112474969.7418 1831086994.3452 1122511654.3084 1357396769.9549 1487581810.3738 1940549726.6718 1447615304.3069 
1298343490.2811 1985733201.1649 2084028857.0222 1384639706.1689 1581997725.6750 1275650318.4864 1661823019.2581 1372005902.3184 1435484811.6617 2044514028.0383 2017040480.0002 
1509450274.0094 1692834175.5918 1229781437.8907 1478055951.6002 1173350929.4044 1967931026.9104 1886246080.5116 1484230980.8406 1509174224.0452 1679053942.9185 1511279031.8036 
1084237795.8375 2021410477.0279 2023927811.1897 2123522925.4841 1202672025.0946 2071020002.4841 1498013367.4624 1941490875.8139 1927668194.6198 2033501636.0369 1617940310.4415 
1415835582.9169 1925093183.6450 1493657913.8812 1328342835.1555 1816672248.7934 1681465873.5138 1517990006.1866 1603961461.3441 1677297491.2568 2058262988.5664 1702300468.3116 
1610672545.8321 2130785665.2025 1610028209.3149 1920268037.9637 1565514967.1847 2144118534.7951 1961424142.9901 1609082911.3282 2117715933.7493 1452971849.8801 1755601009.1292 
2049199985.8902 1984576714.1440 1564345703.9871 1566922941.1064 1683962366.3858 1877338962.5597 1268515855.9293 1840406977.5875 2087487535.6487 1212386443.5774 1260531873.7579 
1125606623.9362 1233702917.0621 1851524565.6389 1947916146.5291 1648047646.6459 1308659003.9482 1619267202.0567 1284377075.6792 1261194682.1838 1907403392.8517 1676009351.1042 
1872680161.3121 1528492006.7100 1425394815.3704 1494299952.0578 2024541478.3287 1908423345.0865 1096386761.0469 2128994330.7104 1227873734.4393 1265835224.9721 1255071646.0628 
1525301897.5747 1679236814.6398 1679627398.3917 1657455094.4279 2030692310.7468 1698590788.5298 1391803286.5949 1655346139.8081 1579238468.8209 1141006210.7660 1474861587.8095 
2085850754.2540 2032330803.5310 1151214516.8435 1457528415.6873 1857390574.8854 1765072517.7683 1714703835.7062 1667531112.9584 1358056673.9790 1085029188.1635 2062219303.7597 
1539730868.1237 1388796083.7957 1085514360.2419 1958601061.9603 1973105016.5727 1101783116.7746 1412817574.7773 1575724920.6995 1500806690.6028 2003745210.7335 1847040502.2701 
1456325763.4773 1462283744.6050 1768383937.5195 1278000471.7159 1647192042.6377 1829023399.7366 1860914451.3456 1594346885.1885 1546356027.3876 1949196526.1686 1191522372.2415 
1795251053.4660 1304684829.0127 1212976465.0749 1524816057.6218 2067949660.6994 1507627511.4417 1375950827.0311 1742836506.8224 1276473044.7709 1928232901.4452 1624897695.0760 
1489194574.9363 2028370455.3757 1189942008.8844 1753907284.5590 1459814744.0856 2058950561.9668 1481916795.4875 1989664900.3811 1130274659.4049 1372524375.7251 2061759659.8027 
1421418955.4162 1858584284.2806 1566034037.4254 1756908921.9969 2012915442.5926 1920140166.6078 1706655003.8154 1542083843.3484 1661647124.4651 1717223686.7633 1940240803.4337 
1344264321.7929 1137917468.7687 1924061695.5542 1171500538.0083 1097966254.6184 1230007226.7349 2091478336.9386 1505431065.5838 2130542425.5436 1210984838.5396 1214252736.7454 
1516116719.6023 1683915598.7576 1461785875.3067 1440218491.3173 1467288997.0482 1431117449.3783 1749233921.0827 1678903160.7142 1445197088.0620 1762430995.7875 1798001478.1103 
1852689958.5489 1341332608.5849 1977026388.6055 1315171145.6634 2025110088.4011 1409101141.0717 1699481899.7286 2112711269.2405 1455702107.2143 1684395597.9309 1476326340.0769 
1665002312.8257 1876338025.6704 1184655210.0175 2082864191.4889 1333536779.0062 1613733904.7542 1897938684.4450 2059314084.3869 1223835174.5922 1803385889.8655 1090186207.9792 
1930022737.9973 1913407626.8526 2019293192.9152 1263222711.9106 1939012401.2532 1671112330.4834 1205176452.8646 1898542305.4241 1997502560.0534 1978207019.5350 1509203282.0842 
1088598726.5960 1415787803.0942 1118675534.5200 1916060855.4523 1607681589.2970 1481295500.6893 1409663049.4784 2131617552.5288 1914399545.6090 1515726074.2094 1372491640.4102 
1225325802.2676 1610250383.8519 1581635236.8871 1272888164.6469 1387652065.3851 1809034108.4623 1451906876.5211 1200216454.7771 1541814072.2731 1488462940.1925 1707046502.3504 
1212984910.6059 1315199669.9927 2131706645.2236 1979661884.8671 2131792725.5503 1632998448.2179 1772477987.5996 1882619188.3206 1803101927.2522 1521474789.6585 2062981369.5448 
1488318198.5401 1756948601.7641 1839900245.7421 1355856029.5015 1278261004.1204 1224181820.2827 1906698485.1747 1591904393.0090 1556583679.2813 1352148892.6579 2134411854.9043 
1494532187.5872 1474782061.1343 1570650598.6518 1302795367.7049 2100978844.1143 2026813384.9238 1095916413.1106 2052592097.9582 1931711649.6427 1232826157.9368 1981244143.3979 
1666563423.0004 1782811200.3011 1844892649.6570 1815220395.0017 1329564581.3233 1456499845.0198 2096793532.5584 1774698466.9333 1801116265.1229 1192375433.3114 1273608372.1566 
1390989511.5249 1304133338.6121 1555388504.5776 1115549635.0837 1185016758.3070 1631885065.3985 1907391064.5115 1324635665.1804 1941074469.8956 1660930231.1124 1675228959.1135 
1792010750.6294 1756657840.0739 1431113669.5857 1292165259.6274 1254777995.1311 1089306820.3704 1529150357.7415 1499186308.5916 2080567143.1233 2022991606.1708 1404226341.9871 
1102261288.5204 1673657595.7626 1407269932.9730 1592214938.7970 1488267529.1481 1855826651.4596 1683435671.4525 1243131066.8469 1845687689.4217 1392349388.3301 1760960586.6805 
2125437318.9073 1247461577.1191 1216328656.7277 1355403685.6995 1644965671.9217 2007423264.9783 1103152207.8631 1846408944.8961 1077004500.1812 1611121017.5354 1089093191.7423 
2129641885.1289 2058159963.2806 1173176939.0125 1268865133.8977 1315491254.3322 1874409823.7660 1484434617.2059 1283248670.4286 1480603753.5569 1688117223.8239 1373968892.6083 
1140736568.7503 1233762525.4746 1358128454.6460 1832786882.9217 1280094014.2591 1539460765.4222 1923109700.6794 1565298887.9244 1887509096.3650 1121369442.8875 1412583474.5669 
1583876091.8750 1509647280.9051 1261747935.7322 1352649236.1650 1226674403.9748 1735656033.5233 2131148732.3698 1674727113.2166 1334965036.2761 1253920632.0971 1878172505.8951 
1200464489.8896 1488732765.1649 2101508603.8295 1796770275.8557 1664060486.7374 1427823769.3816 2002526645.5411 1106569505.5435 1460605058.7819 1460377016.5946 1159119970.5293 
1173327534.7936 1407900115.2058 2121371309.7219 1611609934.1361 1078348683.0587 1307637867.2728 1540664459.4917 1519662150.2243 1868567667.6774 1819450180.2950 1606568575.6852 
1837856203.8105 1863624814.9769 2066479692.3405 1711359010.6270 1920448925.0161 1513725935.5522 1814293472.6678 1682975677.8980 1183967390.6918 1675050938.2260 1816528496.7589 
2067752748.7485 1789079194.6627 1988461889.8463 1332026671.1775 2115864328.9031 1396675936.8363 2018624552.2816 1138235223.0612 1331576406.4893 1479330013.2864 1670854954.3390 
1914359014.5107 1820472836.1760 1268345148.8739 2009627495.9091 1468861370.4548 1500534705.7490 1348101016.9942 1941248034.5443 1210882458.0517 1419296641.6351 1881551030.1919 
1359697401.4795 1442146413.8370 1813810058.4596 1235617380.1980 1409724525.2108 1812275986.2125 1369336111.8164 1785147467.0926 1475360055.0973 1683006988.7800 1355088660.5962 
1233272009.0728 1453782256.3961 1924193174.6288 1078830767.4510 1872553220.0719 1304866855.5082 1992928443.2259 1478083729.2705 1798075712.7036 1224986518.0453 1110571182.2311 
1837863146.9518 1362967087.0650 1868623314.3240 1139335242.5971 1614924744.3623 1670012316.5527 1401700161.4385 1756341003.8588 1631593877.7928 1564470270.9132 2000471404.9851 
1558674395.8795 1833280625.4687 1916527159.2160 1674239445.5085 1828739813.9193 1269951931.0758 2117663646.5850 2062151453.5382 1885635693.4149 1578953600.6517 1341510816.2233 
2020793229.0410 1086216635.4856 1314717264.3569 2019053737.3432 1236169550.5114 1883199598.4732 1475860154.9899 1785764934.7897 1206858423.1798 1209827238.4464 1979713556.8985 
1746510394.5959 1353002547.5953 1899342613.3664 1448075914.8053 1698560392.7587 2128734837.0434 1869912228.0064 1849933001.3465 1285957983.4564 1565230771.8398 1183183508.1759 
1309518865.2506 1146433103.8459 1478532994.2858 1420956408.8685 1120873479.4734 1537589049.3017 1101327462.7654 2015576321.2725 2075634531.0776 1223594168.8218 1093856566.8185 
1725048352.0320 1139360931.4265 1633115467.5803 1742841895.4878 1902188382.3958 1791300473.8970 1327633407.1154 1623469952.0613 1153635461.9497 1995507982.6356 1306838935.2994 

-1,-1 1,1 1,-1 1,-1 -1,1 -1,-1 -1,-1 -1,-1 -1,1 -1,1 1,-1 
1,-1 -1,1 -1,1 -1,-1 1,1 1,1 -1,1 1,1 1,-1 -1,-1 -1,-1 
1,1 -1,-1 -1,-1 1,1 -1,-1 -1,1 1,1 -1,1 -1,-1 1,1 1,1 
-1,1 1,-1 1,1 -1,1 1,-1 1,-1 1,-1 1,-1 1,1 1,-1 -1,1 

1,-1 1,-1 -1,-1 -1,-1 1,1 1,1 1,1 -1,1 1,1 -1,1 -1,1 
-1,1 -1,1 -1,1 1,-1 -1,1 -1,1 -1,-1 -1,-1 -1,-1 -1,-1 1,1 
-1,-1 1,1 1,-1 1,1 -1,-1 1,-1 -1,1 1,1 -1,1 1,-1 1,-1 
1,1 -1,-1 1,1 -1,1 1,-1 -1,-1 1,-1 1,-1 1,-1 1,1 -1,-1 

-1,1 -1,1 1,1 -1,1 -1,-1 -1,-1 1,-1 1,1 -1,1 -1,1 1,1 
-1,-1 1,-1 1,-1 1,-1 1,1 1,1 -1,1 -1,-1 -1,-1 -1,-1 -1,-1 
1,-1 -1,-1 -1,1 1,1 1,-1 -1,1 1,1 1,-1 1,1 1,-1 -1,1 
1,1 1,1 -1,-1 -1,-1 -1,1 1,-1 -1,-1 -1,1 1,-1 1,1 1,-1 

1,1 1,1 1,1 1,1 1,-1 1,-1 -1,-1 1,1 -1,-1 -1,-1 1,1 
-1,-1 -1,1 -1,-1 -1,-1 -1,1 -1,1 -1,1 -1,1 -1,1 -1,1 1,-1 
-1,1 -1,-1 1,-1 -1,1 -1,-1 1,1 1,-1 -1,-1 1,-1 1,1 -1,-1 
1,-1 1,-1 -1,1 1,-1 1,1 -1,-1 1,1 1,-1 1,1 1,-1 -1,1 

-1,1 1,1 1,1 1,1 -1,-1 -1,1 1,1 -1,1 -1,1 -1,-1 1,1 
-1,-1 1,-1 -1,-1 -1,1 1,-1 1,-1 -1,-1 -1,-1 1,1 1,-1 1,-1 
1,-1 -1,-1 1,-1 1,-1 -1,1 1,1 -1,1 1,-1 -1,-1 -1,1 -1,-1 
1,1 -1,1 -1,1 -1,-1 1,1 -1,-1 1,-1 1,1 1,-1 1,1 -1,1 

-1,-1 1,1 -1,-1 -1,-1 -1,1 -1,1 -1,1 -1,1 -1,1 -1,-1 -1,-1 
1,-1 1,-1 -1,1 1,-1 1,-1 1,-1 1,-1 -1,-1 1,1 1,-1 1,1 
-1,1 -1,1 1,-1 1,1 -1,-1 1,1 -1,-1 1,-1 1,-1 1,1 1,-1 
1,1 -1,-1 1,1 -1,1 1,1 -1,-1 1,1 1,1 -1,-1 -1,1 -1,1 

-1,-1 -1,-1 -1,-1 1,-1 1,-1 -1,-1 -1,1 1,-1 1,-1 1,-1 1,-1 
1,-1 -1,1 1,1 -1,1 1,1 1,1 1,1 -1,-1 1,1 1,1 -1,1 
1,1 1,1 -1,1 1,1 -1,-1 1,-1 1,-1 -1,1 -1,-1 -1,1 -1,-1 
-1,1 1,-1 1,-1 -1,-1 -1,1 -1,1 -1,-1 1,1 -1,1 -1,-1 1,1 

-1,1 1,1 1,-1 -1,-1 -1,1 -1,-1 -1,1 1,-1 -1,-1 -1,1 -1,-1 
1,-1 -1,1 1,1 -1,1 -1,-1 1,1 -1,-1 -1,1 1,-1 -1,-1 1,1 
1,1 -1,-1 -1,-1 1,1 1,-1 -1,1 1,-1 -1,-1 -1,1 1,-1 -1,1 
-1,-1 1,-1 -1,1 1,-1 1,1 1,-1 1,1 1,1 1,1 1,1 1,-1 

1,-1 -1,-1 -1,1 1,-1 -1,-1 -1,1 -1,-1 1,1 -1,-1 1,1 1,-1 
-1,1 1,-1 1,1 -1,-1 -1,1 1,-1 -1,1 1,-1 1,1 -1,1 1,1 
-1,-1 1,1 -1,-1 -1,1 1,-1 1,1 1,1 -1,1 -1,1 1,-1 -1,1 
1,1 -1,1 1,-1 1,1 1,1 -1,-1 1,-1 -1,-1 1,-1 -1,-1 -1,-1 

-1,1 -1,-1 1,-1 1,1 1,-1 -1,-1 1,1 -1,-1 1,-1 -1,1 -1,-1 
-1,-1 1,-1 -1,-1 1,-1 -1,1 1,-1 -1,1 1,-1 1,1 1,-1 -1,1 
1,1 1,1 1,1 -1,1 -1,-1 1,1 1,-1 1,1 -1,1 -1,-1 1,-1 
1,-1 -1,1 -1,1 -1,-1 1,1 -1,1 -1,-1 -1,1 -1,-1 1,1 1,1 

1,-1 -1,1 1,1 -1,-1 1,1 -1,-1 1,1 -1,1 1,-1 -1,-1 1,1 
-1,-1 1,1 -1,1 1,1 -1,-1 1,1 -1,1 -1,-1 -1,1 1,1 -1,-1 
-1,1 -1,-1 1,-1 1,-1 -1,1 1,-1 1,-1 1,1 1,1 1,-1 -1,1 
1,1 1,-1 -1,-1 -1,1 1,-1 -1,1 -1,-1 1,-1 -1,-1 -1,1 1,-1 

-1,1 1,1 1,-1 -1,1 1,1 -1,-1 1,-1 1,1 1,-1 -1,1 1,-1 
1,1 -1,1 -1,-1 1,-1 -1,-1 1,-1 1,1 1,-1 -1,1 1,1 -1,1 
-1,-1 -1,-1 1,1 -1,-1 -1,1 -1,1 -1,1 -1,-1 -1,-1 -1,-1 -1,-1 
1,-1 1,-1 -1,1 1,1 1,-1 1,1 -1,-1 -1,1 1,1 1,-1 1,1 

-1,1 1,-1 1,1 1,-1 1,1 -1,-1 1,1 1,-1 1,1 -1,-1 1,1 
1,-1 1,1 -1,1 1,1 -1,-1 1,1 -1,-1 -1,1 1,-1 -1,1 -1,-1 
-1,-1 -1,-1 -1,-1 -1,-1 -1,1 1,-1 1,-1 -1,-1 -1,1 1,1 -1,1 
1,1 -1,1 1,-1 -1,1 1,-1 -1,1 -1,1 1,1 -1,-1 1,-1 1,-1 

-1,-1 -1,1 1,-1 -1,1 1,1 -1,1 1,1 -1,1 -1,-1 1,-1 1,1 
1,1 -1,-1 -1,1 1,-1 -1,1 1,1 1,-1 -1,-1 1,-1 -1,1 1,-1 
-1,1 1,-1 1,1 1,1 -1,-1 -1,-1 -1,1 1,-1 1,1 -1,-1 -1,1 
1,-1 1,1 -1,-1 -1,-1 1,-1 1,-1 -1,-1 1,1 -1,1 1,1 -1,-1 

-1,1 -1,-1 1,1 -1,-1 1,1 -1,-1 1,-1 -1,-1 1,1 -1,1 1,1 
-1,-1 1,1 -1,-1 1,-1 -1,-1 1,-1 -1,1 1,-1 -1,1 -1,-1 -1,1 
1,-1 -1,1 -1,1 1,1 1,-1 1,1 -1,-1 1,1 1,-1 1,1 -1,-1 
1,1 1,-1 1,-1 -1,1 -1,1 -1,1 1,1 -1,1 -1,-1 1,-1 1,-1 


0 9 3 7 
1 5 2 6 
3 2 4 10 
8 9 4 1 
10 7 5 6 
10 1 5 8 
8 4 5 0 
7 8 10 5 
5 0 2 10 
8 3 9 5 
6 10 1 2 
9 8 4 0 
8 3 0 6 
3 0 5 6 
7 5 10 0 


