2031196564.9171 1744957619.5195 1161910851.7648 1988253946.8951 1769016056.4571 1353384170.7333 1567179634.0438 1317712968.0537 1401271528.7133 1892179717.6306 1455507211.2527 
1279040985.5281 1312878454.9698 1086086678.0831 1837986613.3271 1385128642.0519 1710811455.1215 1406436633.2520 1723512732.3976 1155553999.9233 1447875200.6407 1750938877.2366 
2123196727.9716 1495982375.8148 1521837211.5278 1393512839.7578 1269515299.3284 2028019877.5843 1857975293.2628 1932955037.0009 1107316177.5511 1639594458.2923 1914147925.8543 
1574816901.2951 1765761368.2431 1437960439.8397 1394157590.8078 1669402500.2469 1728516435.9702 1350790799.2659 2028513601.1768 1422346000.2211 1607415214.3020 1742608535.3479 
1562368230.7529 1587749827.1494 1723368422.9214 1901937612.4890 1294946861.9721 1985660099.5816 1848621811.7308 1357541035.2612 2129693323.6009 1213158223.3962 1763328948.2665 
1123063745.0094 1922667841.3022 1231298283.1552 1482404423.4756 2008040222.2145 1444944510.0100 1651935178.2078 1941837868.9632 1265644429.7189 1787027450.5650 1199055463.5534 
2070174470.6788 1693253416.5268 1161212360.1079 1930386129.3745 1299528010.1249 2146885633.5855 2137589028.3105 1225532119.2024 1571244207.4302 1193516329.7489 1278140163.5899 
2100165925.1528 1882503440.4272 1296506249.8745 1874800542.1827 1874219481.6268 2061163597.7533 2114892553.3971 2041260936.8311 2101785908.1193 1840948624.5671 1117543005.4845 
1143679723.8694 1446068128.7066 1205702555.0860 1454910185.6284 1464293516.5281 1690112598.1758 1692327494.5214 1737010500.8976 1398989531.2885 2098986182.9635 1553380965.8876 
1674601597.3926 1126623522.0997 1404333600.1796 2133226655.3200 1449996841.7699 1674432314.2701 1961156628.5521 2112396760.7033 1987328381.2479 1974271431.4044 1422095359.7017 
1184384348.9464 1101820117.9554 1476595874.6263 1604783165.3791 1949315792.4411 1302353094.7781 2001321540.0601 1295657235.2880 1897496274.0591 1632778063.5271 2009407630.0954 
2140319624.3594 1350413828.1894 2034305339.7319 1361773258.9930 1880341316.9916 1419165445.5672 1384079504.7018 1225033364.4582 1293090646.7677 1093556377.7233 1301811732.2884 
1731095824.0715 1334218722.4377 1269338965.2706 1846913053.0355 1616678469.6292 2042128859.1246 1255526355.1238 1345146897.9656 1341731368.8659 2136302809.3747 1435281754.3313 
1541109756.4803 1267218548.4742 1928257225.0161 1537688170.1851 1438694005.8553 1714341024.8471 1975793778.4060 1759607600.9304 1511624923.7466 1875835521.7818 1831210568.6869 
1445991419.0768 1854329443.5898 1836529235.8773 2001800868.7203 1962846006.1608 2068778859.3843 1371523500.8046 1378991075.8336 2019570855.8742 1501808793.8059 1815006375.9005 
1145137370.9766 1794547863.4392 1181753430.8948 1886712415.0959 1717586967.7077 1251359053.6353 1083506726.6071 1593545756.9078 1179332919.7759 1536423035.3258 1310698601.8347 
2069425356.4385 2125698469.5667 1730455079.1128 1088772295.6944 1163136826.7173 2073764208.0696 1974068211.8829 1328599161.0241 1934963347.4097 1582070473.2111 1372808803.1462 
1984959395.9572 1873244483.2698 1888583198.4619 1124204445.7965 1464121451.8027 1583775964.2301 1402525846.5217 1280894545.3781 1704988884.3416 1168824989.9611 1815245395.3465 
1352054046.5400 1419183348.4959 1214473666.1840 1683117021.9869 1349597022.9522 1555321397.8932 1960908885.3458 1970130366.1318 1215022155.5993 1747285673.8393 1461714053.7642 
1995877470.7727 1595171777.4597 1480078223.7818 1572576422.6033 1580492974.0357 1954222699.3416 1717685494.0682 2093418731.6906 2077572376.3029 1964614098.1783 1877467330.0439 
1648662268.7880 1348224519.7953 1536337942.6338 1570033940.9102 1669240283.7200 1514604889.5014 1094971465.8769 1399625181.9545 1297053494.1915 1370860472.9963 1944644739.1714 
1204238013.1293 1348494049.5672 1137484373.3717 2087002535.8164 1583365455.6271 1660000612.5487 1758321612.9153 1474905843.6478 1734419487.2731 2075792445.6406 1704728719.5058 
1107294715.3677 1360898276.3648 1316167345.1182 1764790677.9552 1478029083.2800 1768073494.7480 1450238034.4467 1660979649.1453 1319636717.6691 1947100716.2776 1810495172.4153 
1724413117.7097 1621871868.4043 1294022945.5733 2129887300.9850 2010517916.6569 1346642346.8098 1457139094.1773 1881041714.8605 2071441908.6562 1674202226.4285 1388641171.2181 
1271540942.2028 1168570480.6373 1705890096.7528 1166456258.0122 1239754269.2720 1901184307.5453 1137112852.9294 2119601674.4391 1741554972.9073 2032837692.9455 1416778777.5579 
1320187411.4634 2098935783.2290 1543669151.9841 1746222449.4511 2108043015.0450 1873064505.5675 2086077754.7373 1267133831.0949 1815370411.7480 1124187563.3062 2136910196.7971 
1238348499.9016 1234027441.9219 1423524977.7802 1806316351.7144 2141846744.8935 1463796854.7468 2074652270.6469 1495142616.3872 1291622215.7411 1811286520.8993 1147471046.3658 
1823568737.2305 1344836606.6748 1218058590.3223 1626469306.9911 2134578617.3374 1645704781.5331 1781066668.0521 1960010941.1108 1683644619.8374 1508400772.2293 1324042880.5345 
1807982984.1323 1254782713.6110 1435166263.7295 1831188522.8466 1840465889.7716 1486071821.0497 1697496428.6277 1116789097.2740 1378220504.6874 1438212324.8020 2102821928.4391 
1366939032.2339 1567817352.1298 1350309802.0751 1282794765.7178 1278829991.3165 1991329787.4503 1245139934.0419 1677869998.4875 1638379425.6560 1511339990.4699 1969059941.6387 
1706572025.6796 2094879326.7138 1939431126.6054 1082936189.7127 1217663452.5925 1457824593.2415 1928789623.2699 1441764038.7626 1251725018.4435 1570207726.4246 1369196776.3006 
2035372643.7351 2021987801.9610 2138903556.3152 1452246821.7015 1443720331.6644 1153327229.6625 1661542182.4122 2063906317.2648 1592038547.8756 1312198864.1036 1307316143.4704 
1834112576.7470 2045703431.8475 2029065831.3202 1664466837.2686 1311818570.4538 1380684443.0624 1482044164.1265 1497395318.4194 1300630009.8800 1379232747.9952 2020292700.7663 
1275640548.2447 1395126683.9333 1346689449.5308 2012620128.5633 2026724695.3958 2125287954.3752 1084344925.2982 1114044698.0213 1936542177.2287 2098078970.5481 2142595004.8362 
1389399443.0336 1103373419.9807 1282030326.6018 1963878847.4717 1395354765.8406 1135796396.6194 1667711414.2152 1273250171.8111 1743793411.0500 1352977897.8312 1167675961.4921 
1455749202.0190 1195054087.3438 1751124650.5654 1413489288.7645 1090017374.5043 1961903272.7056 1898271952.3474 1706222453.1663 2108954627.9911 1996893902.3174 1920105468.2173 
1354592485.2160 1603066911.5340 1542833714.6305 1529580312.2109 2065976394.4844 1410865950.4081 1996101032.8169 1275181385.9114 1997177404.4004 1472962989.5196 1266600690.6319 
1553077743.3311 1208672289.5856 2115266672.4856 1722426674.9622 2011656309.2207 1629012329.4822 1178622630.8497 1871425284.5788 2076161042.3989 1421963776.1273 1823161657.5115 
1553577772.1832 1656782203.4163 1829255244.7929 1599978120.9171 2109390326.9841 1745114735.9929 1713579635.5082 1995667813.4656 1985909150.6827 2101326614.9153 1945963724.5703 
2138957991.8227 1077009417.2781 1120000741.1165 1481435592.9191 1318578489.4900 2010513403.0546 1999892303.8828 1205088001.0180 1296308778.6710 1951398463.7086 1166567523.9514 
1633893835.5099 1183019807.5583 1594153167.7345 1178117076.5285 1826938390.5807 1779551688.4518 1847241764.6490 1581561147.1691 1124809217.4291 2120053205.6467 1644460721.8508 
1994274455.0141 1352013896.6874 1972817629.6973 1637964472.0247 1229286998.4596 1524869778.7741 1727609663.8029 1816300497.1027 1819296101.7327 1294989278.1891 1570813246.5272 
2071950802.1942 1084482674.3621 1540919205.9970 2144896029.8003 1902566708.0202 2004906715.5568 1414574292.9577 1287704802.1800 1869695770.7946 1259357592.1024 1218085143.3320 
2105118856.6447 1140192677.4994 1695686539.6481 1555209379.5174 1746263124.7692 1818780441.0939 1493907052.3386 1601569984.8598 1614577309.4818 2032027548.6707 1168516028.4862 
1574015561.7038 1926002838.6207 1507988870.5138 1083003190.0864 1427203066.3121 2076651936.2522 1660275945.1911 2033315330.3263 2092195322.4251 1906582562.0688 2118005846.0917 
1343461041.0470 1554534814.3700 2060165772.7822 1699453348.2008 1895475753.8147 1135208184.7504 1441282309.9007 1248771100.1706 1913641288.6260 1626055037.8777 2074542960.0392 
1578055191.1089 1774278576.0951 1729387686.2699 2131806180.8120 1291418553.0051 2067810740.5443 2088459886.8954 2071033719.4870 1076762888.6774 1520282561.0598 1848552454.0143 
2006274298.3226 2009756476.7152 2133901837.0836 1335909795.4479 1273652462.5095 1534544769.5036 1548176753.8559 1598348482.5915 1082905913.7740 1350648905.9794 1261557226.8520 
1481414513.7924 1853720325.3234 1762573788.0413 1892156908.3155 2002235594.0834 1599318754.2246 1871050349.1017 1675942348.0918 2030694248.9349 1668530990.0170 1592122136.5224 
1553088759.9822 1534686019.4754 2004678567.3865 1235711911.0056 2124583322.1164 1653997399.8140 2059458302.7124 1615749491.0859 1447012700.7998 2089653998.3019 1610412045.9036 
1929327443.4762 1912037298.9097 1129911446.8622 2083607859.0447 2145422947.0826 2036749919.2691 1534366793.2859 1257941198.1926 1716021408.7105 1964178396.5465 1423058373.2107 
1540312603.3148 1679104659.1190 1803835803.4730 1362155886.2537 1685486929.8047 1256015687.4128 1806247212.2248 1160654326.4386 1805684580.8910 1583601935.9291 1780560551.0118 
1936986362.6283 1407008566.8809 1580326841.2404 1380076649.5067 1884401439.2444 1349310826.7781 1364591731.9756 1245461901.4587 1447668308.7930 1501692227.3853 2030653268.6891 
1702188498.7276 1137432656.0151 1430821095.3005 2145581504.6325 1613359580.6157 1358901170.5134 1518186616.1763 1914330461.1719 2112028646.7240 1125447557.5642 1899833487.9375 
1546829845.7390 2029665557.4518 2088167170.8569 1608907876.2658 1652253922.9459 1826974980.3508 1710119587.1735 1865124030.2644 2046765687.0556 1468385581.1116 1933356291.9283 
1526465013.0819 1980367780.0232 1846094336.3088 1278393284.9066 1117136989.2183 1258375245.2985 1892824117.2722 1349592150.1974 1590450747.8877 1956414496.7769 1995653258.9809 
2057339761.6354 1192199977.6110 1212646565.2266 2060528324.0388 1103307564.9831 1451599569.2443 1095355244.7744 1272485122.3397 1917632136.7244 1236792656.7490 1992265202.9515 
1214784895.8345 1554342957.8028 1244871695.5213 1680050036.3902 1373354284.9710 1975836693.7179 1639731120.6547 1448084092.4899 1088742542.2548 1786810064.0653 1114482866.2733 
1325205141.0886 1110944517.0794 1108011685.1939 1678650707.2720 2143131419.7362 2125184929.4171 1770200845.1306 1264709115.4233 1356353402.3437 2017644200.7016 1636638614.8528 
1664852229.4887 1550721984.1925 1577484658.9920 1737030693.5952 1563888531.6001 1654003657.1095 1195545614.9568 1622622536.2926 1741450850.8650 2080990627.1755 1268524809.7825 

1,1 1,1 -1,-1 1,1 1,1 1,1 1,1 -1,1 -1,1 -1,1 1,-1 
1,-1 1,-1 -1,1 1,-1 1,-1 -1,1 1,-1 -1,-1 1,-1 -1,-1 -1,-1 
-1,-1 -1,-1 1,1 -1,-1 -1,1 -1,-1 -1,1 1,1 1,1 1,-1 1,1 
-1,1 -1,1 1,-1 -1,1 -1,-1 1,-1 -1,-1 1,-1 -1,-1 1,1 -1,1 

-1,1 -1,1 1,-1 -1,1 1,1 1,-1 1,-1 1,-1 1,-1 -1,-1 -1,1 
-1,-1 1,1 -1,-1 -1,-1 -1,-1 -1,1 1,1 -1,-1 1,1 1,1 1,-1 
1,1 -1,-1 1,1 1,-1 1,-1 1,1 -1,-1 -1,1 -1,-1 1,-1 1,1 
1,-1 1,-1 -1,1 1,1 -1,1 -1,-1 -1,1 1,1 -1,1 -1,1 -1,-1 

-1,1 1,-1 1,-1 1,-1 -1,-1 1,-1 1,-1 1,-1 1,1 1,1 1,1 
-1,-1 1,1 -1,1 1,1 1,1 -1,1 1,1 -1,1 -1,-1 -1,1 -1,1 
1,1 -1,-1 -1,-1 -1,1 1,-1 -1,-1 -1,-1 1,1 1,-1 -1,-1 1,-1 
1,-1 -1,1 1,1 -1,-1 -1,1 1,1 -1,1 -1,-1 -1,1 1,-1 -1,-1 

1,-1 1,1 1,1 1,1 1,1 -1,1 -1,1 -1,1 -1,1 -1,1 -1,-1 
-1,-1 -1,-1 -1,-1 1,-1 -1,-1 -1,-1 1,1 1,-1 1,-1 1,-1 1,-1 
1,1 -1,1 -1,1 -1,1 1,-1 1,-1 1,-1 1,1 1,1 1,1 1,1 
-1,1 1,-1 1,-1 -1,-1 -1,1 1,1 -1,-1 -1,-1 -1,-1 -1,-1 -1,1 

-1,1 1,-1 -1,-1 1,1 -1,1 1,1 -1,1 1,1 -1,-1 1,-1 -1,-1 
1,1 -1,-1 1,1 -1,-1 1,1 1,-1 1,1 -1,-1 1,-1 -1,-1 1,-1 
-1,-1 -1,1 1,-1 1,-1 -1,-1 -1,-1 1,-1 1,-1 -1,1 1,1 1,1 
1,-1 1,1 -1,1 -1,1 1,-1 -1,1 -1,-1 -1,1 1,1 -1,1 -1,1 

1,-1 1,1 -1,-1 1,1 -1,1 1,-1 -1,-1 1,1 -1,-1 1,1 -1,-1 
1,1 -1,-1 1,-1 -1,-1 1,1 -1,1 1,1 -1,-1 1,-1 -1,-1 1,1 
-1,-1 -1,1 -1,1 -1,1 1,-1 -1,-1 -1,1 -1,1 -1,1 -1,1 -1,1 
-1,1 1,-1 1,1 1,-1 -1,-1 1,1 1,-1 1,-1 1,1 1,-1 1,-1 

1,1 -1,1 1,1 -1,1 1,1 1,-1 -1,-1 1,-1 -1,-1 1,1 1,-1 
-1,1 -1,-1 1,-1 1,1 1,-1 -1,1 1,1 -1,-1 -1,1 -1,-1 -1,1 
1,-1 1,1 -1,-1 1,-1 -1,1 -1,-1 -1,1 1,1 1,-1 -1,1 1,1 
-1,-1 1,-1 -1,1 -1,-1 -1,-1 1,1 1,-1 -1,1 1,1 1,-1 -1,-1 

-1,1 -1,-1 -1,1 1,-1 1,1 1,-1 -1,-1 -1,1 1,-1 1,1 -1,-1 
-1,-1 -1,1 1,-1 -1,-1 -1,1 -1,-1 -1,1 1,-1 -1,-1 1,-1 -1,1 
1,1 1,-1 -1,-1 1,1 -1,-1 1,1 1,-1 1,1 -1,1 -1,-1 1,-1 
1,-1 1,1 1,1 -1,1 1,-1 -1,1 1,1 -1,-1 1,1 -1,1 1,1 

1,1 1,-1 -1,-1 -1,1 1,1 -1,1 1,-1 -1,1 1,-1 1,1 1,-1 
-1,-1 1,1 -1,1 1,1 -1,-1 1,-1 -1,1 1,-1 1,1 1,-1 1,1 
-1,1 -1,-1 1,1 -1,-1 1,-1 1,1 -1,-1 -1,-1 -1,1 -1,-1 -1,1 
1,-1 -1,1 1,-1 1,-1 -1,1 -1,-1 1,1 1,1 -1,-1 -1,1 -1,-1 

-1,1 -1,-1 1,-1 -1,1 1,-1 -1,-1 -1,1 1,1 -1,-1 1,-1 -1,-1 
-1,-1 -1,1 -1,-1 1,-1 -1,1 1,1 1,-1 -1,1 1,-1 -1,1 1,1 
1,1 1,1 1,1 -1,-1 1,1 1,-1 -1,-1 1,-1 1,1 -1,-1 -1,1 
1,-1 1,-1 -1,1 1,1 -1,-1 -1,1 1,1 -1,-1 -1,1 1,1 1,-1 

1,1 -1,-1 -1,1 1,1 1,-1 -1,1 1,1 -1,1 -1,-1 1,-1 -1,1 
1,-1 1,1 1,-1 -1,1 1,1 -1,-1 -1,1 1,-1 1,1 -1,1 -1,-1 
-1,-1 -1,1 1,1 -1,-1 -1,-1 1,-1 -1,-1 1,1 -1,1 -1,-1 1,-1 
-1,1 1,-1 -1,-1 1,-1 -1,1 1,1 1,-1 -1,-1 1,-1 1,1 1,1 

-1,-1 1,-1 -1,-1 -1,1 1,-1 -1,-1 -1,1 -1,-1 -1,1 -1,-1 1,-1 
-1,1 -1,-1 1,1 1,-1 -1,-1 1,1 -1,-1 -1,1 -1,-1 1,-1 1,1 
1,1 1,1 1,-1 -1,-1 1,1 1,-1 1,1 1,1 1,1 -1,1 -1,-1 
1,-1 -1,1 -1,1 1,1 -1,1 -1,1 1,-1 1,-1 1,-1 1,1 -1,1 

1,1 -1,-1 1,-1 -1,-1 -1,1 1,1 1,-1 -1,-1 1,-1 1,1 -1,1 
-1,-1 1,-1 1,1 -1,1 -1,-1 1,-1 1,1 -1,1 -1,-1 -1,1 -1,-1 
-1,1 1,1 -1,1 1,-1 1,-1 -1,1 -1,-1 1,1 -1,1 1,-1 1,1 
1,-1 -1,1 -1,-1 1,1 1,1 -1,-1 -1,1 1,-1 1,1 -1,-1 1,-1 

1,-1 1,1 -1,-1 1,1 1,-1 1,1 -1,1 1,1 -1,-1 1,1 1,-1 
-1,1 1,-1 1,1 -1,1 1,1 -1,1 -1,-1 1,-1 1,1 -1,-1 1,1 
-1,-1 -1,1 1,-1 1,-1 -1,1 -1,-1 1,1 -1,-1 -1,1 -1,1 -1,-1 
1,1 -1,-1 -1,1 -1,-1 -1,-1 1,-1 1,-1 -1,1 1,-1 1,-1 -1,1 

-1,-1 1,1 -1,-1 1,1 -1,1 1,-1 -1,1 1,1 -1,1 1,1 -1,-1 
-1,1 1,-1 1,1 1,-1 1,1 -1,1 -1,-1 -1,1 1,1 -1,1 1,1 
1,1 -1,1 -1,1 -1,-1 1,-1 -1,-1 1,-1 -1,-1 1,-1 -1,-1 1,-1 
1,-1 -1,-1 1,-1 -1,1 -1,-1 1,1 1,1 1,-1 -1,-1 1,-1 -1,1 


0 1 8 4 
0 4 6 9 
0 3 6 8 
1 3 6 5 
5 8 0 6 
6 3 1 0 
10 7 3 5 
8 5 4 2 
9 0 5 7 
4 9 1 6 
6 5 2 1 
1 2 7 5 
0 5 9 7 
3 4 0 1 
2 10 3 5 


