1527867404.6710 1928872790.9509 1945916514.3830 1282158747.6553 1350323728.4054 2058050484.5488 2118629740.0362 1637227768.7034 1694993663.1277 1679191387.7102 1965023724.3019 
1443688372.8458 1689334051.9116 1081203891.3590 1833789987.6087 1596217473.4042 1563637148.0436 1805260191.2830 2107284755.0954 1135967721.4466 1980781746.3476 1282971227.0242 
1900813263.7768 1692677827.5429 1796997363.6953 1993127685.8212 1301462035.6653 2010482800.5949 1172763955.8730 1547263348.4248 1943775946.2646 2042670893.6107 1296816639.4044 
1763760311.5085 1198025528.4552 1271672979.8745 2072021046.5120 1741954599.0241 1861306364.9134 1454617526.1256 1929633713.6710 2080345486.9634 1722411193.6561 1289031831.4265 
1923878355.2308 1807484129.6658 1861371112.7718 2117560103.2498 1239736937.9619 1370379599.9153 2007356052.9663 1279639547.0015 1217911694.0659 1753823735.9600 1921754197.8619 
1993351365.7144 2101296322.1608 1713074863.1164 1797247620.8303 1461082908.7843 1099737657.9986 1085116868.4636 1489408948.4124 1418542026.4855 2122069938.5100 1855118843.3306 
1686119943.9154 1817418718.8899 1708771620.3814 1655379347.0194 1526261915.5315 1989113607.4418 1426973554.3666 1142360354.5859 1703756156.6207 1708416216.3159 1534997353.6257 
1329796965.6946 2052125612.8933 1994266003.5501 2014262437.7381 1368107814.1358 1565887937.2753 1390016244.0118 1402441641.5865 2055168496.4402 1416455957.3267 1258407792.3793 
1163518689.3477 1748688483.7555 1514510186.2923 1977760297.4579 1887600871.4404 1938501657.8668 1661385077.4771 1539477426.5468 1100316689.0436 1134026280.5409 1218531444.4433 
1989983847.0304 1167095423.4353 2133381101.6066 1559510891.5807 1476005072.1827 1918145154.0471 1638863307.6386 2086870529.7930 2061692470.0395 1511148455.9739 1916482869.0907 
2085188657.5446 1583190328.4309 1909123657.4101 1219349551.1423 1958296525.9036 1990607078.7056 1152086977.2990 1509953389.5644 2122439446.4295 1209268099.1210 2037494877.5762 
1949579430.0030 1932900666.9287 1731071392.2065 2052614237.4156 1246364996.6777 1843990811.2300 1222979930.8920 1076862493.4954 2069220411.8506 2099947990.9387 1620316975.4774 
1968291381.5321 1314752226.7996 1782654346.3966 1354790906.9729 1583737289.5689 2136562509.4027 1142323710.0910 1410672716.0610 1698195764.5271 1213082253.8369 2063984513.9519 
1292291558.2085 1450423835.3017 1203148793.1730 1156076723.8634 1359333050.6493 1603964136.6362 1525582446.6364 1238843274.4253 1327141561.8809 1186651858.8051 1638674947.2018 
2036311160.7717 1915289561.7068 2022643945.1471 1277602886.6482 1610109735.9915 1524025208.2327 1866120280.3220 2092802645.8955 1884844371.3017 2125297006.4674 1471017120.2291 
1545676393.6627 1976387966.8749 1203473987.5628 1799199605.5075 1941302653.0085 2062749917.2725 2025381941.7288 1285234465.0839 1515472155.1309 1493550609.5357 1262159720.2541 
1830081321.8324 1259421450.0651 1733642809.3119 2062436261.0496 1775247700.0411 1573472766.7094 1810650389.2652 1511516351.7262 1187063900.2906 1697802027.9816 1796507966.2987 
1424747185.4616 1885710718.3538 1842139406.4840 1827158996.4649 1833863936.2289 1784971405.6587 2033089115.2388 1403401095.0132 1821557106.2316 1361371745.9464 1597022237.5853 
1439740529.7266 1470450973.8105 1205568681.4151 1617945030.7325 1252903700.3021 2049535017.5958 1701618215.5026 1502065622.8914 1210685195.3477 1477421311.6453 1942435306.6538 
1496077549.1093 1332171120.0960 2120072306.0376 1510291158.8753 1880124540.3473 1845802978.7679 1233062219.0841 1856275335.6290 1470695694.2659 1191144655.8169 1810379693.0240 
1900494152.4699 1218339388.6037 1729194240.2844 1146186040.8801 1219649513.1111 1469181583.7957 1736231102.9746 1852101693.1106 2108605036.1955 1871410965.4645 2098519735.8076 
1612576546.7922 1229191233.7643 1201646353.2236 1941158480.3359 1779795172.3806 1518264987.7482 1514390540.9128 1250488354.3442 1468768586.1515 1139963676.1870 1083605224.2859 
1901253602.4653 2019791727.2938 1391372005.9317 1262272281.5667 1883706528.7633 1511749565.9908 1228924615.1549 1399712960.3214 1704509578.7579 1629857829.6393 1749088650.9982 
1690749630.0883 1220431744.0675 1330791331.2889 1416996087.0840 1129002305.4861 1091429267.0054 1353190282.1887 1214055161.6975 1347555603.8990 2113810095.4364 1759773342.5973 
2092118810.5844 1576992106.1630 2097457303.0759 1567261604.4350 1645191544.5002 1511467000.2842 2073649201.7301 1543214085.5816 1873207340.5078 1441767009.7551 1893325644.5643 
1891346607.1271 1428773515.2076 1835815182.3188 1963133522.0958 1464682626.0719 1911250786.4271 1957558190.4775 1950712031.8900 1851138505.2167 1852869712.4191 1220149862.8789 
1323791428.5763 1937037784.7845 1269874337.1556 2025035845.8914 2065723861.1021 2059358655.5356 1946515441.1141 1211442815.2768 1818985083.3929 1970240588.8839 1192736652.9412 
1303810969.5117 1114669187.6442 2008091019.1828 1928180532.8576 1760922798.2928 1876957895.3801 1890611048.5263 1991113786.9746 1829238697.3953 1338952988.5445 2081348478.5789 
1257344396.5727 1683724505.0096 1285504461.1469 1894819778.0973 1925235203.3523 1486511286.4860 1310595532.7068 1996292753.5638 1396043045.5244 1700701171.5323 1632224688.8355 
1529415561.3175 2104342532.7307 1265085053.5399 1470167814.3920 2046195076.4819 1805408945.9597 1759191276.4354 1718041460.6806 1259834209.2002 1672794030.4856 1416317824.2228 
1741466041.2481 1275192031.5439 1536593010.0548 1601767751.4361 1116315609.0655 1240282622.8533 1795415799.5819 2001426093.4510 1802748190.0786 1847176562.6933 1523874344.6051 
1326883836.6391 1954982657.0036 1993922350.7731 1250813180.8375 1381452515.6124 1606133483.2533 1612182128.1952 1364283534.3032 2066957604.8117 1825553538.9736 1128398684.5070 
1153240790.8388 1672560261.2460 1508237769.4789 1349143084.7822 1554303205.8395 1480763610.4299 1121609323.5474 1232533228.7766 1481432379.1399 1828710884.9399 1792492268.8360 
1495609760.0993 1481683863.0742 1075187640.2064 1083342995.8244 1993857176.9992 1727478210.7713 1737133977.0002 1957182305.2747 1634462663.1536 1992522146.2640 1674129220.7732 
1427312442.6828 1309752971.3940 1759391603.7490 2010645235.0209 1762995844.6940 1772435426.0072 1999506604.5963 1078133223.3811 2098269778.8229 2061591967.2541 1635011549.3027 
1456473183.0606 1966854723.7287 1710666210.4245 2037713387.2032 1426276897.7257 1741777901.1918 2079661585.2339 1816070068.8908 1841960099.9504 1654480496.4008 1941496392.3834 
1129251580.4194 1267822259.1206 1378176722.2287 1323946054.8529 1352489125.9503 1193904657.1912 1794449275.1099 2012343514.3968 1610693904.3435 2023085185.2694 1779341590.5688 
1146704030.3523 1634353053.5513 1367197502.3238 1863891477.4284 1412422158.3184 1262114100.3128 1284845764.9676 2077573318.6123 1909564052.6344 1400187667.2574 1367413023.1592 
2056884779.2949 1424785668.2667 1677259246.9608 1850088841.5732 2035224114.8739 1643740519.9463 1397067230.8214 1905395668.2386 1234272526.4796 1150876531.9444 1888473476.9435 
1073906619.8909 1935601833.0924 1518572567.6490 1284345811.6058 1481508234.1443 1396894013.6315 1590107081.5893 1815754297.4562 2089632288.7097 1353547888.4945 1789657271.5323 
1923943829.3105 1530264992.4200 1620987423.9286 1566183451.4048 1943906693.3404 1477786591.1079 2065881346.1275 1476457991.7253 1980930937.6503 1828756058.7001 1840322496.2341 
1134262229.5998 1809827078.3406 1494564248.2669 1833963226.7197 1683510596.3413 1176079383.3709 1547476007.8727 1428933129.9494 1629773728.8762 1836017439.4209 1830883903.5556 
1893604777.4370 1971700648.3865 1186696677.3625 1265781364.7052 2059799501.8907 1748413858.8798 1374775965.5128 1349665402.2613 1529947451.9047 1459892058.7933 1582899382.1285 
2138240617.3465 1388393880.9537 1315285348.3081 2046626401.8149 1883729502.4083 1261301233.4373 1870605063.6513 1955625842.8673 1486696699.8346 1989013510.7898 1345412627.0072 
1137517475.2554 1365154071.4032 2091603818.1478 1632052900.6838 1285569784.2459 1913510982.1259 1134730798.9003 1873934738.0675 1996356527.4645 1805999912.4053 1600871713.4131 
1424238508.3396 1354295914.8778 1255540451.3892 1822812889.0208 2118228511.4795 1187480267.1444 1685423514.7287 1322941802.9789 1166048136.9170 1597020865.4106 1363259560.6446 
1476236155.2476 1159433784.6491 1098632155.6801 1540667199.2358 1192752041.9412 1808516303.1022 1473041623.9883 2143207260.5637 2033681865.9254 1737248151.4632 1444346785.6907 
1955484182.8125 2111963933.8082 1759204108.6480 1629278117.1983 1534321076.2611 1229893899.8087 1483918918.4858 1626762842.2124 1083195315.1555 1851432031.2108 1339197016.2379 
1732588772.6640 1783623811.0406 1818675980.9923 1628448115.6464 1402324898.1423 1664820196.6630 1584655026.4734 1125759674.1438 2144760411.6084 2135026659.1753 1546223117.9470 
1829185862.5166 1770518724.0329 1480653975.6123 1883100419.8985 2076035971.2727 1287314717.5230 1113096623.0370 1672992378.5633 2109893871.4211 1882538147.0618 1760887114.0786 
1103432148.8804 1459755772.7270 2100453937.5439 1940931281.7358 1234488216.0946 1837546680.7720 1926332546.1129 1497861795.0848 1917023886.1049 1396979958.6378 1622753051.7923 
1140560013.8268 1976393259.2845 1413873383.8002 1104484648.5238 1365807203.3767 1100852621.3368 1799478083.8550 1825199866.0798 1420143018.0107 1865973944.8015 1774981885.4542 
1248372987.3263 2120978600.7033 1454319824.9162 2077664037.4789 1859318432.2976 2004313393.5793 1922375407.2871 1902801918.9919 1220402897.1670 1535219594.7535 1522157223.6131 
1760000833.6036 1368336241.1908 1098449850.6277 1548253314.3161 1810582433.8884 2121053465.7621 1618622377.6551 1738633168.5556 1600513264.6758 1375161558.4885 1457777219.3798 
2131927402.0883 1738063791.8698 1545901257.6688 1145726312.8611 2069478625.8045 1881822921.2565 1373709577.1204 1597503679.6462 2117914195.6261 1334758974.8216 1524650753.7365 
1590067508.9607 1075108254.9567 1742447304.3170 1628682287.5528 1331297008.4089 1704962631.8098 1822125532.3641 1358715453.3926 1940380646.6160 1642565487.6652 1160248229.9046 
1729700851.1420 1125546570.3258 1653406572.4829 1753390006.8033 1377767496.9608 1213666569.5475 1137233152.6619 2110826246.3724 1979647324.4493 1582113665.9244 1256660804.8761 
1439118666.9318 1647018840.6080 1597133879.1651 1602895568.2523 1231442768.9995 2133282578.7126 1564876961.3146 1289286750.5057 1883968805.6888 2093056062.0848 1553893481.4768 
1075513752.3458 1193223171.9790 1589747612.0857 1122256815.9970 1587985570.6752 2106821231.6236 1445329107.1070 1735056748.2952 1866219306.4328 1364824296.9925 1429500209.4502 
1378800176.5806 2023892373.8842 1328165154.4660 1387248164.5029 1284685574.8128 1995361945.7820 1556017769.3885 1245444512.1295 1713168335.9042 1079778084.3936 1835724776.9517 

1,1 -1,-1 1,1 -1,-1 1,-1 -1,-1 -1,-1 1,-1 1,-1 -1,-1 1,-1 
-1,1 1,-1 1,-1 -1,1 -1,1 -1,1 -1,1 -1,1 -1,1 1,-1 -1,-1 
1,-1 -1,1 -1,-1 1,1 1,1 1,1 1,1 -1,-1 1,1 -1,1 1,1 
-1,-1 1,1 -1,1 1,-1 -1,-1 1,-1 1,-1 1,1 -1,-1 1,1 -1,1 

-1,-1 1,-1 1,1 1,-1 -1,1 1,1 -1,-1 1,-1 1,1 -1,1 1,1 
1,-1 -1,1 1,-1 -1,-1 1,-1 -1,-1 1,-1 -1,1 -1,-1 1,1 1,-1 
1,1 1,1 -1,1 1,1 1,1 1,-1 -1,1 -1,-1 1,-1 -1,-1 -1,-1 
-1,1 -1,-1 -1,-1 -1,1 -1,-1 -1,1 1,1 1,1 -1,1 1,-1 -1,1 

1,-1 -1,1 1,-1 -1,-1 -1,1 1,-1 1,1 -1,1 -1,-1 -1,1 -1,-1 
1,1 1,-1 -1,-1 1,-1 1,1 -1,1 -1,-1 1,-1 -1,1 -1,-1 1,1 
-1,-1 -1,-1 1,1 -1,1 1,-1 1,1 -1,1 -1,-1 1,1 1,-1 -1,1 
-1,1 1,1 -1,1 1,1 -1,-1 -1,-1 1,-1 1,1 1,-1 1,1 1,-1 

1,1 -1,-1 -1,1 1,-1 -1,-1 1,1 -1,-1 1,1 1,-1 -1,1 -1,-1 
-1,1 1,1 -1,-1 -1,1 1,-1 -1,-1 1,1 1,-1 -1,1 -1,-1 1,-1 
-1,-1 1,-1 1,1 1,1 -1,1 1,-1 1,-1 -1,-1 -1,-1 1,-1 -1,1 
1,-1 -1,1 1,-1 -1,-1 1,1 -1,1 -1,1 -1,1 1,1 1,1 1,1 

1,1 1,-1 1,1 -1,-1 -1,1 1,-1 1,1 -1,-1 -1,1 1,1 1,-1 
-1,1 1,1 1,-1 -1,1 1,-1 -1,1 1,-1 1,1 -1,-1 1,-1 -1,1 
-1,-1 -1,1 -1,-1 1,-1 1,1 1,1 -1,-1 1,-1 1,-1 -1,1 1,1 
1,-1 -1,-1 -1,1 1,1 -1,-1 -1,-1 -1,1 -1,1 1,1 -1,-1 -1,-1 

1,1 1,-1 -1,1 -1,-1 1,1 -1,-1 1,1 1,-1 -1,-1 1,1 -1,-1 
1,-1 -1,1 1,-1 1,1 -1,1 1,1 1,-1 -1,1 1,-1 -1,-1 1,1 
-1,-1 1,1 -1,-1 1,-1 1,-1 1,-1 -1,1 1,1 1,1 -1,1 -1,1 
-1,1 -1,-1 1,1 -1,1 -1,-1 -1,1 -1,-1 -1,-1 -1,1 1,-1 1,-1 

1,-1 -1,1 -1,-1 1,1 -1,-1 1,1 -1,-1 1,1 -1,-1 1,-1 1,1 
-1,1 1,-1 1,1 -1,-1 1,1 -1,-1 -1,1 -1,-1 1,-1 1,1 -1,-1 
-1,-1 -1,-1 1,-1 -1,1 -1,1 1,-1 1,-1 1,-1 1,1 -1,-1 -1,1 
1,1 1,1 -1,1 1,-1 1,-1 -1,1 1,1 -1,1 -1,1 -1,1 1,-1 

1,-1 1,1 1,-1 1,1 1,-1 -1,-1 1,-1 -1,-1 1,1 1,-1 -1,-1 
-1,1 1,-1 1,1 1,-1 -1,-1 1,-1 -1,-1 1,1 1,-1 -1,-1 -1,1 
1,1 -1,-1 -1,1 -1,1 -1,1 1,1 -1,1 -1,1 -1,-1 1,1 1,1 
-1,-1 -1,1 -1,-1 -1,-1 1,1 -1,1 1,1 1,-1 -1,1 -1,1 1,-1 

1,1 1,-1 -1,1 -1,-1 1,-1 -1,-1 1,-1 1,1 -1,-1 1,-1 -1,-1 
-1,-1 1,1 1,-1 1,1 -1,-1 1,1 -1,1 1,-1 -1,1 -1,-1 1,-1 
-1,1 -1,1 -1,-1 1,-1 -1,1 -1,1 -1,-1 -1,-1 1,-1 1,1 -1,1 
1,-1 -1,-1 1,1 -1,1 1,1 1,-1 1,1 -1,1 1,1 -1,1 1,1 

-1,1 1,1 -1,-1 1,1 1,-1 -1,-1 1,1 -1,1 1,-1 1,1 -1,1 
1,1 -1,-1 1,1 1,-1 -1,-1 1,1 -1,1 1,-1 -1,-1 1,-1 -1,-1 
1,-1 1,-1 1,-1 -1,-1 1,1 1,-1 -1,-1 -1,-1 1,1 -1,-1 1,1 
-1,-1 -1,1 -1,1 -1,1 -1,1 -1,1 1,-1 1,1 -1,1 -1,1 1,-1 

1,-1 -1,1 1,1 -1,-1 1,-1 -1,1 1,1 1,-1 1,1 1,-1 -1,1 
-1,1 1,-1 -1,1 1,1 -1,1 1,1 -1,1 1,1 -1,-1 1,1 -1,-1 
-1,-1 -1,-1 -1,-1 -1,1 -1,-1 1,-1 1,-1 -1,-1 1,-1 -1,1 1,1 
1,1 1,1 1,-1 1,-1 1,1 -1,-1 -1,-1 -1,1 -1,1 -1,-1 1,-1 

-1,-1 1,1 1,-1 1,1 1,-1 -1,-1 1,1 -1,-1 1,1 -1,1 1,1 
1,1 1,-1 1,1 -1,-1 1,1 -1,1 1,-1 -1,1 1,-1 1,1 -1,1 
-1,1 -1,1 -1,-1 -1,1 -1,1 1,-1 -1,-1 1,-1 -1,-1 -1,-1 1,-1 
1,-1 -1,-1 -1,1 1,-1 -1,-1 1,1 -1,1 1,1 -1,1 1,-1 -1,-1 

-1,-1 -1,1 1,-1 -1,-1 -1,1 1,-1 1,1 -1,-1 1,-1 -1,-1 1,1 
1,1 1,-1 1,1 -1,1 1,-1 -1,1 -1,-1 1,-1 -1,-1 1,1 1,-1 
1,-1 -1,-1 -1,1 1,-1 1,1 -1,-1 1,-1 1,1 1,1 -1,1 -1,1 
-1,1 1,1 -1,-1 1,1 -1,-1 1,1 -1,1 -1,1 -1,1 1,-1 -1,-1 

-1,-1 1,-1 -1,-1 -1,1 1,-1 -1,-1 -1,1 -1,-1 1,1 1,-1 1,1 
1,1 -1,-1 1,-1 -1,-1 -1,1 1,1 1,-1 -1,1 -1,-1 1,1 1,-1 
1,-1 -1,1 -1,1 1,1 -1,-1 -1,1 1,1 1,-1 -1,1 -1,-1 -1,-1 
-1,1 1,1 1,1 1,-1 1,1 1,-1 -1,-1 1,1 1,-1 -1,1 -1,1 

-1,1 1,1 1,-1 1,1 -1,-1 1,-1 -1,-1 -1,1 1,-1 1,1 -1,1 
1,1 1,-1 1,1 -1,-1 -1,1 1,1 -1,1 -1,-1 1,1 -1,1 1,1 
-1,-1 -1,1 -1,1 -1,1 1,-1 -1,1 1,-1 1,-1 -1,-1 1,-1 -1,-1 
1,-1 -1,-1 -1,-1 1,-1 1,1 -1,-1 1,1 1,1 -1,1 -1,-1 1,-1 


0 8 5 3 
5 7 1 8 
10 6 4 3 
3 5 6 7 
6 10 1 4 
3 9 10 0 
10 3 2 8 
2 5 4 9 
9 1 7 5 
0 3 9 10 
6 9 0 7 
9 5 10 0 
6 8 9 5 
4 10 7 3 
9 8 7 6 


