2136079091.0724 1712548064.8387 1991622512.3884 2102059371.6309 1376937298.7752 1268621160.6012 1885528877.4537 1921738590.6350 2044829889.1402 1281099312.2869 1916010746.1407 
2052651024.8193 2063723951.2269 1548503649.9078 1978008234.0035 1927994948.9184 1097619298.7226 1606196969.3698 1199904044.8081 2142263800.8873 1729594849.2584 1622434017.4590 
2015721102.6450 1513582332.6873 1339719508.1019 1608040088.1372 1836728819.8261 1653712593.4581 1378579720.8493 1532432159.7011 1448084399.7286 1909298106.0214 1369318842.6473 
1587939021.7738 1135084287.3543 2078856315.5249 2097628468.3507 1922686308.1056 1322705378.8849 1831716614.6866 1814367965.3804 1993184305.7700 1665599383.4476 1517569817.0092 
1106470913.0922 1161294145.2315 1539551168.1506 1731256746.7083 1238615677.1081 2032081171.2562 1995393240.6760 1502502348.5836 1150694407.2099 1343234508.0103 1232924579.2975 
1221927710.9610 1739490042.8775 1335183674.6349 1595207421.1261 1550774620.1266 1841661019.1500 1754949130.6536 1855369849.1079 2133401638.2964 1185389609.3930 1622966496.3083 
1177972022.5322 1650154704.2808 1701735419.3049 2049505443.8185 1489991119.0741 1246511838.3816 1212883215.7915 2024736159.3576 1711141537.9265 2097829229.9793 1470476069.7557 
1360898838.7561 1153467404.9711 1252345547.6282 1596275366.3053 1815255600.2310 2088915818.3061 1472003454.9974 1168295205.0306 1284620595.2061 1437650458.7541 1864724299.3200 
1549425103.9639 1090677798.3888 1343850310.7987 2015793880.3461 1495063699.2396 1146394566.4882 1183231299.2092 2001938783.2695 1894733989.6768 2076550938.8218 1686565462.9252 
1997454632.5444 1382621259.6052 1607562841.4017 1804993389.0614 1869513073.7859 1132053919.5540 1211316235.5001 1704689213.2958 2112621180.9948 1506687145.0567 1956944087.2125 
1271933302.4516 1526246451.0411 1632363444.9886 1867282585.2181 2013515076.9182 2125921355.4924 1583240947.2200 1503889238.4289 2102025102.4502 1947672369.5385 1889896875.9633 
1623888337.5432 1160638776.7307 2134600194.0756 2055562269.0837 1338462797.8359 1922136633.5942 1391577969.6471 1226255168.6451 1210355332.7530 1727299555.7964 1987228382.3349 
1657997494.8272 1304966848.8160 1829330333.3561 1546731237.9552 1788193203.4552 1351830156.8193 1570326513.3845 1324615364.6888 1333619635.1710 2032438219.7926 1716112638.2102 
1162401218.0138 1256006286.5509 1619960878.9777 1654811332.9532 1944603858.4756 1568133011.6483 1677664430.8504 1865445498.2587 1380355999.9509 1126096374.2245 1657856728.2900 
2133778166.9862 1670855913.7919 1292679083.9393 1981108007.3289 1464494763.2467 1731948916.2898 1120611796.9154 1242855993.4792 1717339465.1493 1398655162.8354 2040690905.2923 
1709479447.7926 1792253312.1866 1904764596.1102 1631473068.9105 1674748306.5704 1863488705.9342 2116287615.8217 1902901734.6205 1242076170.4684 1303813210.1610 1566530531.0826 
1161167651.3278 2095806595.6787 1753187870.1891 1188546267.7026 1358854622.2675 1902666745.6700 1385317679.7627 1871069814.2503 1566023614.1417 1717468631.8786 1990742591.8977 
1465734564.1517 2121239782.3555 1962873833.9339 1926118187.4693 2049851664.4212 1800407121.5728 1906486538.9265 1789374552.5341 1425886434.1339 1301241732.7256 1788062744.1636 
1665207585.0901 2070935730.9582 1741294259.5294 1652455925.5508 1886714290.4874 2145197482.1206 1677253212.6697 1422710269.6280 2046184815.0616 1214822958.3293 1891629314.9148 
2040828641.9902 1967876438.6113 1992443327.6833 1435426186.4340 1179443419.2738 1235390765.4103 1547463989.5655 1813036555.2131 1506754148.8968 1940167624.2213 1624366148.9811 
1594624766.3744 1228758251.7666 1213273249.8458 1401237112.8295 2023717726.9838 1082671383.3705 1086031437.8975 1380173330.4684 1250669284.9109 1893492827.9631 1779256621.3311 
1931994268.9186 1541883688.4365 1918879370.1382 1958106773.1821 1582770877.8407 1713690737.4453 1161023129.5578 1872000087.3392 1679387789.5280 1361361775.2768 1602355123.5123 
1501716171.5215 1185764898.5896 2020196126.1154 1928215663.0966 1594487381.4128 1617401147.5533 1968383684.7118 2028702447.6869 1316922975.1009 1547582629.6668 2120524657.4280 
2047171410.9156 1549037761.3620 1645860865.3743 1519837402.0303 1354132947.5699 1503597959.8448 1682422788.7797 1621734752.2723 1432838353.6294 1546869508.8627 1349538421.6288 
1959710024.3111 1776856841.0691 1246948914.4991 1234981815.7328 1949704312.2395 1293077015.3102 2044120529.5019 1110098749.0759 1211086026.6706 1453644603.7603 1771396982.9092 
2009529438.9784 2111191007.7856 1809802378.1459 1389045426.4753 2075375661.1153 1895291359.9214 1610002064.2495 1801144966.1481 1763729558.0682 1740549345.7198 2137469436.1726 
1510804668.5321 1814818268.3054 1693855648.5154 1730787376.8517 1471358327.1514 1790659106.5613 1193765907.4712 2077691922.2878 1570381976.7467 1423641587.7151 2067182732.8700 
1480171799.4139 1100265923.3958 1891330212.8488 1578026164.7183 1599027723.2047 1712091260.1759 1876637981.2062 1148172420.8311 1287535384.7204 1359767508.9937 2055214870.9567 
1414644008.1880 1624645847.0394 1427200415.4075 1774055440.9497 1333483344.6549 1278854153.5241 1381524135.5715 2113770300.2866 1660389608.6932 2130773744.8066 1618181000.7292 
1192490997.5926 1344365761.1269 1270398858.6860 1947108882.4240 1173437428.8859 1866796336.4932 1901463820.5083 1183879164.1606 1420218474.7982 1610661814.6543 2062056386.5545 
2094144745.8650 1595936832.0364 1786111544.5544 1737242665.3864 1194582081.9151 1623432246.2524 1660785788.1269 1218388828.5575 1145606535.1278 1495200012.8323 1954458418.8076 
1622945642.8248 1128010721.8224 1734924332.8442 1561306969.1125 1608469825.8629 1235931988.1298 1999602315.7224 1321316355.8567 1803584610.2894 1637856179.5445 1250431982.1318 
1224036838.4824 1667038080.3168 1563071149.3113 1254320589.8402 2072885201.7066 1822083350.8620 1442015139.6401 1831847404.9490 1584759311.6901 1091411541.4280 1196287112.9039 
1637295393.1095 2075429599.0112 1648796456.6140 1976825958.9310 1201121207.9885 1989426746.7709 1666292059.5402 1665617030.0682 2048744233.6420 1748306645.3571 1102799121.4204 
1379904174.1983 1786092028.3030 1540805030.0507 1160276850.9897 1177871524.8521 1180148019.5566 1290206734.9758 1296108034.3414 2119454066.2940 1677490732.6924 1112269528.1978 
1142812441.0964 1614118869.5754 1778995006.8471 1518225321.9858 1488329554.0781 2137811827.2077 1199033264.9214 1121866959.6219 2026213234.0321 2094298936.3434 1332489312.4978 
1771436376.7032 1579229790.8860 1173378439.2283 1118712523.3348 1811361638.1443 1628575996.4018 1655978455.8794 1467671398.1658 1821366198.7346 1253374918.8517 2133763923.3622 
1545259436.5635 1758352212.4085 1454608443.8684 1658638636.8475 1091433285.1349 1534870949.3894 1397783414.2686 1105942775.5991 1078432497.5209 1895928826.9767 1608271750.2369 
1422429450.2533 1238951145.1120 1428021533.8191 1871818646.9671 2147432730.5439 1985718472.9508 1464385823.8298 1386480167.1154 1945145284.9173 1663163664.4742 1324729468.7667 
1448611332.6711 2126880382.8480 1133020090.3064 1203387878.5543 1611511209.6587 2147010549.2813 1297009806.5053 1248197271.0401 1348420802.6086 1677859715.8017 1558264150.5009 
1361055857.3182 2081086822.0639 1864516874.5904 2138467851.3891 1082916316.9476 1109293333.3361 1985951564.5888 1121529263.3348 1273147221.1879 1999218910.4822 1867500838.8647 
1258488599.4232 1537280669.8282 2051935376.2372 1374858495.4844 2023235364.5345 1305294123.8027 1892927105.4767 2023312077.1309 1504092983.0882 1244913558.2465 1822696717.8507 
1309944915.3175 1521466203.5296 1239530917.7107 1552672496.4727 1792223569.9574 1340698276.8521 1842895554.5161 1903241934.4536 1576066367.9420 1894114283.1414 1384399900.8271 
1755330425.4596 2145626218.3623 1645335911.9954 2116262301.4773 1371251234.4273 1737201052.5364 1877529123.7255 2035878534.6323 1556373692.4867 2082830365.1950 1413013807.3155 
1552127949.2134 1633977881.5482 1807317301.2975 1461680708.5939 1721975307.2567 1190051161.4229 2137061954.7701 2122366652.4126 1935654242.2278 2085376814.5870 2132094995.4147 
1335471333.3065 1656624326.4346 1203524296.9746 2014705148.6019 1852852102.5520 1476883248.4802 1691390867.7089 1139738872.5110 1682912642.0846 1076068151.5979 1158815495.7859 
1383188234.6062 1902696827.1139 2145471118.2061 1621840282.2597 1825361316.8209 1221357978.0892 1914183176.5813 1086910636.1166 2080314825.0014 1267874706.4928 2082859820.7954 
1437320425.0687 2129717021.9838 1746318951.5782 1377106994.6195 1132248953.8023 2084787188.8400 1917622147.1003 1243804929.1774 1593922342.4611 1659761064.6706 1513349307.3124 
2072331502.9605 1229403227.9765 1678086264.8265 2104511075.7827 1852265094.4058 2048237714.9182 2128102884.7466 1582017253.7924 1640565471.4791 1704292087.7584 2091392770.8670 
1156722116.0894 1363486688.7043 1293153254.8546 1776112725.3490 1661428191.5614 1938838300.7562 2112023753.0314 1812285245.1656 2105088756.5740 1596698074.1890 1977069398.6900 
1186897732.8805 2115678123.0703 1268664238.2598 1638219573.5605 1342740488.0618 1666504777.3349 1569448928.6434 1272992592.2724 1877579446.1587 1628595020.1468 1387288814.2780 
1167259291.5216 1777473148.5576 1730918809.7732 1269728984.4923 1281252566.0611 1113743493.5929 1489994696.9555 1551896847.1940 1320626812.9477 1887229950.4707 1663804458.7080 
1735294640.1642 1409872489.8697 1788272710.3482 1727472074.2914 1347071617.0889 1943149469.4896 1327271779.5414 1233740876.8681 1152385310.2849 1645137733.0251 2057600726.8717 
1748146517.6712 1495421635.0329 1382052576.5090 2028524139.3430 1734185220.5940 1081475443.3811 1510477418.4329 1296909956.2619 1144804318.6624 1959009338.4858 1517324876.8436 
1253365921.8121 1177103070.4008 1598437756.4319 1810322618.6501 2000374954.6163 1804700210.3538 1759087035.3885 1437636292.1036 2014885525.8490 1620090429.7470 1336966004.6711 
2123362147.0672 1313759257.9398 1898715676.7334 1649327103.5861 1187979637.8493 1880917427.3191 2065334800.6778 1720863962.6755 1625141929.1303 1489515319.3481 1934568781.2986 
1786757038.3137 1421604842.1443 2071304725.9335 1282024574.9896 1878863179.3475 1553766565.1241 1471318885.7211 1688286308.6572 1517653130.5655 1908582825.9913 1693367588.3510 
2089672366.8662 1936532150.3511 1317183440.7424 1808558796.9483 1616427723.9544 1882730282.5137 1929880722.7397 2117951051.4316 1100577838.3920 2125811108.5084 1268571414.5642 
1931036268.1067 1901417674.2737 1306776100.4139 1701565161.8970 1416073390.3961 1221907943.3512 1367487634.8763 1621909685.4737 2076854201.0983 1640344671.7556 1751852157.0746 
1619368065.6500 2061109838.6920 1384849498.2964 1885692770.0997 2044023297.0316 1651295487.3190 1857581154.3782 1562984493.5717 1312731200.2164 1951537574.2366 1783920733.1151 

1,1 -1,1 1,-1 -1,-1 1,1 -1,1 -1,-1 -1,1 1,-1 -1,1 -1,-1 
-1,-1 1,1 -1,1 1,1 -1,-1 1,1 -1,1 -1,-1 -1,1 1,-1 -1,1 
1,-1 1,-1 -1,-1 -1,1 -1,1 -1,-1 1,1 1,-1 1,1 1,1 1,-1 
-1,1 -1,-1 1,1 1,-1 1,-1 1,-1 1,-1 1,1 -1,-1 -1,-1 1,1 

-1,1 1,1 1,-1 -1,1 1,-1 -1,-1 -1,1 1,-1 1,1 -1,1 1,1 
1,1 -1,-1 -1,1 1,1 -1,-1 1,1 -1,-1 1,1 -1,1 1,1 -1,-1 
-1,-1 1,-1 -1,-1 -1,-1 -1,1 1,-1 1,1 -1,1 -1,-1 1,-1 1,-1 
1,-1 -1,1 1,1 1,-1 1,1 -1,1 1,-1 -1,-1 1,-1 -1,-1 -1,1 

1,-1 -1,1 -1,-1 -1,1 1,-1 -1,-1 1,-1 -1,-1 1,-1 -1,-1 -1,1 
-1,1 -1,-1 -1,1 1,-1 -1,-1 1,-1 -1,1 1,-1 -1,-1 1,-1 -1,-1 
-1,-1 1,-1 1,1 1,1 1,1 1,1 -1,-1 -1,1 1,1 1,1 1,-1 
1,1 1,1 1,-1 -1,-1 -1,1 -1,1 1,1 1,1 -1,1 -1,1 1,1 

1,1 -1,-1 1,1 -1,-1 -1,1 1,1 -1,1 -1,-1 -1,1 -1,-1 1,1 
1,-1 1,1 -1,-1 1,1 -1,-1 -1,1 -1,-1 1,1 -1,-1 1,1 -1,1 
-1,1 1,-1 -1,1 1,-1 1,1 -1,-1 1,1 -1,1 1,-1 -1,1 1,-1 
-1,-1 -1,1 1,-1 -1,1 1,-1 1,-1 1,-1 1,-1 1,1 1,-1 -1,-1 

-1,1 -1,-1 -1,1 1,1 -1,-1 -1,1 -1,-1 1,-1 -1,-1 1,1 -1,-1 
1,1 -1,1 1,1 -1,1 1,1 -1,-1 1,-1 -1,-1 1,1 -1,-1 1,-1 
-1,-1 1,-1 -1,-1 1,-1 -1,1 1,-1 -1,1 1,1 1,-1 -1,1 -1,1 
1,-1 1,1 1,-1 -1,-1 1,-1 1,1 1,1 -1,1 -1,1 1,-1 1,1 

1,-1 -1,-1 1,1 -1,1 1,-1 -1,1 1,1 -1,1 -1,-1 -1,1 -1,-1 
1,1 -1,1 -1,-1 1,-1 1,1 1,-1 -1,1 -1,-1 -1,1 -1,-1 1,-1 
-1,1 1,-1 1,-1 1,1 -1,-1 -1,-1 1,-1 1,-1 1,-1 1,-1 1,1 
-1,-1 1,1 -1,1 -1,-1 -1,1 1,1 -1,-1 1,1 1,1 1,1 -1,1 

1,-1 -1,1 1,-1 -1,1 1,-1 -1,1 1,-1 -1,1 1,-1 -1,1 1,-1 
-1,1 1,1 -1,1 1,-1 -1,1 1,-1 1,1 -1,-1 -1,1 -1,-1 -1,1 
1,1 1,-1 1,1 -1,-1 -1,-1 1,1 -1,-1 1,-1 -1,-1 1,1 1,1 
-1,-1 -1,-1 -1,-1 1,1 1,1 -1,-1 -1,1 1,1 1,1 1,-1 -1,-1 

-1,1 1,1 1,-1 -1,-1 1,-1 1,1 1,-1 -1,1 -1,-1 1,1 1,-1 
1,1 1,-1 -1,1 1,-1 -1,-1 1,-1 1,1 1,-1 1,1 1,-1 -1,1 
-1,-1 -1,1 1,1 1,1 1,1 -1,1 -1,1 -1,-1 1,-1 -1,1 -1,-1 
1,-1 -1,-1 -1,-1 -1,1 -1,1 -1,-1 -1,-1 1,1 -1,1 -1,-1 1,1 

-1,1 1,-1 -1,-1 1,1 -1,-1 -1,1 1,1 -1,-1 -1,1 1,-1 -1,-1 
1,-1 1,1 -1,1 -1,-1 1,1 -1,-1 1,-1 1,1 -1,-1 -1,1 1,-1 
-1,-1 -1,1 1,-1 -1,1 -1,1 1,-1 -1,1 1,-1 1,1 1,1 1,1 
1,1 -1,-1 1,1 1,-1 1,-1 1,1 -1,-1 -1,1 1,-1 -1,-1 -1,1 

1,-1 1,1 1,-1 -1,-1 1,1 -1,-1 1,1 -1,-1 1,-1 1,1 1,-1 
-1,-1 1,-1 -1,1 1,1 -1,1 1,-1 -1,1 1,1 -1,-1 1,-1 -1,1 
-1,1 -1,1 1,1 1,-1 -1,-1 -1,1 -1,-1 1,-1 1,1 -1,1 1,1 
1,1 -1,-1 -1,-1 -1,1 1,-1 1,1 1,-1 -1,1 -1,1 -1,-1 -1,-1 

-1,1 1,1 -1,1 1,1 -1,1 -1,-1 1,1 1,-1 -1,1 -1,-1 1,-1 
1,-1 -1,1 1,1 1,-1 -1,-1 1,-1 -1,1 1,1 -1,-1 1,-1 -1,-1 
-1,-1 -1,-1 1,-1 -1,-1 1,1 -1,1 -1,-1 -1,1 1,1 1,1 -1,1 
1,1 1,-1 -1,-1 -1,1 1,-1 1,1 1,-1 -1,-1 1,-1 -1,1 1,1 

1,1 -1,-1 1,-1 1,1 -1,-1 1,1 -1,1 1,-1 1,1 -1,1 1,1 
-1,1 1,1 -1,-1 1,-1 1,1 -1,1 1,-1 1,1 -1,1 1,1 -1,-1 
1,-1 -1,1 -1,1 -1,1 -1,1 -1,-1 -1,-1 -1,1 -1,-1 1,-1 1,-1 
-1,-1 1,-1 1,1 -1,-1 1,-1 1,-1 1,1 -1,-1 1,-1 -1,-1 -1,1 

1,-1 1,1 -1,1 -1,-1 1,1 1,-1 -1,-1 1,-1 -1,-1 1,-1 -1,1 
-1,1 -1,-1 1,-1 -1,1 1,-1 1,1 1,-1 -1,1 1,-1 1,1 -1,-1 
-1,-1 1,-1 1,1 1,1 -1,1 -1,1 -1,1 -1,-1 -1,1 -1,1 1,1 
1,1 -1,1 -1,-1 1,-1 -1,-1 -1,-1 1,1 1,1 1,1 -1,-1 1,-1 

1,1 -1,-1 1,1 1,-1 -1,-1 1,-1 1,1 -1,-1 -1,1 -1,-1 1,1 
1,-1 1,1 1,-1 -1,-1 1,-1 1,1 -1,-1 -1,1 -1,-1 1,1 -1,-1 
-1,-1 -1,1 -1,-1 -1,1 1,1 -1,1 1,-1 1,-1 1,1 -1,1 1,-1 
-1,1 1,-1 -1,1 1,1 -1,1 -1,-1 -1,1 1,1 1,-1 1,-1 -1,1 

-1,1 1,1 -1,1 -1,-1 -1,1 1,-1 1,1 1,-1 -1,1 1,-1 1,1 
1,1 -1,1 1,-1 -1,1 1,1 -1,-1 1,-1 1,1 1,-1 -1,-1 1,-1 
-1,-1 -1,-1 1,1 1,-1 -1,-1 -1,1 -1,-1 -1,1 -1,-1 -1,1 -1,1 
1,-1 1,-1 -1,-1 1,1 1,-1 1,1 -1,1 -1,-1 1,1 1,1 -1,-1 


3 6 4 9 
1 7 8 2 
10 1 0 2 
7 2 3 10 
1 0 2 7 
2 3 4 6 
0 1 2 6 
8 2 3 9 
0 9 6 5 
3 6 2 0 
9 10 0 4 
6 0 9 3 
1 8 2 6 
3 7 2 0 
5 3 6 8 


