1617326447.3244 2100361182.2501 1182207884.8032 1616071094.9005 1475035431.3429 2063244336.5935 1697772251.7932 1433197217.7273 1926553657.0249 1394512262.7191 2108836536.9319 
2008257292.9038 1529147398.2873 1958567399.9962 1275120270.6592 2002135377.9267 1189199724.0583 1695770928.6955 1216773716.8627 1802060952.0987 1274983982.2819 1954739435.3159 
1169486719.1018 1675184543.3950 2044558764.0170 1962258972.7993 1879465416.6137 1388234179.1832 1642042079.8626 1309248293.9470 1411336853.9750 1147456029.2120 1172957329.0070 
1239543133.1516 2055360126.5365 1601873721.9992 1526371855.7768 1483227576.8311 1417317746.6067 1943253451.7618 1461031454.9798 2002577956.4367 1826937342.6160 2098234022.7404 
1492180563.4439 1647645077.8906 1231703913.7259 1995166410.1278 1970109593.7439 1496977730.6993 1081854837.4080 1827434813.6974 1529162385.6038 1792351726.9587 1315605067.3317 
1252245023.5773 1156867347.1094 2146265567.0699 1759821583.6058 2123123780.9908 2094565986.3014 1689666593.9205 1809511599.6399 1688126359.9781 1866241886.6383 1629515127.4157 
2116649518.1584 1590171168.6617 1519892750.1823 2113264440.2100 1219060024.8232 1581587451.7869 1201577917.7065 1180304011.0917 1884800149.7504 1343468502.8931 1629643321.9983 
1946959911.0036 1427685813.9568 1226571687.2387 1518296741.5170 1194253767.8632 1199569578.2882 1103702082.8024 1505507133.3822 1595173850.6404 2003213218.2852 1596302988.8730 
1605989728.2523 1151043255.6406 1901767219.7607 2114566040.4018 1401697378.6801 1606737838.6977 1796269059.5965 1857783141.4951 1398087113.4989 2094837919.8970 1756479169.1109 
1456571384.7111 1340009273.9135 1991836417.7624 1222821076.9861 1498203736.1446 1192925605.1067 2008497480.1468 1887177467.0005 1527430631.6702 1597428757.7239 1958649802.3915 
1366576159.8893 1824959005.0293 1799839706.9793 2017532144.0891 1284114002.6475 1174135293.5438 1980083908.5605 1139084988.9287 1920653444.6885 1605342197.2382 1590216261.9818 
1518281351.0337 1339577384.8781 1511265302.4347 1337010756.9655 1360713130.2071 1829217405.1470 1836408903.3411 1420065291.7367 1926339474.7494 1196280250.8582 1396128172.3312 
1523085511.5331 1653227610.2693 1182928848.3714 1496073907.9313 1484456424.2093 1164162193.9883 2089258289.6090 1350911302.5650 1380155250.5161 1888021754.8630 2120298935.8301 
1173475510.3353 1128661482.6038 2083997445.7624 1815785146.8246 1821186787.7012 1626803956.7954 1320257350.1981 1144585568.8875 1119007542.4915 2126440887.2466 1635598104.8349 
1914087365.0774 1445994214.2012 1098668301.9079 1680017891.6485 1982314144.7866 1805829833.5043 1997147726.4511 1948681056.2304 1656121530.6399 2045427357.3236 1537092938.2013 
1437164926.6954 1208984309.4094 1944877655.2689 1752840958.9631 1249982708.5447 1347600172.5813 1989064614.1690 1434224764.4899 1410283869.0860 1538624617.3353 1797524143.5185 
1800432180.2645 1273908894.0335 1389203579.3752 1207380393.0446 1668332594.9585 1722090717.5908 1783034968.3784 1732745083.3038 1219766657.7388 1456709065.7009 1885919673.4994 
1796014583.0764 1265197023.4516 2084645329.3406 1091147827.2203 1504961286.6274 1721283348.9858 1854532288.6262 1369743386.5302 1757009233.2539 1482133340.3834 1668258457.2765 
1973843524.2450 1409038933.8405 1546608934.0994 1578510619.8027 1897860590.2745 1389240661.6516 1603075568.7034 2020932198.6435 1603007204.5545 2129705210.2097 1264523377.5371 
1215276320.7587 1463157055.5639 1547839721.6489 1719008142.5662 1574116118.0585 1882180037.8669 2049134908.0444 1661578236.3339 1985337865.4738 1961097288.3136 2073490134.7026 
1926869407.6940 1657310786.4350 2127046972.7072 1949336113.3705 1258099592.8959 1420063894.1745 1230428221.0903 1274535922.9726 1405871534.7981 2138464510.3614 1152172264.4859 
1431220983.1585 1894379593.0282 2008399085.4847 1683391034.0406 1204437189.9616 1855858745.5986 1841861266.8512 2139348903.0788 1364921964.6057 1358468908.1485 1833550527.0869 
1371767514.3210 1370545178.7355 1641540939.4215 1496253402.6990 1075390560.7332 1542343800.3400 2024125899.8372 1314236405.7807 1882688867.4528 1634610419.6406 2128229746.0468 
1756200778.4474 1734434143.2911 1684570373.3909 1653905233.1101 1248673924.2360 1234820417.7332 2087292020.1045 1907274130.6944 1883585429.7858 1308583977.8538 2147347971.9613 
1961268885.2647 2051654527.0253 1898281392.2738 1097883438.6736 1372894637.7198 1942603233.0896 1883441988.2843 1356606140.2759 1153281446.8747 1243739448.6648 1250031808.6284 
1359191922.9764 1390941973.3333 1210991067.1533 1963471865.4919 1369382922.6312 1462234378.6582 1780303598.1442 1874115018.5587 1348278913.2718 1108300138.6608 1754611831.6002 
1575828045.7077 1145188260.0787 1563198830.6220 1129974418.2236 1292960337.3012 1902290039.9567 1367598006.7980 1812505167.5150 1287354719.0337 1561560806.7677 2087998180.7961 
1456826705.8015 2112258355.6309 2014025994.6896 2035455677.9068 1322916534.4598 1675861408.6941 1809925599.0958 1856751879.8753 1705806050.2145 1615900588.2730 1372226728.4127 
1357326076.3172 1774000082.0872 1762091408.1208 1466430085.1437 1678744598.3868 1529953004.9000 1308145622.1955 1334183346.7732 1881319281.0636 1894712049.1640 2066155496.1404 
1658176875.0401 1838481504.2167 1100612741.6601 1329499379.0399 1257575417.8243 1806396322.4319 1374522281.8048 1421652453.8429 1592778952.8605 1819069732.3704 2060925668.6308 
1783331567.2261 1682119176.0779 1585866155.3628 1619285872.5822 2092418322.0779 1749292110.6676 2073808333.0374 1125601324.9381 1193460424.9831 2094084857.4122 1379416337.8660 
2068665207.7482 1442542603.9813 1861169235.1044 1933746742.4986 1516048414.6280 1278859124.8457 1252919400.9906 1424709063.1367 1779778597.4568 2079105096.6408 1243943685.0027 
1790551741.2302 1076461779.5216 2139079973.2796 1456479196.0862 1830962183.6492 1416983338.1058 1182128823.4358 1455359257.6321 1330284154.4179 1544176325.2331 1562883038.7497 
2029354944.0897 1201777387.6004 1774796254.2065 1267376490.8912 1728764159.0664 1212261331.5757 1355557664.8673 1908782729.3725 1401808194.6440 1588550527.0480 1308831564.8020 
1173148461.4917 1553703398.9401 1940125850.6634 2067192312.5665 1763661999.7529 1891106469.3313 1094624566.5170 1629539140.4537 1293962881.5801 1731084488.1435 1234151359.7558 
1207984459.5493 1821451150.8288 2108456389.8129 1588318454.0375 1589920533.7474 1576733931.2736 1520957024.0185 1571966018.0353 2100607854.7429 1729914452.2438 1346920284.2037 
1925769734.7890 1541130288.7203 1769442293.6026 1937939482.1136 1902789785.8021 1332107392.6761 1960312635.8900 1239102302.7845 1404356574.4801 1091511747.0297 2002879123.9393 
1626814644.7867 2127452804.0335 1257564678.9024 1625348698.6793 1495282318.4717 1630598366.6502 1961728564.4919 1460419543.5722 2034254699.6772 1203736565.9495 1788685419.0527 
1219029301.5479 2008434150.9439 1550913055.6917 1840523911.7324 1669775395.1749 1263606940.4556 2082961594.3944 1568492137.4874 1977677995.4405 1193878271.1501 1244526073.8913 
2136079520.6100 1702841454.8330 1970645164.4013 1120596053.5404 1532406299.1257 1162532905.2602 2077367464.3465 1596870424.2321 2058215235.1145 1939025977.6583 1290536836.2352 
1985821245.0673 1252994081.9373 1153173327.4683 1673482827.7188 1200771760.4129 1879427997.4335 1361402381.8654 1149653191.4084 1880923020.8621 1542675889.7348 1633918607.0729 
1084424285.6603 1982993753.4517 1300445732.3525 1476396607.1435 1161974574.4072 1809379195.2272 1410453915.6833 1625579423.2471 1474667416.2582 1249125753.4551 1422250511.4440 
1937949221.3625 2143925614.6029 1381413334.4401 2074119052.8825 1889596444.0814 1278642915.3703 1855491415.8597 1390997643.5564 1659097740.5063 2076953874.6459 1278980055.6991 
1244883390.9296 1465733806.2822 1679623916.4383 1626148402.3714 1988259413.6896 1879222522.1025 1806387599.1717 1439172563.2967 1347723538.2511 1398513430.5845 1655093033.3239 
1430687021.2017 1506903746.4883 1489261859.4721 1930244021.8109 1286152290.0003 1881408741.1549 1616671516.1052 1724280118.7741 1848892559.0748 1274919603.3032 1372206859.7696 
1305115130.1131 1946934391.1262 1761934313.5684 1760507662.6881 1865254738.1202 1994031483.5294 1494409612.9185 1091214091.3177 1977393771.0860 1704837436.9016 2094025773.6375 
1995946530.9778 1735655993.6310 1710794631.4780 1424158268.1369 2088972616.4340 1650869420.1085 2049177939.7221 1164071735.7074 1777358077.1105 1192784497.8715 1143766979.7371 
1362836429.8120 1153972062.6359 1460842059.2720 1506674239.4926 1826108899.9896 2111003400.7686 2003462077.8580 1442088782.6771 1482521022.7000 1309162509.9762 1760049386.6284 
1484789372.6792 1828283505.7126 1817491473.5145 1635773200.8828 1356928564.4288 2097753930.2777 1909749905.0755 1672426054.4655 1955057541.3446 1224041316.6422 1864572644.0359 
1701832564.4190 1487786358.5557 1634013620.9872 1869616765.6352 1884874170.5666 1469345716.5897 1074336489.1427 2114315870.6232 1954264502.7368 2091686411.7437 1989190174.6628 
1327812976.8734 2140190742.9479 1806877426.1058 1997846453.1506 1816239331.5756 1659135330.6049 1156166993.0825 2111740002.0565 1857546873.9870 1173975471.9411 1837044912.6764 
1886282160.1486 1092588613.7583 1224492478.6423 1545830766.7700 1725065861.8490 1626131880.5169 1555397990.6571 1689912017.1929 1732950273.4894 1732476438.3222 1286133091.6981 
1317787113.4798 1261837067.1637 1555790427.0518 1108366241.7226 1845685813.7024 1897243073.7857 1916336422.3096 1551128139.9011 1139638903.2630 1250961587.3999 1516220147.3994 
1951455935.3162 1540210931.2492 1228141485.4033 2069666531.8163 1322658616.2063 1613560324.1175 2123349767.7964 1588533402.0988 1127107307.4987 1423310572.9835 1175604824.9490 
1814978298.9078 1818421392.8839 1752126439.7691 1789331243.4549 1919664452.7549 1991521419.3576 1995508197.2405 1768237730.2308 1824769033.5809 1948187363.1307 2117311330.7056 
1273235866.5461 1284600671.5104 1955428170.0803 1552848593.3491 1457451813.5238 1733593848.6706 1727694276.3546 1260315398.7471 1892927674.4566 1690455232.8253 1443802517.9715 
1433413275.0666 1337416734.1672 2040642956.5177 1624364400.3381 1607890699.8731 1336657133.1912 1535100959.1020 1412065919.0820 1356862738.1130 1727933180.9181 1194833144.5559 
2065675781.1292 1335970362.9856 1091080620.8135 1087578847.7127 1141267099.3565 1896288049.2438 1108621807.0830 1889914747.7438 1146246743.7382 1731510089.0629 1338095207.1835 
1692181218.5032 2120339704.1098 1384607329.3510 1081209226.4552 1305723208.1587 1378148693.8555 1879873572.6513 1253924886.7525 1219514680.3149 1321392159.6028 1856677944.9321 
1176738309.6431 2050757951.9984 1914592692.2721 1651871370.8478 1732636572.2690 1655857873.7957 1275321547.0429 1928294577.9332 1174764532.1395 1349310875.8977 1247235227.3667 
1189319085.9311 1939442343.3566 2069424898.7192 1601053247.0745 1597825585.4220 1554116243.6204 1334848919.8308 1881894401.7732 1130754803.9536 1685024277.2739 1714441370.7189 
1526731355.7731 1128543740.3144 1894974975.6649 1572780199.2387 1172654810.7507 1135189398.1868 1152108708.4844 1397584459.1298 1963561794.8408 1643227505.0900 1842422327.7211 
1544395844.9158 1797998769.1867 1272656373.4875 1869866313.5202 1867598847.5036 1948494915.8329 1776627642.2953 1754322567.6778 1401923637.2819 1698303515.0537 1776670697.7051 
1593771102.8652 1210271523.5683 1477643017.9080 1475630263.4542 1958802908.1516 1707644996.9052 1519529289.5755 1489962874.7850 1849831887.2224 1548639896.9097 1181337202.3279 

-1 -1 -1 -1 1 -1 -1 -1 -1 -1 -1 -1 -1 -1 -1 -1 -1 -1 -1 -1 1 1 
-1 1 1 1 1 1 1 1 1 1 1 1 1 -1 1 -1 -1 1 -1 1 1 -1 
1 1 -1 1 -1 1 -1 1 -1 1 -1 1 1 1 1 1 1 -1 1 -1 -1 1 
1 -1 1 -1 -1 -1 1 -1 1 -1 1 -1 -1 1 -1 1 1 1 1 1 -1 -1 

-1 -1 -1 1 1 1 1 -1 -1 -1 -1 1 1 -1 -1 -1 -1 1 1 -1 -1 -1 
-1 1 1 1 -1 1 1 1 -1 1 -1 -1 -1 1 1 -1 -1 -1 1 1 1 -1 
1 -1 1 -1 1 -1 -1 1 1 -1 1 -1 1 1 1 1 1 -1 -1 -1 1 1 
1 1 -1 -1 -1 -1 -1 -1 1 1 1 1 -1 -1 -1 1 1 1 -1 1 -1 1 

1 -1 -1 1 1 -1 -1 -1 1 1 -1 -1 -1 1 -1 -1 -1 -1 -1 1 -1 1 
1 1 -1 -1 -1 1 1 -1 -1 -1 1 1 -1 -1 1 1 1 -1 1 -1 -1 -1 
-1 -1 1 -1 1 1 -1 1 1 -1 -1 1 1 1 -1 1 1 1 -1 -1 1 1 
-1 1 1 1 -1 -1 1 1 -1 1 1 -1 1 -1 1 -1 -1 1 1 1 1 -1 

-1 1 -1 1 -1 -1 1 -1 -1 1 -1 -1 -1 -1 -1 -1 -1 -1 1 1 -1 -1 
1 -1 1 1 1 1 1 1 1 1 1 -1 1 1 1 -1 1 -1 1 -1 -1 1 
1 1 1 -1 -1 1 -1 1 1 -1 1 1 -1 1 -1 1 1 1 -1 -1 1 1 
-1 -1 -1 -1 1 -1 -1 -1 -1 -1 -1 1 1 -1 1 1 -1 1 -1 1 1 -1 

1 1 -1 1 1 1 -1 1 -1 -1 1 1 1 -1 -1 -1 1 -1 -1 1 -1 -1 
1 -1 1 1 1 -1 -1 -1 1 1 1 -1 -1 -1 1 1 -1 -1 1 -1 -1 1 
-1 -1 1 -1 -1 -1 1 1 1 -1 -1 1 -1 1 -1 1 1 1 -1 -1 1 1 
-1 1 -1 -1 -1 1 1 -1 -1 1 -1 -1 1 1 1 -1 -1 1 1 1 1 -1 

1 1 -1 -1 1 1 -1 -1 1 -1 1 1 -1 -1 1 -1 -1 1 -1 1 -1 1 
-1 -1 1 -1 -1 -1 1 -1 1 1 1 -1 1 1 -1 -1 -1 -1 1 -1 1 1 
-1 1 -1 1 -1 1 1 1 -1 1 -1 -1 1 -1 1 1 1 -1 -1 -1 1 -1 
1 -1 1 1 1 -1 -1 1 -1 -1 -1 1 -1 1 -1 1 1 1 1 1 -1 -1 

1 -1 -1 -1 -1 -1 1 -1 1 -1 1 -1 -1 -1 -1 -1 -1 1 -1 1 1 -1 
1 1 1 1 -1 1 -1 1 -1 1 1 1 -1 1 1 1 1 1 -1 -1 -1 -1 
-1 1 -1 1 1 1 1 1 -1 -1 -1 1 1 1 1 -1 -1 -1 1 1 -1 1 
-1 -1 1 -1 1 -1 -1 -1 1 1 -1 -1 1 -1 -1 1 1 -1 1 -1 1 1 

-1 -1 -1 1 1 -1 -1 -1 1 -1 1 1 -1 -1 -1 1 1 1 1 -1 1 1 
1 1 1 -1 1 1 1 -1 1 1 -1 -1 -1 1 -1 -1 -1 1 1 1 -1 -1 
-1 1 1 1 -1 -1 1 1 -1 1 -1 1 1 1 1 1 1 -1 -1 -1 -1 1 
1 -1 -1 -1 -1 1 -1 1 -1 -1 1 -1 1 -1 1 -1 -1 -1 -1 1 1 -1 

-1 -1 1 -1 -1 -1 -1 1 1 1 1 1 1 -1 -1 -1 -1 -1 -1 -1 -1 -1 
1 1 -1 -1 1 1 -1 -1 -1 -1 -1 -1 -1 1 1 1 -1 1 -1 1 1 -1 
1 -1 1 1 1 -1 1 1 1 -1 -1 1 -1 -1 1 -1 1 1 1 -1 -1 1 
-1 1 -1 1 -1 1 1 -1 -1 1 1 -1 1 1 -1 1 1 -1 1 1 1 1 

1 1 1 1 -1 1 -1 1 -1 1 1 -1 -1 1 -1 1 -1 1 1 1 1 1 
-1 1 -1 -1 1 -1 -1 -1 1 1 1 1 1 1 -1 -1 -1 -1 -1 -1 -1 -1 
1 -1 1 -1 -1 -1 1 -1 1 -1 -1 -1 -1 -1 1 -1 1 -1 -1 1 -1 1 
-1 -1 -1 1 1 1 1 1 -1 -1 -1 1 1 -1 1 1 1 1 1 -1 1 -1 

-1 -1 1 -1 -1 1 1 -1 -1 1 1 1 1 -1 -1 1 -1 -1 1 1 -1 -1 
1 -1 -1 -1 1 -1 -1 -1 1 1 1 -1 1 1 -1 -1 1 -1 -1 -1 1 -1 
1 1 1 1 1 1 1 1 1 -1 -1 -1 -1 1 1 1 -1 1 1 -1 -1 1 
-1 1 -1 1 -1 -1 -1 1 -1 -1 -1 1 -1 -1 1 -1 1 1 -1 1 1 1 

1 1 1 1 -1 1 1 -1 -1 1 1 -1 -1 1 -1 1 -1 1 1 1 1 1 
-1 -1 -1 -1 -1 -1 -1 -1 -1 -1 -1 -1 -1 -1 -1 -1 1 -1 -1 -1 -1 -1 
-1 1 -1 1 1 1 1 1 1 -1 1 1 1 1 1 -1 -1 -1 1 -1 1 -1 
1 -1 1 -1 1 -1 -1 1 1 1 -1 1 1 -1 1 1 1 1 -1 1 -1 1 

-1 1 -1 1 -1 1 -1 -1 -1 -1 1 1 -1 -1 -1 -1 -1 -1 -1 1 1 1 
1 -1 -1 -1 1 -1 1 -1 1 -1 1 -1 1 -1 1 1 -1 1 1 -1 -1 1 
-1 -1 1 1 1 1 1 1 -1 1 -1 -1 1 1 -1 1 1 1 1 1 -1 -1 
1 1 1 -1 -1 -1 -1 1 1 1 -1 1 -1 1 1 -1 1 -1 -1 -1 1 -1 

-1 1 -1 -1 -1 1 -1 -1 -1 1 1 1 1 -1 -1 -1 -1 1 1 1 1 -1 
1 -1 1 1 1 -1 -1 1 1 1 -1 -1 1 1 -1 1 1 1 -1 1 1 1 
-1 -1 1 -1 -1 -1 1 1 -1 -1 -1 1 -1 1 1 -1 1 -1 -1 -1 -1 1 
1 1 -1 1 1 1 1 -1 1 -1 1 -1 -1 -1 1 1 -1 -1 1 -1 -1 -1 

-1 1 -1 1 -1 1 1 1 1 1 1 1 -1 1 1 -1 1 -1 -1 1 -1 1 
1 -1 1 1 1 -1 1 -1 -1 -1 -1 -1 -1 -1 -1 -1 -1 -1 1 1 1 -1 
-1 -1 -1 -1 -1 -1 -1 -1 -1 1 1 -1 1 -1 -1 1 1 1 -1 -1 -1 -1 
1 1 1 -1 1 1 -1 1 1 -1 -1 1 1 1 1 1 -1 1 1 -1 1 1 

-1 1 1 -1 1 -1 1 1 1 -1 1 -1 1 -1 1 -1 1 -1 1 1 -1 -1 
-1 -1 -1 -1 -1 -1 -1 -1 -1 -1 1 1 -1 -1 -1 -1 1 1 -1 -1 1 1 
1 1 -1 1 1 1 -1 1 1 1 -1 -1 1 1 -1 1 -1 -1 1 -1 -1 1 
1 -1 1 1 -1 1 1 -1 -1 1 -1 1 -1 1 1 1 -1 1 -1 1 1 -1 


3 1 0 9 
7 10 2 0 
5 6 2 10 
8 10 4 0 
3 9 7 4 
9 8 2 10 
3 4 1 2 
1 9 4 6 
6 10 5 9 
2 1 7 0 
4 8 5 9 
8 3 10 5 
6 9 4 7 
5 7 6 8 
8 5 9 10 
3 5 7 2 


1495205746.1455 1249886897.6963 1989158999.4289 1992361749.7484 1242837398.1162 1693847247.9819 1766888087.3196 1706651189.4080 2077037327.3168 1616704109.6668 1245171887.5830 
1876970578.9230 1588966720.3447 1537883607.2726 1118077566.0863 1082621607.9962 1388453571.2896 1295043737.7564 1673768502.5493 1183288891.6324 1121607142.9004 1481821848.9917 
1876703105.0328 1721368095.3746 1569266734.0238 1355580840.4234 1810018049.4619 1286128387.0674 1564118061.6724 1371636403.1429 1119912076.9760 2056495594.2607 1351602650.6527 
1136968192.7003 1568916449.7941 2110741672.8852 1741007074.5652 1266579108.9438 2019565283.0967 1513996992.2737 1110932078.6341 1896615314.8310 1851166809.3358 2091937252.3633 
1998954194.1351 1388837469.8471 1778937030.2116 1302243695.3309 1639998894.3674 1091415736.2534 1842725348.0387 1717403875.4485 1074244045.0374 1299803010.6411 2055635327.1528 
1097356569.6831 2053859121.7305 1864528510.4964 1223001657.6276 1840838589.8770 1773063593.2338 1491698495.5396 1307366415.3008 1120472693.4758 1529087704.6571 2063887462.6271 
1421900837.0696 2130578359.8053 1595124859.1785 1501673101.9347 1686630171.7190 1307538908.9083 2008369292.6528 1886710169.9968 2142070651.5854 1961003253.9622 2021155411.4179 
1483402674.6901 1425109444.4843 1343675012.1841 2138793778.5887 1689462404.5633 1519188863.2715 1599838189.2230 1508091565.3289 1528357945.3049 1096432200.0148 1870837897.8256 
2031074288.2598 1645913994.4702 1457874463.3884 1617970557.3707 1681002496.9006 1475281878.0202 1189808016.2088 1588384026.8562 1077988387.2839 1224064610.8752 1953128442.3006 
1264117468.0817 1348814803.2063 1579713918.2939 1303364080.1383 1423102803.4339 1088688405.7420 1796542862.6506 1731096560.0200 2003830051.5671 1412140391.0291 1103800253.9601 
1926843001.5429 1900333546.9547 1879262641.4622 1227192811.4463 2113413071.4324 1418753470.6724 1855945483.4170 1465338582.1794 1914169729.5635 1540808876.9341 1074596747.4400 
1602498714.1834 1666574993.7988 1833806645.4392 1932244738.3475 1980029032.8049 1638026734.9639 1094646555.3215 1381340453.3946 1847478649.1011 2146726015.0494 1354967109.3324 
1126570869.5221 1706787125.5492 1477393383.8222 1754858488.7605 1107631347.7021 1134268108.7883 1403214994.5079 1288675494.2789 1320835801.8804 1781587181.5079 1303930329.5735 
1867131928.2791 1964596707.6936 1860492107.8920 1315546291.6234 1756826580.5872 1972580565.9106 2049337561.5525 1861615202.6062 2102396659.6460 1629239208.6499 1667400705.5805 
1468999145.5617 1755572923.5648 1395186213.5613 1086326961.2542 1396353174.7964 2093044398.3249 2076245467.8720 1730198291.0751 1322181001.9021 2066365390.3012 1642080457.6679 
1646904360.0618 1571889084.2456 1610567104.6844 1108756098.4255 1548695774.4770 1328495374.4023 1190540028.9041 1169932126.1955 1356505450.0842 2000126527.8753 1864129354.4649 
2087655725.8089 1943793173.0749 2045841314.7485 1652918058.5490 1785026571.5095 1847590993.4978 1174001929.0227 2041616145.5740 1900327344.7117 1099444846.6874 1705129781.7494 
1910791117.2549 1078578368.5614 2000498893.7157 1078688979.6476 2056944006.1339 1615006237.9074 1615762681.1400 1411419465.3699 1220438667.4265 1764317189.7468 1340091201.4459 
2125276969.5279 1348842199.9585 2096788806.9899 1598995927.7326 2120665258.8076 1854584242.8366 1326823958.8968 1624464431.2271 1299696192.3689 1833469818.6099 1978271974.2542 
1447484484.5350 1926104511.3419 1167685469.4926 1802116120.9160 1936911608.3301 1458945772.3442 1726437751.3562 1218983657.3746 1126243558.7651 1278995425.0891 1468792861.7584 
1452585905.1681 2074191129.9054 1565661409.8438 1548278055.8863 1686426405.9664 1460141715.9556 1358150942.8731 2020796193.7728 2039211790.3964 1676173309.1855 1169740853.9407 
1224257793.9640 1662202092.0416 2141225741.5015 1762189126.1645 1842992777.2592 1899755802.2113 1236282900.8418 1612734602.6085 1952126048.6746 2071916877.9889 1539910336.0207 
2084070711.3479 1132492793.2617 1244030021.9654 1958087499.0619 2099608620.6712 1665065925.3631 1763698765.5633 2003956687.2241 1097685227.7273 1938701506.6955 1939814341.8005 
1627287396.2189 1454541732.1067 1338829773.5276 1161009871.7575 1094125014.0110 1563157437.4822 1680450476.9124 1497163038.7203 1091400904.3672 1910427476.9857 1290577136.4128 
1927543197.8284 1468422157.5324 1271733799.5984 1132509777.6130 1466429264.8054 1836036670.0269 1911274711.2810 2046853406.7479 1315929327.1561 2062736295.8699 1505731288.1382 
1279281650.6005 1402607784.4369 1159099741.4059 1435500180.8795 1335919298.9987 1422622584.2227 2139123123.9619 1287530798.2666 1793418935.3617 1842978918.6752 1937968392.1384 
1381928834.5433 1493842776.3766 1122958821.9110 1193929260.8023 1343414530.3824 1794418545.7294 1959318167.6069 1911548040.6277 1170884912.5713 2136071595.7671 1838195127.3970 
1321470535.6245 1654134822.3569 1526219009.2913 1288804232.9538 1272600890.3430 1631281852.3637 1254987241.6829 1921576119.7832 1881669647.2167 1612705717.1434 1877437835.3789 
1345239174.2746 2086280255.7815 1339368264.7470 2052376651.3020 2099554503.1129 1673119337.4470 1766889137.5953 1952919353.6456 1180760372.3677 1417300899.3866 1906495300.5957 
1721365498.5394 1346710531.2962 1109924591.3876 1515797984.5914 1261067881.8692 1784340881.2447 1534161701.3394 1584260233.3914 1774311751.1580 1368375377.6933 2018959407.7913 
1464260980.9855 1372916095.1258 1882664993.2017 1851671573.1559 2036801475.2624 1667952106.8138 1614856084.5130 2059211481.8778 2070141388.0774 1480918294.0701 1605764330.2089 
1463777233.6678 1209342724.1874 1120968350.8067 1939743639.9188 1801387322.8277 1986468738.1724 1890921673.0989 1689764014.1250 1760312322.3565 1527445294.7768 2109791605.8158 
1286239157.2061 1578208802.5524 1166419056.7312 1589242815.3063 1378148162.7846 1135629819.4541 1161110533.4397 1719174124.3809 1370430685.1678 1165343377.5819 1584559267.3833 
1282408295.5403 1333048405.3424 1463457859.7920 1747179068.6888 1277234465.7581 1142652797.6727 1285808491.0202 1752504247.3442 1709646498.8376 1833156657.0321 1825711308.1612 
1311573797.9123 1738781049.9802 1612146814.3440 1094880663.2759 1485507627.8239 1128252734.1820 1281704346.8162 1701005341.1757 1307996548.4141 1766985569.0096 1708572925.1728 
1868377284.1627 1552112186.0560 1783969949.5645 1373462233.2867 1561207793.1766 1841091940.3033 2126099093.0454 2007626872.0063 1134141396.9855 1583150079.1838 1341253874.0662 
1843924153.3654 1124448984.7785 1720047260.9549 1250079399.8892 1532374486.5101 2137736788.9195 1417398892.0375 1298123102.2961 1233999471.2400 2115651960.2059 1433695802.2087 
1287317495.8317 2139044815.5142 1371038030.2315 1848113923.4711 1293302603.7265 1855830311.5921 1529470980.8377 1585617857.6814 1610800138.6310 1703441897.3031 1709419139.8573 
1188966447.1527 1320313951.5201 1651639927.8027 1731989709.9570 1951173900.5082 1122933246.1532 1956928793.8128 1973810485.4856 1814454709.9595 1305267091.8082 1400103045.3062 
1528604526.6471 1708694872.5148 1092385559.3944 1568513955.3736 1603356162.7626 1407022981.2678 1549571215.3246 1343572744.2678 2051286115.2068 1684380424.1913 1715495050.6808 
2034848946.4928 2140019491.4723 1713405624.1785 1948310257.5596 1624903982.2088 1442108968.9416 2100052176.9331 1396968977.5848 1802171874.3735 1275639631.6506 1137102814.1858 
1170228626.9764 1399354927.4446 1986039827.2180 1881794280.2336 1503505416.0171 1752651888.6208 1431717544.2342 1970869006.4857 1510522267.1554 1882081080.6579 1725573165.9686 
1939828090.7794 1655310297.8526 1413017591.8856 1274089207.9840 1614112219.9959 1293038457.8425 1468022972.1636 1319560786.0188 1170655684.4602 1826618167.6848 1940328272.0953 
1157480919.8035 2080800543.8110 1991899283.4685 1769547668.4873 1496471789.5272 1382350202.2282 2028448985.6723 1680151917.4555 1805844207.6711 1404800375.0119 1169136476.5753 
1268166325.7748 2048520303.0458 2129124659.9592 1632440134.8361 1079097458.0843 1752847519.0476 2082970611.8718 1873444653.3419 1714750018.3666 1117562529.8076 1593673328.9413 
1262459864.3517 1353091794.2372 1442378535.1393 1274126960.2736 1357159090.0520 1699139298.2106 2019243050.4721 2050185342.2511 1156813017.5849 1325366482.8802 1260870217.9818 
1171544544.6270 1277158338.6297 1909375608.7910 1526502748.4002 1075065086.4754 1121808513.4011 1117108867.2280 2105174944.8671 1551352847.3213 1198757368.5767 1518364508.8319 
2098965217.2361 1937208858.0810 1548617521.2541 1774518147.7052 1237573202.6869 1550708196.1491 1270345281.5981 2020457817.5730 1544000488.7869 1253033713.0849 1097514635.2267 
1165341506.1401 1354345550.1543 2067535127.5339 2036053764.1896 1128696811.4598 1080582308.6044 1646532635.0696 1820358271.5677 1137499554.8554 1960152170.3171 1576875321.8433 
1936783853.0123 1081218163.9926 1561234096.9666 1776623016.4491 1767619893.1540 2012860663.4206 1901893654.1621 1930902473.7203 1831418897.1614 1596523974.8474 1626714246.5011 
1705208359.3545 1718694022.1909 1251968807.3000 1496836014.7642 2135873104.7806 1694085391.2093 1486106043.4219 1809068360.9995 1447801690.7854 2088509553.9757 1326055752.1819 
1088417943.7156 1853973496.5874 1877167796.6294 1704357727.4956 1177949484.0300 1297026648.7756 1087558624.5224 2024549416.5209 1291518239.5741 1083657067.4079 1500856792.4981 
1587695054.7381 1393727381.6858 2085867918.2677 1419429713.0945 1732891245.5949 1920255598.0351 1930405722.9272 1912960972.8496 1204913066.6611 1443559505.9390 1946721466.1428 
1367784340.5349 1590126738.7662 2112754572.3867 1414556242.0148 1526904904.7615 1668838725.6758 1404801487.7564 1890238527.7556 1801325881.3823 1172550534.4335 1564331125.7704 
1301398516.7450 1832249878.9318 1670111334.4195 1635145292.4308 2011382166.6241 1418374166.6405 1191956734.3301 1831185846.3990 1709705685.1289 1320547876.5179 1602444062.5877 
1156700729.3962 2010577160.6395 2043974855.9229 2033557362.7959 1919771199.1587 1344059447.0900 1558081597.0566 2040502947.5223 1679812134.7940 1293669882.5349 1859099940.9696 
1169719465.5920 1588873016.6362 1428080033.9369 1928459106.4777 1636423078.8571 1388459862.0444 1304117304.3141 1390257561.2984 1123677301.2155 1632566127.8339 1810404808.2514 
1121640723.4411 1706652094.9639 1234079479.5388 1203731099.9828 1819716578.0388 1258497702.4459 1297805034.1764 1176086100.6967 1773159041.1355 1390839338.1927 1325548651.4567 
1350118260.4906 1400374597.3282 1205291957.9712 1409387355.3725 1747294554.5132 1722263102.5764 2087138108.5108 1524421181.6333 1819634363.3777 1659039273.6755 1960795469.5801 
1992077551.7646 1723197897.3394 1800808296.5602 1202451923.4106 1717808349.4326 1321894906.9336 1414606638.4551 1621695170.2442 1371140541.2622 1998868014.4138 1687738666.9510 
1265593741.0447 1746347261.6304 1163542380.6422 1378264291.5959 1749875391.4350 1916692072.9560 1508440483.6448 1459063439.4711 1130911192.2225 1679400076.9927 1942410311.4141 
1953460130.3396 1417968617.8209 1293586872.7507 2103859668.5479 1560291122.5358 1175315981.0091 2027840261.3454 1091057306.1428 1650731386.5547 1788731853.3993 2059604940.1941 
1341749568.9784 2109983690.9927 1290114021.2130 1663926861.9584 1992739463.8619 1736500084.5321 1275634255.6789 1894844443.3494 1807796721.4359 1131809174.5388 1821289425.6527 
2077196871.0181 1756014624.0451 2054016438.6318 2144168072.9880 1143123428.6157 1845811251.7251 1688589260.0731 1668459427.5769 1361922409.7480 1723296798.5126 1196903998.2718 

1 1 -1 -1 -1 -1 -1 -1 1 1 1 1 -1 -1 -1 -1 -1 1 -1 -1 -1 -1 
1 -1 1 -1 -1 1 1 -1 1 -1 -1 1 -1 1 1 1 1 -1 1 -1 1 1 
-1 -1 1 1 1 1 1 1 -1 -1 -1 -1 1 1 -1 1 -1 -1 -1 1 -1 1 
-1 1 -1 1 1 -1 -1 1 -1 1 1 -1 1 -1 1 -1 1 1 1 1 1 -1 

-1 1 1 1 -1 1 1 1 -1 1 -1 -1 1 -1 1 1 1 -1 -1 1 -1 -1 
-1 -1 -1 1 1 -1 -1 1 -1 -1 1 -1 -1 1 1 -1 -1 1 1 1 1 -1 
1 1 -1 -1 -1 -1 -1 -1 1 1 -1 1 1 1 -1 -1 -1 -1 1 -1 -1 1 
1 -1 1 -1 1 1 1 -1 1 -1 1 1 -1 -1 -1 1 1 1 -1 -1 1 1 

1 1 -1 -1 1 -1 -1 1 1 -1 -1 -1 1 -1 1 -1 -1 -1 -1 -1 -1 -1 
-1 -1 1 -1 -1 -1 1 -1 1 1 1 -1 -1 -1 1 1 1 1 1 1 -1 1 
1 -1 -1 1 1 1 -1 -1 -1 -1 1 1 -1 1 -1 1 1 -1 -1 1 1 1 
-1 1 1 1 -1 1 1 1 -1 1 -1 1 1 1 -1 -1 -1 1 1 -1 1 -1 

-1 -1 -1 -1 1 -1 -1 1 -1 -1 1 -1 1 -1 1 1 -1 -1 1 1 1 1 
-1 1 1 1 1 1 1 1 1 1 -1 1 -1 1 -1 1 -1 1 1 -1 -1 -1 
1 -1 -1 1 -1 1 1 -1 -1 1 1 1 1 1 -1 -1 1 -1 -1 1 -1 1 
1 1 1 -1 -1 -1 -1 -1 1 -1 -1 -1 -1 -1 1 -1 1 1 -1 -1 1 -1 

1 -1 -1 1 1 1 1 -1 -1 1 1 1 -1 -1 1 -1 -1 1 1 -1 -1 1 
-1 -1 -1 -1 1 -1 -1 1 1 1 1 -1 -1 1 -1 -1 1 -1 -1 1 1 -1 
-1 1 1 1 -1 -1 1 1 -1 -1 -1 1 1 1 1 1 1 1 -1 -1 1 1 
1 1 1 -1 -1 1 -1 -1 1 -1 -1 -1 1 -1 -1 1 -1 -1 1 1 -1 -1 

1 -1 -1 -1 -1 1 -1 -1 1 1 1 -1 -1 -1 1 -1 1 1 1 -1 -1 -1 
-1 -1 -1 1 1 -1 1 1 -1 1 1 1 1 -1 1 1 1 -1 1 1 1 -1 
1 1 1 -1 -1 -1 1 -1 1 -1 -1 1 -1 1 -1 1 -1 -1 -1 -1 1 1 
-1 1 1 1 1 1 -1 1 -1 -1 -1 -1 1 1 -1 -1 -1 1 -1 1 -1 1 

1 1 -1 1 -1 1 -1 1 -1 -1 -1 1 -1 1 1 -1 1 -1 1 -1 -1 1 
1 -1 -1 -1 -1 -1 1 -1 1 -1 1 -1 -1 -1 -1 -1 -1 -1 1 1 -1 -1 
-1 -1 1 -1 1 1 -1 -1 1 1 1 1 1 1 -1 1 1 1 -1 1 1 -1 
-1 1 1 1 1 -1 1 1 -1 1 -1 -1 1 -1 1 1 -1 1 -1 -1 1 1 

1 -1 1 -1 1 1 -1 -1 -1 -1 -1 -1 -1 -1 -1 -1 1 1 1 1 1 1 
-1 -1 -1 -1 -1 1 -1 1 1 1 -1 1 1 1 1 -1 1 -1 1 -1 -1 -1 
-1 1 1 1 1 -1 1 -1 1 -1 1 1 1 -1 -1 1 -1 1 -1 1 -1 1 
1 1 -1 1 -1 -1 1 1 -1 1 1 -1 -1 1 1 1 -1 -1 -1 -1 1 -1 

1 -1 -1 1 -1 -1 -1 1 1 -1 -1 -1 1 -1 -1 1 -1 -1 1 1 -1 1 
1 1 1 -1 -1 1 1 -1 -1 -1 -1 1 -1 -1 1 -1 1 1 1 -1 1 1 
-1 1 -1 -1 1 -1 -1 -1 1 1 1 1 -1 1 1 1 -1 1 -1 1 -1 -1 
-1 -1 1 1 1 1 1 1 -1 1 1 -1 1 1 -1 -1 1 -1 -1 -1 1 -1 

1 -1 1 1 1 -1 1 1 1 -1 1 1 1 -1 1 1 1 -1 1 -1 1 -1 
-1 1 1 -1 1 1 -1 1 1 1 1 -1 1 1 -1 1 1 1 -1 1 -1 1 
1 1 -1 -1 -1 -1 -1 -1 -1 1 -1 1 -1 1 1 -1 -1 -1 1 1 1 1 
-1 -1 -1 1 -1 1 1 -1 -1 -1 -1 -1 -1 -1 -1 -1 -1 1 -1 -1 -1 -1 

1 -1 1 -1 1 -1 1 -1 -1 1 -1 1 -1 -1 -1 1 -1 -1 -1 1 -1 -1 
1 1 1 1 1 1 1 1 1 1 1 -1 1 -1 1 1 1 -1 1 -1 1 -1 
-1 -1 -1 -1 -1 1 -1 1 -1 -1 -1 -1 -1 1 -1 -1 -1 1 1 1 -1 1 
-1 1 -1 1 -1 -1 -1 -1 1 -1 1 1 1 1 1 -1 1 1 -1 -1 1 1 

-1 -1 1 -1 -1 1 -1 -1 -1 1 1 1 -1 -1 1 -1 -1 -1 1 -1 -1 -1 
1 1 1 1 1 1 1 -1 1 -1 -1 -1 1 -1 -1 -1 -1 1 -1 -1 1 1 
-1 1 -1 -1 -1 -1 -1 1 1 1 1 -1 1 1 1 1 1 -1 1 1 -1 1 
1 -1 -1 1 1 -1 1 1 -1 -1 -1 1 -1 1 -1 1 1 1 -1 1 1 -1 

1 -1 -1 -1 1 -1 -1 1 1 -1 1 1 -1 1 1 1 1 -1 1 1 -1 -1 
-1 -1 1 -1 1 1 1 -1 -1 1 1 -1 1 1 1 -1 1 1 -1 -1 1 -1 
-1 1 -1 1 -1 -1 -1 -1 1 1 -1 -1 1 -1 -1 -1 -1 -1 1 -1 1 1 
1 1 1 1 -1 1 1 1 -1 -1 -1 1 -1 -1 -1 1 -1 1 -1 1 -1 1 

1 1 1 -1 1 -1 -1 1 -1 1 1 -1 1 -1 1 -1 1 -1 1 -1 -1 -1 
-1 -1 -1 -1 1 1 1 1 1 1 1 1 -1 1 1 1 1 1 -1 1 -1 1 
-1 1 -1 1 -1 -1 1 -1 1 -1 -1 -1 1 1 -1 -1 -1 1 -1 -1 1 1 
1 -1 1 1 -1 1 -1 -1 -1 -1 -1 1 -1 -1 -1 1 -1 -1 1 1 1 -1 

-1 -1 -1 -1 1 -1 1 -1 1 -1 1 -1 -1 1 1 1 1 1 -1 1 -1 -1 
-1 1 1 1 1 1 1 1 -1 1 -1 -1 -1 -1 -1 -1 -1 -1 1 -1 1 -1 
1 1 -1 1 -1 1 -1 1 1 1 1 1 1 1 -1 1 -1 1 1 1 1 1 
1 -1 1 -1 -1 -1 -1 -1 -1 -1 -1 1 1 -1 1 -1 1 -1 -1 -1 -1 1 

1 -1 -1 -1 -1 1 -1 -1 1 1 -1 -1 1 -1 -1 -1 -1 1 1 -1 1 1 
-1 1 1 1 -1 -1 1 1 -1 1 1 1 -1 -1 1 1 1 -1 -1 -1 1 -1 
-1 -1 -1 1 1 -1 -1 1 1 -1 1 -1 1 1 -1 1 1 1 -1 1 -1 -1 
1 1 1 -1 1 1 1 -1 -1 -1 -1 1 -1 1 1 -1 -1 -1 1 1 -1 1 


3 4 8 5 
6 4 8 3 
2 9 8 5 
3 4 5 10 
2 4 0 6 
4 7 2 10 
2 7 8 3 
6 1 7 0 
4 6 5 9 
2 7 10 0 
8 9 3 1 
5 9 2 1 
8 1 7 10 
6 9 10 7 
1 2 8 9 
6 4 9 10 


