734 936 87 699 788 156 804 205 877 326 294 
824 156 565 473 573 394 412 663 120 310 645 
148 74 784 836 357 493 193 564 743 558 347 
426 936 343 609 776 535 55 930 672 683 152 

153 229 286 534 852 485 319 58 822 126 541 
769 500 812 70 886 843 678 61 737 164 949 
526 521 67 861 107 80 660 1019 600 639 375 
429 902 533 375 960 989 776 1018 576 205 149 

407 479 656 887 470 466 778 299 102 840 521 
620 397 452 739 995 894 956 207 321 870 812 
947 305 497 198 724 627 599 885 59 657 889 
302 867 254 774 1008 187 898 220 675 291 554 

711 57 758 876 532 300 699 547 772 119 409 
54 930 59 619 763 333 440 832 883 906 739 
126 886 422 103 449 853 698 508 767 411 162 
760 449 399 700 625 180 516 778 602 46 690 

665 147 575 728 784 670 675 614 301 552 481 
32 268 220 513 240 235 725 619 435 744 665 
727 438 109 407 52 904 159 600 294 572 636 
549 120 898 393 53 366 80 656 201 500 612 

282 311 863 466 371 401 683 455 46 895 793 
626 799 254 666 859 640 294 862 753 300 580 
449 223 895 258 223 878 1001 673 538 697 746 
781 384 863 122 339 793 676 522 290 893 946 

823 979 1001 844 939 472 517 734 732 460 849 
298 380 530 847 1013 68 1019 515 195 743 753 
809 246 607 53 908 979 961 593 981 464 978 
495 782 164 565 843 694 416 766 111 206 650 

993 328 597 466 438 761 655 553 195 564 493 
352 917 743 601 306 423 512 373 813 794 970 
164 768 82 866 967 609 657 747 878 212 725 
591 995 740 520 509 816 503 287 545 786 751 

478 405 924 796 42 913 446 753 150 88 550 
157 1012 461 209 843 331 319 817 193 507 161 
668 503 559 41 613 486 982 800 558 789 249 
560 266 491 542 604 175 891 597 324 238 45 

472 932 769 585 383 273 825 116 595 902 828 
1014 126 674 926 642 417 677 801 723 708 374 
818 966 296 613 52 1001 619 615 620 518 879 
1024 346 717 610 852 401 128 462 922 758 405 

1003 1023 811 330 573 420 814 555 458 607 341 
778 39 598 274 107 247 922 630 544 928 440 
139 381 422 82 541 796 1021 392 905 511 765 
764 788 787 331 207 800 421 928 618 127 211 

247 954 876 517 1002 379 909 76 219 188 952 
489 509 442 53 646 526 219 874 505 602 341 
664 634 292 961 122 348 987 178 845 912 844 
775 336 235 520 111 408 304 248 95 319 610 

881 136 544 50 58 568 639 494 227 310 143 
932 373 86 121 131 506 903 289 72 865 132 
900 126 127 938 132 412 772 353 591 890 77 
102 956 238 517 340 537 534 441 326 818 812 

994 799 718 507 882 40 766 714 876 476 246 
955 271 639 400 74 673 877 408 853 99 613 
288 212 668 494 516 947 647 683 102 593 314 
456 485 197 556 214 761 650 906 189 979 234 

505 993 354 707 139 933 1014 278 531 336 678 
215 498 963 628 294 158 364 139 454 760 391 
838 144 462 158 305 290 327 394 572 728 400 
511 906 832 831 113 471 496 926 487 951 311 

900 983 854 829 760 479 309 161 79 776 551 
202 942 190 116 587 282 566 707 413 832 163 
515 87 344 101 809 236 111 349 789 870 841 
712 998 753 376 607 881 487 795 323 937 997 

869 239 108 971 878 612 646 680 335 680 375 
712 258 683 569 207 346 90 244 924 731 919 
703 408 899 850 991 594 1014 452 233 444 196 
349 448 146 666 309 80 343 97 85 888 981 

158 739 212 283 674 118 774 207 897 695 951 
77 531 303 717 1010 717 660 325 828 339 241 
237 150 605 827 780 346 830 961 1019 304 844 
816 606 493 968 800 869 644 460 357 519 791 

145 126 309 886 448 606 967 752 840 756 686 
68 500 719 907 415 985 334 414 612 557 251 
82 395 45 676 921 1001 969 828 562 75 690 
140 751 650 837 196 95 156 55 189 642 452 

673 232 264 154 880 886 70 752 409 611 611 
691 290 405 957 180 443 289 135 269 587 228 
229 888 97 534 325 910 903 617 310 805 991 
510 180 758 592 576 620 606 585 320 635 627 

1015 291 629 216 331 693 275 619 55 504 803 
323 454 587 970 472 978 624 887 154 604 918 
683 486 164 198 695 311 548 395 470 246 169 
536 321 275 785 1009 650 821 692 332 980 312 

826 809 51 762 1016 360 690 33 407 326 757 
375 686 878 40 499 325 259 401 232 527 487 
889 80 34 934 32 417 934 682 659 433 558 
425 388 660 627 438 457 537 359 1002 357 85 

864 734 423 672 520 386 808 486 590 389 546 
944 638 383 1009 593 282 697 926 190 84 364 
92 847 989 122 595 413 1023 988 531 878 787 
916 441 290 934 111 971 740 1002 483 490 690 

846 80 105 406 1006 157 460 777 126 936 643 
263 699 721 97 413 42 91 314 945 175 711 
483 517 982 176 953 953 319 986 541 956 357 
938 255 654 960 412 891 932 849 775 85 244 

313 548 465 691 443 956 106 177 182 470 493 
504 890 463 196 916 687 810 268 560 291 783 
56 65 178 922 269 76 431 482 101 87 53 
948 972 215 180 536 740 462 132 895 900 649 


-1,-1	-1,1	-1,1	-1,-1	-1,-1	-1,-1	-1,-1	-1,-1	-1,-1	-1,-1	-1,1	
1,1	1,1	1,-1	1,1	1,-1	1,1	-1,1	1,1	1,-1	1,1	1,1	
-1,1	1,-1	-1,-1	-1,1	1,1	-1,1	1,1	1,-1	1,1	1,-1	-1,-1	
1,-1	-1,-1	1,1	1,-1	-1,1	1,-1	1,-1	-1,1	-1,1	-1,1	1,-1	

-1,-1	-1,1	-1,1	1,1	1,1	1,1	-1,1	-1,1	1,-1	1,-1	-1,-1	
1,1	1,-1	-1,-1	1,-1	-1,1	1,-1	1,-1	-1,-1	-1,-1	1,1	1,1	
1,-1	1,1	1,1	-1,1	-1,-1	-1,-1	1,1	1,1	1,1	-1,-1	1,-1	
-1,1	-1,-1	1,-1	-1,-1	1,-1	-1,1	-1,-1	1,-1	-1,1	-1,1	-1,1	

-1,-1	-1,-1	1,1	1,1	1,1	1,-1	-1,1	-1,-1	-1,1	1,1	1,-1	
-1,1	1,-1	1,-1	1,-1	-1,1	-1,-1	1,1	1,1	1,-1	-1,-1	-1,-1	
1,1	-1,1	-1,-1	-1,-1	1,-1	1,1	-1,-1	1,-1	1,1	-1,1	-1,1	
1,-1	1,1	-1,1	-1,1	-1,-1	-1,1	1,-1	-1,1	-1,-1	1,-1	1,1	

1,-1	-1,1	1,-1	1,1	1,-1	1,1	-1,1	-1,-1	1,-1	-1,1	1,1	
-1,-1	1,-1	-1,1	1,-1	-1,-1	-1,1	-1,-1	1,-1	1,1	-1,-1	1,-1	
1,1	1,1	-1,-1	-1,1	-1,1	1,-1	1,1	1,1	-1,1	1,1	-1,-1	
-1,1	-1,-1	1,1	-1,-1	1,1	-1,-1	1,-1	-1,1	-1,-1	1,-1	-1,1	

1,-1	1,1	-1,1	1,1	1,-1	-1,1	1,1	-1,1	-1,-1	-1,1	-1,-1	
1,1	-1,-1	1,-1	-1,-1	-1,1	1,-1	-1,1	-1,-1	1,1	-1,-1	1,-1	
-1,1	-1,1	-1,-1	-1,1	1,1	-1,-1	-1,-1	1,-1	-1,1	1,1	-1,1	
-1,-1	1,-1	1,1	1,-1	-1,-1	1,1	1,-1	1,1	1,-1	1,-1	1,1	

-1,1	1,-1	-1,1	-1,-1	1,-1	-1,-1	-1,1	1,1	-1,1	1,1	1,-1	
1,1	-1,1	-1,-1	1,1	-1,-1	1,1	-1,-1	-1,1	-1,-1	1,-1	-1,1	
-1,-1	1,1	1,-1	-1,1	-1,1	-1,1	1,1	1,-1	1,1	-1,-1	1,1	
1,-1	-1,-1	1,1	1,-1	1,1	1,-1	1,-1	-1,-1	1,-1	-1,1	-1,-1	

-1,-1	1,1	-1,1	1,-1	-1,1	1,1	-1,-1	-1,1	-1,-1	1,1	1,-1	
1,1	-1,1	-1,-1	-1,1	1,1	1,-1	1,1	1,-1	1,1	-1,1	-1,-1	
1,-1	1,-1	1,-1	1,1	1,-1	-1,-1	-1,1	1,1	-1,1	-1,-1	1,1	
-1,1	-1,-1	1,1	-1,-1	-1,-1	-1,1	1,-1	-1,-1	1,-1	1,-1	-1,1	

1,1	-1,1	-1,-1	1,-1	-1,-1	-1,1	1,1	-1,-1	1,-1	-1,-1	-1,1	
-1,1	1,1	1,-1	1,1	-1,1	1,1	-1,-1	1,1	-1,1	1,-1	-1,-1	
-1,-1	1,-1	-1,1	-1,1	1,-1	-1,-1	1,-1	-1,1	-1,-1	-1,1	1,-1	
1,-1	-1,-1	1,1	-1,-1	1,1	1,-1	-1,1	1,-1	1,1	1,1	1,1	

1,-1	-1,1	1,1	-1,1	1,1	1,-1	1,1	1,-1	1,1	-1,-1	1,1	
-1,1	1,1	1,-1	1,1	-1,-1	1,1	-1,-1	1,1	-1,-1	1,1	-1,1	
1,1	1,-1	-1,-1	1,-1	1,-1	-1,-1	1,-1	-1,1	-1,1	-1,1	1,-1	
-1,-1	-1,-1	-1,1	-1,-1	-1,1	-1,1	-1,1	-1,-1	1,-1	1,-1	-1,-1	

1,1	1,1	1,1	1,1	1,-1	1,-1	-1,1	-1,1	1,-1	1,1	1,1	
1,-1	-1,-1	1,-1	-1,1	-1,1	1,1	-1,-1	-1,-1	-1,-1	-1,-1	-1,1	
-1,-1	-1,1	-1,1	1,-1	-1,-1	-1,-1	1,1	1,1	-1,1	1,-1	1,-1	
-1,1	1,-1	-1,-1	-1,-1	1,1	-1,1	1,-1	1,-1	1,1	-1,1	-1,-1	

1,-1	1,-1	1,-1	1,1	1,1	1,1	1,1	1,1	1,1	1,1	1,1	
-1,-1	-1,-1	-1,1	-1,-1	-1,-1	-1,1	-1,1	-1,-1	1,-1	-1,-1	1,-1	
1,1	-1,1	-1,-1	-1,1	-1,1	1,-1	-1,-1	-1,1	-1,-1	1,-1	-1,1	
-1,1	1,1	1,1	1,-1	1,-1	-1,-1	1,-1	1,-1	-1,1	-1,1	-1,-1	

-1,1	1,-1	1,-1	1,-1	1,-1	1,-1	1,-1	-1,-1	-1,-1	1,1	1,1	
-1,-1	1,1	1,1	1,1	1,1	1,1	1,1	1,1	-1,1	1,-1	-1,-1	
1,1	-1,-1	-1,-1	-1,-1	-1,-1	-1,1	-1,1	-1,1	1,1	-1,-1	1,-1	
1,-1	-1,1	-1,1	-1,1	-1,1	-1,-1	-1,-1	1,-1	1,-1	-1,1	-1,1	

1,1	-1,-1	1,1	1,1	1,1	-1,1	1,1	1,1	1,1	-1,-1	1,-1	
1,-1	1,-1	1,-1	-1,1	1,-1	1,-1	-1,-1	-1,1	-1,1	-1,1	-1,1	
-1,-1	1,1	-1,-1	-1,-1	-1,-1	1,1	-1,1	1,-1	1,-1	1,-1	1,1	
-1,1	-1,1	-1,1	1,-1	-1,1	-1,-1	1,-1	-1,-1	-1,-1	1,1	-1,-1	

-1,-1	1,-1	1,-1	1,-1	1,1	1,1	1,1	-1,1	-1,1	-1,-1	-1,-1	
1,1	-1,1	-1,1	-1,1	-1,1	-1,1	-1,-1	-1,-1	1,1	1,1	1,-1	
-1,1	1,1	1,1	-1,-1	-1,-1	1,-1	1,-1	1,1	1,-1	-1,1	1,1	
1,-1	-1,-1	-1,-1	1,1	1,-1	-1,-1	-1,1	1,-1	-1,-1	1,-1	-1,1	

1,1	1,-1	1,1	1,-1	1,-1	-1,1	1,-1	-1,-1	1,-1	1,1	1,-1	
-1,1	-1,1	-1,1	-1,1	1,1	1,1	-1,1	1,-1	-1,-1	-1,1	-1,-1	
-1,-1	1,1	1,-1	-1,-1	-1,-1	-1,-1	-1,-1	-1,1	-1,1	1,-1	-1,1	
1,-1	-1,-1	-1,-1	1,1	-1,1	1,-1	1,1	1,1	1,1	-1,-1	1,1	

1,-1	-1,-1	1,1	-1,-1	-1,1	-1,-1	-1,1	1,1	1,-1	1,1	-1,-1	
1,1	1,-1	-1,-1	-1,1	1,-1	-1,1	1,1	-1,-1	1,1	-1,-1	1,-1	
-1,1	-1,1	-1,1	1,-1	-1,-1	1,1	1,-1	1,-1	-1,1	1,-1	1,1	
-1,-1	1,1	1,-1	1,1	1,1	1,-1	-1,-1	-1,1	-1,-1	-1,1	-1,1	

-1,1	1,1	-1,-1	1,1	-1,1	-1,-1	-1,1	-1,-1	-1,1	1,-1	-1,1	
1,1	1,-1	1,1	-1,1	-1,-1	-1,1	1,-1	-1,1	1,1	-1,1	1,1	
-1,-1	-1,1	-1,1	-1,-1	1,-1	1,1	1,1	1,1	-1,-1	1,1	-1,-1	
1,-1	-1,-1	1,-1	1,-1	1,1	1,-1	-1,-1	1,-1	1,-1	-1,-1	1,-1	

-1,-1	1,1	-1,-1	-1,1	1,-1	-1,1	1,1	-1,1	1,-1	-1,1	-1,-1	
1,-1	-1,-1	-1,1	1,1	-1,-1	1,1	-1,1	1,-1	-1,1	1,1	1,-1	
-1,1	-1,1	1,1	1,-1	1,1	1,-1	-1,-1	-1,-1	1,1	-1,-1	1,1	
1,1	1,-1	1,-1	-1,-1	-1,1	-1,-1	1,-1	1,1	-1,-1	1,-1	-1,1	

1,1	-1,-1	1,1	-1,-1	1,-1	-1,-1	1,1	-1,-1	1,1	-1,1	-1,-1	
1,-1	1,1	1,-1	1,1	-1,1	1,1	-1,1	1,1	-1,1	-1,-1	-1,1	
-1,-1	1,-1	-1,1	1,-1	1,1	1,-1	-1,-1	-1,1	-1,-1	1,-1	1,1	
-1,1	-1,1	-1,-1	-1,1	-1,-1	-1,1	1,-1	1,-1	1,-1	1,1	1,-1	

1,1	1,-1	-1,1	1,1	-1,-1	1,1	1,-1	1,1	1,-1	1,1	1,-1	
1,-1	-1,1	1,-1	-1,1	1,-1	-1,-1	-1,1	-1,-1	1,1	-1,1	1,1	
-1,-1	-1,-1	-1,-1	-1,-1	-1,1	1,-1	-1,-1	1,-1	-1,-1	-1,-1	-1,1	
-1,1	1,1	1,1	1,-1	1,1	-1,1	1,1	-1,1	-1,1	1,-1	-1,-1	

-1,-1	-1,-1	-1,-1	-1,-1	-1,-1	-1,1	-1,1	-1,1	1,1	1,1	1,1	
1,1	1,1	1,-1	1,1	1,1	1,1	1,-1	1,-1	1,-1	-1,-1	-1,-1	
-1,1	1,-1	1,1	1,-1	1,-1	-1,-1	1,1	-1,-1	-1,-1	-1,1	-1,1	
1,-1	-1,1	-1,1	-1,1	-1,1	1,-1	-1,-1	1,1	-1,1	1,-1	1,-1	

1,-1	-1,1	-1,1	1,-1	1,-1	-1,1	1,-1	1,-1	1,1	1,1	1,1	
-1,-1	1,1	-1,-1	1,1	1,1	1,1	1,1	-1,1	-1,-1	1,-1	1,-1	
-1,1	1,-1	1,1	-1,-1	-1,1	-1,-1	-1,-1	1,1	1,-1	-1,-1	-1,1	
1,1	-1,-1	1,-1	-1,1	-1,-1	1,-1	-1,1	-1,-1	-1,1	-1,1	-1,-1	

-1,-1	-1,1	1,1	-1,-1	1,1	1,1	1,1	1,-1	1,-1	1,-1	1,1	
1,-1	1,-1	1,-1	-1,1	-1,1	-1,1	-1,1	-1,-1	-1,-1	-1,1	-1,1	
-1,1	1,1	-1,1	1,-1	1,-1	1,-1	-1,-1	-1,1	-1,1	1,1	1,-1	
1,1	-1,-1	-1,-1	1,1	-1,-1	-1,-1	1,-1	1,1	1,1	-1,-1	-1,-1	

1,1	1,1	-1,-1	1,1	-1,1	-1,-1	-1,1	-1,1	1,1	-1,-1	1,-1	
-1,-1	-1,1	-1,1	1,-1	1,-1	1,-1	1,1	1,-1	1,-1	-1,1	-1,1	
-1,1	1,-1	1,-1	-1,1	1,1	-1,1	-1,-1	-1,-1	-1,-1	1,1	1,1	
1,-1	-1,-1	1,1	-1,-1	-1,-1	1,1	1,-1	1,1	-1,1	1,-1	-1,-1	

-1,1	-1,1	-1,1	1,1	1,1	1,-1	-1,-1	1,-1	-1,-1	-1,1	1,1	
1,1	-1,-1	1,-1	-1,-1	-1,1	-1,1	-1,1	1,1	1,1	1,-1	-1,-1	
-1,-1	1,-1	-1,-1	1,-1	1,-1	1,1	1,-1	-1,-1	1,-1	1,1	-1,1	
1,-1	1,1	1,1	-1,1	-1,-1	-1,-1	1,1	-1,1	-1,1	-1,-1	1,-1	

5 6 10 9 
0 4 10 6 
0 4 7 3 
1 8 4 0 
7 3 8 10 
6 5 9 10 
10 3 7 6 
9 6 1 5 
8 5 10 1 
4 8 3 2 
6 0 10 3 
10 2 1 8 
10 4 1 6 
9 3 6 4 
8 3 0 5 
7 1 5 3 
3 2 8 9 
10 4 3 6 
8 7 1 3 
2 8 4 0 
3 10 1 9 
8 9 5 4 
1 0 2 10 
2 7 6 8 
0 4 1 9 


426 936 343 609 776 535 55 930 672 683 152 
148 74 784 836 357 493 193 564 743 558 347 
824 156 565 473 573 394 412 663 120 310 645 
734 936 87 699 788 156 804 205 877 326 294 

429 902 533 375 960 989 776 1018 576 205 149 
526 521 67 861 107 80 660 1019 600 639 375 
769 500 812 70 886 843 678 61 737 164 949 
153 229 286 534 852 485 319 58 822 126 541 

302 867 254 774 1008 187 898 220 675 291 554 
947 305 497 198 724 627 599 885 59 657 889 
620 397 452 739 995 894 956 207 321 870 812 
407 479 656 887 470 466 778 299 102 840 521 

760 449 399 700 625 180 516 778 602 46 690 
126 886 422 103 449 853 698 508 767 411 162 
54 930 59 619 763 333 440 832 883 906 739 
711 57 758 876 532 300 699 547 772 119 409 

549 120 898 393 53 366 80 656 201 500 612 
727 438 109 407 52 904 159 600 294 572 636 
32 268 220 513 240 235 725 619 435 744 665 
665 147 575 728 784 670 675 614 301 552 481 

781 384 863 122 339 793 676 522 290 893 946 
449 223 895 258 223 878 1001 673 538 697 746 
626 799 254 666 859 640 294 862 753 300 580 
282 311 863 466 371 401 683 455 46 895 793 

495 782 164 565 843 694 416 766 111 206 650 
809 246 607 53 908 979 961 593 981 464 978 
298 380 530 847 1013 68 1019 515 195 743 753 
823 979 1001 844 939 472 517 734 732 460 849 

591 995 740 520 509 816 503 287 545 786 751 
164 768 82 866 967 609 657 747 878 212 725 
352 917 743 601 306 423 512 373 813 794 970 
993 328 597 466 438 761 655 553 195 564 493 

560 266 491 542 604 175 891 597 324 238 45 
668 503 559 41 613 486 982 800 558 789 249 
157 1012 461 209 843 331 319 817 193 507 161 
478 405 924 796 42 913 446 753 150 88 550 

1024 346 717 610 852 401 128 462 922 758 405 
818 966 296 613 52 1001 619 615 620 518 879 
1014 126 674 926 642 417 677 801 723 708 374 
472 932 769 585 383 273 825 116 595 902 828 

764 788 787 331 207 800 421 928 618 127 211 
139 381 422 82 541 796 1021 392 905 511 765 
778 39 598 274 107 247 922 630 544 928 440 
1003 1023 811 330 573 420 814 555 458 607 341 

775 336 235 520 111 408 304 248 95 319 610 
664 634 292 961 122 348 987 178 845 912 844 
489 509 442 53 646 526 219 874 505 602 341 
247 954 876 517 1002 379 909 76 219 188 952 

102 956 238 517 340 537 534 441 326 818 812 
900 126 127 938 132 412 772 353 591 890 77 
932 373 86 121 131 506 903 289 72 865 132 
881 136 544 50 58 568 639 494 227 310 143 

456 485 197 556 214 761 650 906 189 979 234 
288 212 668 494 516 947 647 683 102 593 314 
955 271 639 400 74 673 877 408 853 99 613 
994 799 718 507 882 40 766 714 876 476 246 

511 906 832 831 113 471 496 926 487 951 311 
838 144 462 158 305 290 327 394 572 728 400 
215 498 963 628 294 158 364 139 454 760 391 
505 993 354 707 139 933 1014 278 531 336 678 

712 998 753 376 607 881 487 795 323 937 997 
515 87 344 101 809 236 111 349 789 870 841 
202 942 190 116 587 282 566 707 413 832 163 
900 983 854 829 760 479 309 161 79 776 551 

349 448 146 666 309 80 343 97 85 888 981 
703 408 899 850 991 594 1014 452 233 444 196 
712 258 683 569 207 346 90 244 924 731 919 
869 239 108 971 878 612 646 680 335 680 375 

816 606 493 968 800 869 644 460 357 519 791 
237 150 605 827 780 346 830 961 1019 304 844 
77 531 303 717 1010 717 660 325 828 339 241 
158 739 212 283 674 118 774 207 897 695 951 

140 751 650 837 196 95 156 55 189 642 452 
82 395 45 676 921 1001 969 828 562 75 690 
68 500 719 907 415 985 334 414 612 557 251 
145 126 309 886 448 606 967 752 840 756 686 

510 180 758 592 576 620 606 585 320 635 627 
229 888 97 534 325 910 903 617 310 805 991 
691 290 405 957 180 443 289 135 269 587 228 
673 232 264 154 880 886 70 752 409 611 611 

536 321 275 785 1009 650 821 692 332 980 312 
683 486 164 198 695 311 548 395 470 246 169 
323 454 587 970 472 978 624 887 154 604 918 
1015 291 629 216 331 693 275 619 55 504 803 

425 388 660 627 438 457 537 359 1002 357 85 
889 80 34 934 32 417 934 682 659 433 558 
375 686 878 40 499 325 259 401 232 527 487 
826 809 51 762 1016 360 690 33 407 326 757 

916 441 290 934 111 971 740 1002 483 490 690 
92 847 989 122 595 413 1023 988 531 878 787 
944 638 383 1009 593 282 697 926 190 84 364 
864 734 423 672 520 386 808 486 590 389 546 

938 255 654 960 412 891 932 849 775 85 244 
483 517 982 176 953 953 319 986 541 956 357 
263 699 721 97 413 42 91 314 945 175 711 
846 80 105 406 1006 157 460 777 126 936 643 

948 972 215 180 536 740 462 132 895 900 649 
56 65 178 922 269 76 431 482 101 87 53 
504 890 463 196 916 687 810 268 560 291 783 
313 548 465 691 443 956 106 177 182 470 493 


1,-1	-1,-1	1,1	1,-1	-1,1	1,-1	1,-1	-1,1	-1,1	-1,1	1,-1	
-1,1	1,-1	-1,-1	-1,1	1,1	-1,1	1,1	1,-1	1,1	1,-1	-1,-1	
1,1	1,1	1,-1	1,1	1,-1	1,1	-1,1	1,1	1,-1	1,1	1,1	
-1,-1	-1,1	-1,1	-1,-1	-1,-1	-1,-1	-1,-1	-1,-1	-1,-1	-1,-1	-1,1	

-1,1	-1,-1	1,-1	-1,-1	1,-1	-1,1	-1,-1	1,-1	-1,1	-1,1	-1,1	
1,-1	1,1	1,1	-1,1	-1,-1	-1,-1	1,1	1,1	1,1	-1,-1	1,-1	
1,1	1,-1	-1,-1	1,-1	-1,1	1,-1	1,-1	-1,-1	-1,-1	1,1	1,1	
-1,-1	-1,1	-1,1	1,1	1,1	1,1	-1,1	-1,1	1,-1	1,-1	-1,-1	

1,-1	1,1	-1,1	-1,1	-1,-1	-1,1	1,-1	-1,1	-1,-1	1,-1	1,1	
1,1	-1,1	-1,-1	-1,-1	1,-1	1,1	-1,-1	1,-1	1,1	-1,1	-1,1	
-1,1	1,-1	1,-1	1,-1	-1,1	-1,-1	1,1	1,1	1,-1	-1,-1	-1,-1	
-1,-1	-1,-1	1,1	1,1	1,1	1,-1	-1,1	-1,-1	-1,1	1,1	1,-1	

-1,1	-1,-1	1,1	-1,-1	1,1	-1,-1	1,-1	-1,1	-1,-1	1,-1	-1,1	
1,1	1,1	-1,-1	-1,1	-1,1	1,-1	1,1	1,1	-1,1	1,1	-1,-1	
-1,-1	1,-1	-1,1	1,-1	-1,-1	-1,1	-1,-1	1,-1	1,1	-1,-1	1,-1	
1,-1	-1,1	1,-1	1,1	1,-1	1,1	-1,1	-1,-1	1,-1	-1,1	1,1	

-1,-1	1,-1	1,1	1,-1	-1,-1	1,1	1,-1	1,1	1,-1	1,-1	1,1	
-1,1	-1,1	-1,-1	-1,1	1,1	-1,-1	-1,-1	1,-1	-1,1	1,1	-1,1	
1,1	-1,-1	1,-1	-1,-1	-1,1	1,-1	-1,1	-1,-1	1,1	-1,-1	1,-1	
1,-1	1,1	-1,1	1,1	1,-1	-1,1	1,1	-1,1	-1,-1	-1,1	-1,-1	

1,-1	-1,-1	1,1	1,-1	1,1	1,-1	1,-1	-1,-1	1,-1	-1,1	-1,-1	
-1,-1	1,1	1,-1	-1,1	-1,1	-1,1	1,1	1,-1	1,1	-1,-1	1,1	
1,1	-1,1	-1,-1	1,1	-1,-1	1,1	-1,-1	-1,1	-1,-1	1,-1	-1,1	
-1,1	1,-1	-1,1	-1,-1	1,-1	-1,-1	-1,1	1,1	-1,1	1,1	1,-1	

-1,1	-1,-1	1,1	-1,-1	-1,-1	-1,1	1,-1	-1,-1	1,-1	1,-1	-1,1	
1,-1	1,-1	1,-1	1,1	1,-1	-1,-1	-1,1	1,1	-1,1	-1,-1	1,1	
1,1	-1,1	-1,-1	-1,1	1,1	1,-1	1,1	1,-1	1,1	-1,1	-1,-1	
-1,-1	1,1	-1,1	1,-1	-1,1	1,1	-1,-1	-1,1	-1,-1	1,1	1,-1	

1,-1	-1,-1	1,1	-1,-1	1,1	1,-1	-1,1	1,-1	1,1	1,1	1,1	
-1,-1	1,-1	-1,1	-1,1	1,-1	-1,-1	1,-1	-1,1	-1,-1	-1,1	1,-1	
-1,1	1,1	1,-1	1,1	-1,1	1,1	-1,-1	1,1	-1,1	1,-1	-1,-1	
1,1	-1,1	-1,-1	1,-1	-1,-1	-1,1	1,1	-1,-1	1,-1	-1,-1	-1,1	

-1,-1	-1,-1	-1,1	-1,-1	-1,1	-1,1	-1,1	-1,-1	1,-1	1,-1	-1,-1	
1,1	1,-1	-1,-1	1,-1	1,-1	-1,-1	1,-1	-1,1	-1,1	-1,1	1,-1	
-1,1	1,1	1,-1	1,1	-1,-1	1,1	-1,-1	1,1	-1,-1	1,1	-1,1	
1,-1	-1,1	1,1	-1,1	1,1	1,-1	1,1	1,-1	1,1	-1,-1	1,1	

-1,1	1,-1	-1,-1	-1,-1	1,1	-1,1	1,-1	1,-1	1,1	-1,1	-1,-1	
-1,-1	-1,1	-1,1	1,-1	-1,-1	-1,-1	1,1	1,1	-1,1	1,-1	1,-1	
1,-1	-1,-1	1,-1	-1,1	-1,1	1,1	-1,-1	-1,-1	-1,-1	-1,-1	-1,1	
1,1	1,1	1,1	1,1	1,-1	1,-1	-1,1	-1,1	1,-1	1,1	1,1	

-1,1	1,1	1,1	1,-1	1,-1	-1,-1	1,-1	1,-1	-1,1	-1,1	-1,-1	
1,1	-1,1	-1,-1	-1,1	-1,1	1,-1	-1,-1	-1,1	-1,-1	1,-1	-1,1	
-1,-1	-1,-1	-1,1	-1,-1	-1,-1	-1,1	-1,1	-1,-1	1,-1	-1,-1	1,-1	
1,-1	1,-1	1,-1	1,1	1,1	1,1	1,1	1,1	1,1	1,1	1,1	

1,-1	-1,1	-1,1	-1,1	-1,1	-1,-1	-1,-1	1,-1	1,-1	-1,1	-1,1	
1,1	-1,-1	-1,-1	-1,-1	-1,-1	-1,1	-1,1	-1,1	1,1	-1,-1	1,-1	
-1,-1	1,1	1,1	1,1	1,1	1,1	1,1	1,1	-1,1	1,-1	-1,-1	
-1,1	1,-1	1,-1	1,-1	1,-1	1,-1	1,-1	-1,-1	-1,-1	1,1	1,1	

-1,1	-1,1	-1,1	1,-1	-1,1	-1,-1	1,-1	-1,-1	-1,-1	1,1	-1,-1	
-1,-1	1,1	-1,-1	-1,-1	-1,-1	1,1	-1,1	1,-1	1,-1	1,-1	1,1	
1,-1	1,-1	1,-1	-1,1	1,-1	1,-1	-1,-1	-1,1	-1,1	-1,1	-1,1	
1,1	-1,-1	1,1	1,1	1,1	-1,1	1,1	1,1	1,1	-1,-1	1,-1	

1,-1	-1,-1	-1,-1	1,1	1,-1	-1,-1	-1,1	1,-1	-1,-1	1,-1	-1,1	
-1,1	1,1	1,1	-1,-1	-1,-1	1,-1	1,-1	1,1	1,-1	-1,1	1,1	
1,1	-1,1	-1,1	-1,1	-1,1	-1,1	-1,-1	-1,-1	1,1	1,1	1,-1	
-1,-1	1,-1	1,-1	1,-1	1,1	1,1	1,1	-1,1	-1,1	-1,-1	-1,-1	

1,-1	-1,-1	-1,-1	1,1	-1,1	1,-1	1,1	1,1	1,1	-1,-1	1,1	
-1,-1	1,1	1,-1	-1,-1	-1,-1	-1,-1	-1,-1	-1,1	-1,1	1,-1	-1,1	
-1,1	-1,1	-1,1	-1,1	1,1	1,1	-1,1	1,-1	-1,-1	-1,1	-1,-1	
1,1	1,-1	1,1	1,-1	1,-1	-1,1	1,-1	-1,-1	1,-1	1,1	1,-1	

-1,-1	1,1	1,-1	1,1	1,1	1,-1	-1,-1	-1,1	-1,-1	-1,1	-1,1	
-1,1	-1,1	-1,1	1,-1	-1,-1	1,1	1,-1	1,-1	-1,1	1,-1	1,1	
1,1	1,-1	-1,-1	-1,1	1,-1	-1,1	1,1	-1,-1	1,1	-1,-1	1,-1	
1,-1	-1,-1	1,1	-1,-1	-1,1	-1,-1	-1,1	1,1	1,-1	1,1	-1,-1	

1,-1	-1,-1	1,-1	1,-1	1,1	1,-1	-1,-1	1,-1	1,-1	-1,-1	1,-1	
-1,-1	-1,1	-1,1	-1,-1	1,-1	1,1	1,1	1,1	-1,-1	1,1	-1,-1	
1,1	1,-1	1,1	-1,1	-1,-1	-1,1	1,-1	-1,1	1,1	-1,1	1,1	
-1,1	1,1	-1,-1	1,1	-1,1	-1,-1	-1,1	-1,-1	-1,1	1,-1	-1,1	

1,1	1,-1	1,-1	-1,-1	-1,1	-1,-1	1,-1	1,1	-1,-1	1,-1	-1,1	
-1,1	-1,1	1,1	1,-1	1,1	1,-1	-1,-1	-1,-1	1,1	-1,-1	1,1	
1,-1	-1,-1	-1,1	1,1	-1,-1	1,1	-1,1	1,-1	-1,1	1,1	1,-1	
-1,-1	1,1	-1,-1	-1,1	1,-1	-1,1	1,1	-1,1	1,-1	-1,1	-1,-1	

-1,1	-1,1	-1,-1	-1,1	-1,-1	-1,1	1,-1	1,-1	1,-1	1,1	1,-1	
-1,-1	1,-1	-1,1	1,-1	1,1	1,-1	-1,-1	-1,1	-1,-1	1,-1	1,1	
1,-1	1,1	1,-1	1,1	-1,1	1,1	-1,1	1,1	-1,1	-1,-1	-1,1	
1,1	-1,-1	1,1	-1,-1	1,-1	-1,-1	1,1	-1,-1	1,1	-1,1	-1,-1	

-1,1	1,1	1,1	1,-1	1,1	-1,1	1,1	-1,1	-1,1	1,-1	-1,-1	
-1,-1	-1,-1	-1,-1	-1,-1	-1,1	1,-1	-1,-1	1,-1	-1,-1	-1,-1	-1,1	
1,-1	-1,1	1,-1	-1,1	1,-1	-1,-1	-1,1	-1,-1	1,1	-1,1	1,1	
1,1	1,-1	-1,1	1,1	-1,-1	1,1	1,-1	1,1	1,-1	1,1	1,-1	

1,-1	-1,1	-1,1	-1,1	-1,1	1,-1	-1,-1	1,1	-1,1	1,-1	1,-1	
-1,1	1,-1	1,1	1,-1	1,-1	-1,-1	1,1	-1,-1	-1,-1	-1,1	-1,1	
1,1	1,1	1,-1	1,1	1,1	1,1	1,-1	1,-1	1,-1	-1,-1	-1,-1	
-1,-1	-1,-1	-1,-1	-1,-1	-1,-1	-1,1	-1,1	-1,1	1,1	1,1	1,1	

1,1	-1,-1	1,-1	-1,1	-1,-1	1,-1	-1,1	-1,-1	-1,1	-1,1	-1,-1	
-1,1	1,-1	1,1	-1,-1	-1,1	-1,-1	-1,-1	1,1	1,-1	-1,-1	-1,1	
-1,-1	1,1	-1,-1	1,1	1,1	1,1	1,1	-1,1	-1,-1	1,-1	1,-1	
1,-1	-1,1	-1,1	1,-1	1,-1	-1,1	1,-1	1,-1	1,1	1,1	1,1	

1,1	-1,-1	-1,-1	1,1	-1,-1	-1,-1	1,-1	1,1	1,1	-1,-1	-1,-1	
-1,1	1,1	-1,1	1,-1	1,-1	1,-1	-1,-1	-1,1	-1,1	1,1	1,-1	
1,-1	1,-1	1,-1	-1,1	-1,1	-1,1	-1,1	-1,-1	-1,-1	-1,1	-1,1	
-1,-1	-1,1	1,1	-1,-1	1,1	1,1	1,1	1,-1	1,-1	1,-1	1,1	

1,-1	-1,-1	1,1	-1,-1	-1,-1	1,1	1,-1	1,1	-1,1	1,-1	-1,-1	
-1,1	1,-1	1,-1	-1,1	1,1	-1,1	-1,-1	-1,-1	-1,-1	1,1	1,1	
-1,-1	-1,1	-1,1	1,-1	1,-1	1,-1	1,1	1,-1	1,-1	-1,1	-1,1	
1,1	1,1	-1,-1	1,1	-1,1	-1,-1	-1,1	-1,1	1,1	-1,-1	1,-1	

1,-1	1,1	1,1	-1,1	-1,-1	-1,-1	1,1	-1,1	-1,1	-1,-1	1,-1	
-1,-1	1,-1	-1,-1	1,-1	1,-1	1,1	1,-1	-1,-1	1,-1	1,1	-1,1	
1,1	-1,-1	1,-1	-1,-1	-1,1	-1,1	-1,1	1,1	1,1	1,-1	-1,-1	
-1,1	-1,1	-1,1	1,1	1,1	1,-1	-1,-1	1,-1	-1,-1	-1,1	1,1	

9 10 6 5 
6 10 4 0 
3 7 4 0 
0 4 8 1 
10 8 3 7 
10 9 5 6 
6 7 3 10 
5 1 6 9 
1 10 5 8 
2 3 8 4 
3 10 0 6 
8 1 2 10 
6 1 4 10 
4 6 3 9 
5 0 3 8 
3 5 1 7 
9 8 2 3 
6 3 4 10 
3 1 7 8 
0 4 8 2 
9 1 10 3 
4 5 9 8 
10 2 0 1 
8 6 7 2 
9 1 4 0 


-1,1	1,-1	-1,-1	1,1	
-1,-1	1,-1	1,1	-1,1	
1,1	-1,-1	-1,1	1,-1	
-1,1	1,1	1,-1	-1,-1	
-1,1	-1,-1	1,1	1,-1	
-1,-1	1,1	1,-1	-1,1	
1,1	-1,1	-1,-1	1,-1	
-1,-1	1,1	1,-1	-1,1	
-1,-1	1,1	1,-1	-1,1	
1,-1	-1,1	-1,-1	1,1	
-1,1	-1,-1	1,1	1,-1	
1,1	-1,1	1,-1	-1,-1	
1,-1	1,1	1,1	-1,1	
-1,-1	-1,1	1,-1	1,1	
-1,1	1,1	-1,-1	1,-1	
1,1	-1,-1	1,-1	-1,1	
1,-1	-1,1	1,1	-1,-1	
1,-1	-1,1	1,1	-1,-1	
-1,1	-1,-1	1,-1	1,1	
1,-1	-1,1	1,1	-1,-1	
-1,1	1,1	-1,-1	1,-1	
-1,-1	-1,1	1,1	1,-1	
-1,1	1,-1	-1,-1	1,1	
1,-1	1,1	-1,1	-1,-1	
1,1	-1,-1	-1,1	1,-1	


134 954 952 420 
867 925 503 164 
155 343 290 981 
545 817 621 755 
277 625 850 441 
363 506 516 366 
203 276 363 505 
786 50 500 40 
938 511 607 1004 
995 75 745 927 
631 914 897 195 
607 568 1008 53 
365 760 760 365 
53 1008 568 607 
195 897 914 631 
927 745 75 995 
1004 607 511 938 
40 500 50 786 
505 363 276 203 
366 516 506 363 
441 850 625 277 
755 621 817 545 
981 290 343 155 
164 503 925 867 
420 952 954 134 

-1	1	1	-1	
-1	1	1	-1	
-1	-1	1	1	
1	-1	-1	1	
-1	-1	1	1	
-1	-1	1	1	
-1	1	1	-1	
1	1	-1	-1	
1	1	-1	-1	
1	-1	-1	1	
-1	1	1	-1	
1	1	-1	-1	
-1	-1	-1	-1	
-1	-1	1	1	
-1	1	1	-1	
1	-1	-1	1	
-1	-1	1	1	
-1	-1	1	1	
-1	1	1	-1	
1	1	-1	-1	
1	1	-1	-1	
1	-1	-1	1	
1	1	-1	-1	
-1	1	1	-1	
-1	1	1	-1	

1 10 3 5 
9 1 5 7 
0 9 7 10 
3 1 7 0 
0 2 3 7 
1 10 6 9 
3 0 2 7 
7 1 2 6 
9 0 10 5 
10 7 4 2 
10 8 3 5 
10 7 8 2 
9 1 1 9 
2 8 7 10 
5 3 8 10 
2 4 7 10 
5 10 0 9 
6 2 1 7 
7 2 0 3 
9 6 10 1 
7 3 2 0 
0 7 1 3 
10 7 9 0 
7 5 1 9 
5 3 10 1 

0	24	11	13	6	18	5	19	3	21	2	22	4	20	9	15	1	23	8	16	7	17	10	14	12	
