19624102163316917 16568594753662451 7555228386285885 30175670389689379 3103871675790252 28669340533901107 95078303656182 17274777956940247 26985198430037928 15906631841481848 17332654744269744 
25537459701248719 21686041348022514 8505045284563095 7158721967879738 1264319688816636 25346498176545854 10796674931762907 16591048754412993 3689567190604808 9097221144016884 25916261409997887 
28692549335602838 811091773458620 760217026119618 33356182263592357 1328827588186089 4530399446772303 8034960770358441 12660990057055116 26032684811456933 25151773694949373 4059985710376386 
17454540365412581 24235190512801919 18962016808101421 2381154706769249 32001161492798840 15969587656382784 8130339599427801 30265417837618202 28787059090090805 21623713274500955 18081506398903198 

27521034363079085 25913000633244499 19549028710301966 12116174688485907 28005127802519004 13747827502676664 33256951039822767 29222000621785819 16998815864486957 22143521521771299 7064330995934519 
14261966127096394 29842059368909613 28006744682804092 16774752762973926 28200101801125646 30139167317014576 10684554898604548 7191730989945803 19809542713984244 3496085735602797 27383603691251002 
34003605282603503 8599017281766636 16358808714540866 6952767299091252 6337282507452240 21242921928275327 31678620554834263 13249574651033254 7668911621711765 33691245384479728 5765752469156342 
13560628077564100 6925750928073073 18520668045060537 14657705868230674 19253353362215215 3959486604324770 7210243807842902 12493689650325401 35986325719705706 550943339666152 25728919030005740 

8608748571849138 8453016086608466 2528780138729894 22477790300692502 14068997863531657 2588021555289163 27173315739178039 32576656682531764 7023528916316463 23911518614149954 31832498023488629 
34653620516806268 95272344403416 28821410940881200 30712579319547502 22232297179750853 27387341550249925 35320860534869143 27995178592853649 35710315083267512 6531865869920110 31458320437805480 
35586982609162127 3060280867508968 19372143794989856 17352255865579787 14276154478839682 3482790433065762 7560225513301123 1252864228716626 3452404566553054 15830404008016468 11327998931302913 
32871234096732158 3814619441501515 9736459378510510 31335444003719752 8956764069637103 12362865336997096 22322855901179639 3459472876189180 14948178345999133 34857054848569541 11054779117251876 

11678766323889255 3211927271577426 13580532053943317 4542779863893829 19942450188320967 27601551144692222 25311290476445744 1307866969276516 26020146201470726 34650665857299162 31270454467313194 
3380044969038569 23643550300938568 2237132162141387 654630644645472 719055353165354 23331288025092462 9084658224706911 28309463693084880 35417708245853583 13690470878673316 27980504018082758 
10777129197582894 18829492860337674 17222969985038638 16231068230813554 14884493097430117 31691074370875686 12401707821376573 19242857107581080 4100418617066110 23542893888146532 19010181791634717 
22511665199745812 23590463548817027 12607957606986040 32422512539330112 13951401357473307 22258290451844749 29989227207574927 25262999435960811 27954434867698249 23368346344521392 9648954999097611 

16791287731763546 21214562661578358 13895104747928430 12944005882189609 2319887489998721 35705061502960915 34846519581647940 465303137070593 22940803760522047 15388595916063838 3852222043785718 
29631398532792002 5511175819733274 10254200564778433 19517660011011225 4374338169686975 28268717041890355 16422234495590560 35662283670361430 4729748450498457 12503982650554132 3052426285727539 
3716725351947734 26337541400023779 14087760938508644 14405468480279496 26645020166845076 31975819518392257 21063721950409882 3100901980909483 10052622446031686 25788441649070682 30189655078975378 
6370348173575895 34010227221437253 12928715067379714 31199257362134894 28512576601538217 33274659175148659 21134259806154536 101736086713425 18819786048886654 2753012398895288 5462807485720232 

4901857140527520 1744469775542262 5817188541462299 21329187072963901 16471384549070080 5717784546010696 23207479985477191 33511542569235191 17531809895456068 952053216119601 22312777478308166 
12889017398283512 22470576910785746 6131375492874333 29118628606781227 2871505649819305 15667511351589348 11743020719266450 5901172845367612 10618614928131228 1395449041173697 13802814885634104 
16129788301080175 3659316447730157 8515203115883771 3114079320512553 28831131130896714 6380910426651899 29501114117150447 32604977074120672 27134188385528945 1302078339928407 10172226157994845 
33305868422330090 18930931941225898 10492227941822490 4690075793473466 13358864360459678 33014452711092346 7391431696433355 18999903219467594 14577409143199859 7671726385538966 12478041404470725 

28628837673960665 29427995810895537 16109824128801228 26666572777571582 26737188727083226 22187594685240039 23331670756529243 19117773261170036 6064378781484627 19483980771131424 21128250269943253 
30057915151539607 772903129896529 17954331436326397 11513756397480556 26198948078989974 32841079401202482 4771640201601074 25742770877206996 14563057835043275 25411447080369446 32383346923757628 
1965586810701380 26053169389849321 27309788305984896 25797433462542578 9831615326477205 3200017455838322 12652005937071136 9260669504057395 23361632145042015 27995096524058477 2001643445534258 
35432864477586287 2536357614213411 12370107003635387 541480473093717 27052275122745097 32049035711170220 26299346795687358 14365354249636871 9473742933811388 15111076888466807 22636623183234741 

14530535890464000 26756462972307434 3657533197683943 30247800584267469 6399982261372583 13788998533966221 26872725619979181 34357613795848303 28152140693601159 21407084037424644 5936955432624175 
20581278228631967 24284333899854464 32290342488801111 5320311768299669 3258152349480714 21808702311751255 13549284535731389 14323232296217954 35530923089315165 1458004377445847 1769069669272659 
28887804827417989 2684664041435258 1985130473224439 29583487436301944 27717415340428009 26778864050524834 13417658844308045 12229324691773025 7036140722836220 29958983278814229 23278531020290785 
17313504500285229 7254360787444869 17454597910566858 5497176117766468 4924165013452742 27220300771572329 12460050159102732 19130073052164195 6093236248435714 16074809786287901 24987530982152805 

15210878979196335 14821319705027093 29887746835597943 2838266732440096 6342585313962083 17415439233674507 18454294442281686 34877505615507611 27802234250440372 11290141334563701 28414111397069325 
25635479002769933 10172636540941651 30905505658435334 5334465499804609 24700075903662721 10121064470143137 21931016839769491 11261128948393017 35391716779002965 34384967811680719 24190635920107938 
593618998115480 32645482049908819 889246487345530 20072676759342734 12015873281034196 7071303081272701 29832649958056007 16733627367125636 28196093498460126 30867399735214041 32420174655673933 
20949468809859767 5138850133864652 5803812908544630 18934964950801876 3520214839061039 31881670125493123 2121679558215066 18468477657025983 3933497588159969 16172424637180627 19266198575415390 

3438235400567994 6251425139102660 4579533467434019 20100536188312243 31281875732785343 12782869336281179 12978519370719138 14831755310150916 30249658471469784 9321135844177765 34457728071354854 
11683858059243284 21222078763576615 28868525194155810 16037964737674463 16148005035981007 12403173636658049 26082581119401622 22836176436094814 31981299824980882 28030691422662018 14270847815141217 
17804382128395085 25075646619325046 1963842734684229 9970387179161322 27725064787500912 31019580047228061 1054983806254583 502610883275679 24359581150706727 18346829205275293 7979997521254747 
25577751998742601 15382150245205322 13686004066486703 30729976044750886 8084098843402745 10016546441619609 2068985770984607 21642696278177199 27710516868404818 8269073560183634 29084783749297240 

9208341104770569 18494167121167961 2644677787336853 35388642264810381 32375920300334976 21901550147824674 15511052688606653 27789236595604493 33842489439829713 34086873549875269 13313394801991613 
4905675054967433 19668244254985280 19360461602293243 29936620618992722 33997618418498188 765880730508182 11935447819248768 25703363979959176 33697794610122062 21833651595986801 17003513064888063 
11985537102816229 34299630932355723 28628779371240652 31337976423314443 2368852707659443 12752874746228723 2991623184708603 29283040986781166 34122049322144419 25189796548898927 15971902387224687 
5682386499064611 32093006741299453 34720885440359210 22911589207938886 880303014496225 7361721058713916 29232569361544872 693421171002658 33148707400680022 19812835376560926 25201230012030413 

35599372275569518 28640620957623387 8824046359464264 34377224900560877 3940906093287887 17517904759823255 7144086068285115 35217946191194821 17820866956302046 12881140772060635 18030556742099747 
23406778617306962 27238993230989742 23194077983623851 12605000768792949 2457557990536924 13749462730723305 13915356112234402 21791397823369079 28736103564412913 2085078499950539 10852667083725844 
17609426859050969 26566555704085809 13362921918728009 22491067933297375 14085451214888735 2696457252573250 1764491375247561 16043003892710188 19924444638627911 28734136407582540 20432784970695733 
25602290865926445 2045850169508401 13722073595619400 779093710937174 24873340334463699 23006709984288656 3674926862613667 31532049714776638 1743025152508633 11459415977427679 29286262869415484 

30119905713141414 34308936500643128 3935313522823015 28083989559529730 10056275245632183 19391773688397090 9206157394788955 3746878457469552 2131716183730175 7966828478061141 14033284069989856 
34442306414010525 30985859604593509 31041040248557970 9206752817947190 7612690255025035 19827502809703829 9746220525222355 6747835882612878 33946818051590840 31645602660893677 14867778404607493 
30613023224645268 15551007415913295 31782350523860256 23483729834573742 5355000639140530 4388662222562116 7986219940746616 24609367805211533 1160349883659940 16851574212275003 5255320827627902 
394077774870359 33172959468098789 34840428404075423 34915886438563254 35697359435420909 12540516912878352 25664229292441955 15752018257086593 31469712531948111 31456598707501981 257704190553833 

4740677399539813 11519183898744393 30974009596127174 1626034566962067 18106155870470950 18163652742971765 27427337056121355 19200412064970070 29269561626375785 28116801404894489 17164499685139588 
3391751482898021 12908206375761295 21659864324500849 11865703374288501 22642246456011704 28940280802800821 7363548249016033 2746885091437058 25230666793304634 21736456647730156 7095001553596704 
28864079053533304 24806828284641744 14459684829536389 26670748019616347 8053588736994808 28399861828993111 6336812064090534 24759252177027021 8850807586853441 28464624917098853 9712065766431868 
29302999579564452 8936823280080961 23450489832352199 14203702129590545 34845251966898373 17401330562019561 12602214121993692 9137307365382618 27505483641474329 17231016322427758 3859803015142865 

17000666565193476 20257435516744224 35806713518785798 35237931803844454 26179020933038999 18700080365167854 7883702799186941 2266859453762557 21397713544198296 1814571633565982 1562144111359295 
16104904940019297 31418515662755142 24487851844837252 9443607943575852 23931103864271080 12463011349665887 15959298068785521 1560614062957596 18832681026201450 10394162514754912 7257656659556839 
12925339268656633 2163812294646151 29764335965026651 26498404133666394 7483555519508303 15133701810206148 1800967877378212 13769263073037642 12565433662268365 15580241012621078 26919850228742622 
4536775568412921 11241987627576048 26765687701028439 24608055438150553 18958395610069694 32183898243181503 14866337097388364 25885606405163131 22497334591453983 60053845674504 20949902537858840 

30871996260828333 31241115854893853 10379605564600017 28846797298173311 17383791293697106 5830410925124717 21351327359510887 474036289036801 10957736286528676 29469898903497142 34925392748598019 
7640520054324156 14959402432526414 36027735293942314 14724176852869450 14717967221117149 19395280988907998 29524433169976348 34031196358184691 24617271412154633 25271276881181651 15459820168003677 
13644776184114257 12635388840919488 19011640061154376 16889538680599237 15075522279277298 14544220527622267 30627944642230547 1319236294039163 14752506641770696 28309537677758428 10386667849301863 
7081447163433463 14837548140669364 22982830360870854 26442079473326301 15231443470591063 4591234555289259 24631286754806532 28150401403259323 28624455176380086 18410901583762904 34099207819789030 

16959865817684100 26187628483107315 15610521186807330 12604026055856573 14505833868585888 30459203968421734 31665085013382947 25959913245719293 28101815967408964 12352243207653649 32307620324545066 
14605569531003933 28190706869361425 23190960516313883 7580019829433963 9919456986711839 27948460773700233 25899368193705101 17411798407676513 26053708140335306 3204550309678624 20666881245717128 
28992868027027210 8409462577813189 7376026746900503 22613492139673494 11642455253991578 23720813494188038 10007780730959859 20805037405245476 33965927403578497 5305571914562594 7997169463717006 
15120356132731148 11526075681601111 8007998564669785 27812457053121073 19607800863427047 24092320411947795 8221081677302011 16776567037481253 170818045069643 2876636812836733 29578847884563719 

26488980652079814 27679666168000373 14401364365361113 21033224909241954 33757961234657651 32068242746744287 11207946590994504 35337745842606694 26961796828655781 11303514882622670 19364902016160585 
3532035776265790 6510729056736165 14071136527346209 24976013277394491 12605510632940351 28246239784766053 13212743564006448 22542035581108955 31656063365965418 28781447748333750 10747331990582465 
761431814081030 8572102327964040 13187122714796151 16166885430785183 24762309281623546 21604792753768106 25372497124029120 32174232549728291 12230072335565234 4342263003800031 22662508075829072 
29879386462922629 35456595699958812 16171971983686881 31357862240406715 32137369847833554 601311804260506 33411730330923262 19990072352580330 16753033441182961 17673633846696554 18667583591802899 

29366345061840377 121660721544017 17296432669531266 16457022691790567 21860654982898188 1855891999307702 7405127632705620 15549419948801873 2758493311165316 34434738749283903 11873148345519894 
9400121725761164 267677494232350 28024558402508917 10140366888894227 23562629994530532 34838004743204825 19833447842271502 22728632405649044 18593493505816621 23366523560008183 31023441826213091 
35710921844797551 25541805682143253 32399592194346964 29994554126513542 21796481378515795 29215217093614549 8974860554770988 33603597281466119 35708614846088230 932377337913891 12706610517723154 
656947364243546 24047336348415655 32947057254428872 30013100981001814 771644224924525 2574368231340511 945550050005015 23256671172279730 3860993434711018 26912043891342088 23290002093196504 

35878626538100511 2068497970901872 23928481185601433 27707811768650103 13013908438658563 33391228639569807 20494901849343094 4672799442991651 8924820034060286 9472528503301819 25824133125631118 
5936962655808430 17636758663922586 29117830714556031 13670561314940575 28320536217737630 29082114992924925 27960797475149377 23256988099286185 4684345231979509 24335040851353885 23311216352659230 
616747211904150 2669254676279337 26451460999333137 858131063348057 4232399864183320 28825223308191027 22827239553768378 1579976010091041 15723473991404035 23870132812511205 7831906148726564 
24329341543720679 32017781156225595 24456476439689489 20850153083736279 3196516591022919 3911558847077326 9676857588490486 30039554908064537 5371128315442728 16897171592462982 33263349238412456 

23763494637115913 5682024718121646 1815538229918624 18925149328574667 34146640094480525 19699184597762501 21045360278036662 3525120432549968 29350855789160042 31817482128549802 35282263098905017 
18875913642413215 34428298656121866 5729103455679885 7403117410631003 9799882226438323 20738318663109807 19602400091072479 29711222480735034 9973602376602047 17693695871443850 21148841322534284 
16267236120505268 4761280665220928 22840391870999729 18340116172918573 17853018570802197 35126214423807322 18267496266391265 18456646720105747 9302714250178570 28265615315699087 18565752388698970 
21214339691196954 1836892652136850 25938838100184205 22016256568693723 28461101493423013 21128261363655674 6106083962213596 30107159548428209 3546421623577823 29514130226521507 7893558172513019 

13291066748253185 26714242771715502 21775605620248682 6187112090891963 23434834584978674 24043918660075925 13069561361284288 20714726422170511 11127284246278138 7769111889507558 32737632119212261 
26511510129605892 24482380418517856 6677693964029333 32449636788746984 24522449790979740 29618481416279758 27258380021760949 6295203282170144 2086090107112801 11751985473711746 30170623689280760 
25526352695933783 14458321521456165 6380528906599047 15422183672676072 27041091596662156 23734300641206349 19004549687822340 1603428736722891 7573736762251868 12935972685642478 19614938159271968 
35092728569942081 15246856576087792 2827962921253024 25016039577755990 12685412112863630 24759766591092018 12922870977833311 11369333392383016 5254999137732536 26517420832669540 12487858634793594 

10961183489956795 8262948600684229 28294519485870374 26122662955241012 7458143017690516 5902106154913770 5263663472369463 10683466798077828 31282028181556932 16545388268712211 11391647337566491 
7892448349176707 31097799637822836 14094007964473196 27615415659292449 16114721712115496 32490633451564286 20428972907951727 1597281211008337 30305126904456792 14781959897420257 30153757340343508 
10729063132942470 18842079526829734 3202310149342939 7273287779208401 10215811579135306 32316414213814689 26809055024785000 11284574222984740 16351744989218830 24685394230201085 1546848773057958 
24077916175246700 35850538016795415 20708838603220502 34937908458954822 32605732077432716 21551294672529815 8042210825270309 4543101932707585 34020523059831659 598476037716571 18002727804786617 

8400445674446013 10202756341454569 20849636034437666 792073001914520 2142962052884734 2294976960050841 15237222737687412 8976764416140729 8129731401102779 16042815523455617 18846178547843599 
18155360629373097 10320686909141980 7582591826495826 6161353857887074 35270826296928231 35391092910360891 18224755230158143 26870311072060523 23728877142842716 21045967439531668 9887554063725186 
11427467862767672 4765056435527613 22190443033124762 5809176463206526 19606529217355541 8234953033449124 35244171488509791 18012154905612490 28796227941560221 18805999296308536 6966652538327165 
23737926516252508 31941242778964999 22281779857292251 828850728421891 21250121478358500 186791888037624 29821151826698647 4482024274475168 35451503670011792 21465811537604182 12171742245716452 

9896168694304407 11113103064788111 3413109976872732 35768836840211548 6652317212737550 24137691830420435 17078674605060523 1794977329851985 19246940717600299 2060554347152592 27926598855743377 
10696959248677595 18795679591033384 32234340034858650 22513467946251646 19964458567444023 11839080917029729 25402810941518850 25279325570117730 10002234596272403 3963445046598084 8635585205969482 
29398012925872583 10081997649738460 1505863976743535 17152179435283204 29402160645255465 35737055570869529 35492819754614493 32237614178282272 34684900353915080 29869042486433005 31045222174019928 
7145218706869019 18965988862402439 6918308859592518 7197287116898695 7178370978884131 32787653510137576 5867383191518160 28588542728592364 31048504757273686 26060386747258668 9173535333347112 


1,1	-1,1	1,-1	1,1	1,-1	1,1	1,-1	1,1	1,-1	1,1	-1,1	
1,-1	1,1	-1,1	-1,-1	1,1	-1,1	-1,-1	1,-1	-1,1	1,-1	1,1	
-1,-1	1,-1	-1,-1	1,-1	-1,-1	-1,-1	1,1	-1,-1	-1,-1	-1,1	1,-1	
-1,1	-1,-1	1,1	-1,1	-1,1	1,-1	-1,1	-1,1	1,1	-1,-1	-1,-1	

1,1	-1,-1	-1,1	1,1	1,-1	-1,1	1,1	-1,-1	1,1	1,-1	1,1	
-1,-1	1,1	-1,-1	1,-1	-1,1	-1,-1	-1,1	1,1	-1,-1	-1,1	1,-1	
-1,1	1,-1	1,1	-1,-1	1,1	1,-1	-1,-1	-1,1	-1,1	1,1	-1,1	
1,-1	-1,1	1,-1	-1,1	-1,-1	1,1	1,-1	1,-1	1,-1	-1,-1	-1,-1	

-1,-1	-1,1	1,-1	1,1	-1,-1	1,1	-1,1	1,1	-1,-1	1,-1	-1,1	
1,1	1,-1	-1,-1	-1,1	1,-1	-1,-1	1,1	-1,-1	1,-1	-1,1	-1,-1	
1,-1	-1,-1	-1,1	1,-1	1,1	1,-1	-1,-1	1,-1	-1,1	-1,-1	1,1	
-1,1	1,1	1,1	-1,-1	-1,1	-1,1	1,-1	-1,1	1,1	1,1	1,-1	

1,-1	-1,-1	1,-1	-1,1	-1,-1	1,1	-1,-1	1,-1	-1,1	1,-1	-1,-1	
-1,-1	1,1	-1,1	1,1	1,-1	-1,-1	1,-1	1,1	-1,-1	-1,1	1,-1	
-1,1	-1,1	-1,-1	1,-1	-1,1	-1,1	1,1	-1,-1	1,-1	-1,-1	1,1	
1,1	1,-1	1,1	-1,-1	1,1	1,-1	-1,1	-1,1	1,1	1,1	-1,1	

-1,1	1,-1	-1,1	-1,1	-1,1	-1,1	-1,-1	-1,-1	-1,-1	-1,1	-1,1	
-1,-1	1,1	-1,-1	1,-1	-1,-1	1,1	1,1	-1,1	1,1	1,1	1,1	
1,-1	-1,1	1,-1	1,1	1,1	1,-1	1,-1	1,-1	1,-1	1,-1	1,-1	
1,1	-1,-1	1,1	-1,-1	1,-1	-1,-1	-1,1	1,1	-1,1	-1,-1	-1,-1	

-1,-1	-1,-1	1,1	1,1	1,-1	-1,-1	-1,-1	-1,1	-1,1	1,1	1,1	
-1,1	1,-1	1,-1	-1,1	-1,1	-1,1	1,-1	1,1	-1,-1	-1,-1	-1,-1	
1,1	-1,1	-1,1	1,-1	1,1	1,1	-1,1	-1,-1	1,-1	-1,1	-1,1	
1,-1	1,1	-1,-1	-1,-1	-1,-1	1,-1	1,1	1,-1	1,1	1,-1	1,-1	

-1,1	1,-1	-1,1	1,-1	1,-1	-1,1	1,-1	-1,1	-1,1	1,-1	1,1	
-1,-1	-1,-1	-1,-1	-1,-1	-1,-1	-1,-1	-1,-1	-1,-1	-1,-1	-1,-1	-1,-1	
1,1	1,1	1,1	1,1	-1,1	1,-1	-1,1	1,1	1,1	1,1	-1,1	
1,-1	-1,1	1,-1	-1,1	1,1	1,1	1,1	1,-1	1,-1	-1,1	1,-1	

1,1	-1,-1	-1,-1	1,-1	-1,-1	1,1	1,1	1,1	1,1	-1,-1	1,-1	
-1,1	1,-1	1,1	-1,1	-1,1	1,-1	-1,-1	-1,-1	-1,1	-1,1	-1,1	
1,-1	-1,1	-1,1	1,1	1,1	-1,-1	1,-1	1,-1	-1,-1	1,-1	1,1	
-1,-1	1,1	1,-1	-1,-1	1,-1	-1,1	-1,1	-1,1	1,-1	1,1	-1,-1	

-1,1	1,1	-1,1	-1,-1	-1,1	-1,-1	-1,1	1,1	1,-1	-1,-1	1,1	
1,-1	-1,1	-1,-1	1,-1	-1,-1	-1,1	1,-1	-1,1	1,1	1,-1	-1,-1	
-1,-1	-1,-1	1,-1	-1,1	1,1	1,1	1,1	-1,-1	-1,-1	1,1	1,-1	
1,1	1,-1	1,1	1,1	1,-1	1,-1	-1,-1	1,-1	-1,1	-1,1	-1,1	

-1,-1	1,-1	-1,1	1,-1	-1,1	1,1	-1,1	1,-1	-1,1	1,-1	-1,-1	
1,-1	1,1	1,-1	1,1	1,-1	-1,1	1,-1	-1,1	1,-1	1,1	1,-1	
1,1	-1,-1	1,1	-1,1	-1,-1	1,-1	1,1	1,1	1,1	-1,1	1,1	
-1,1	-1,1	-1,-1	-1,-1	1,1	-1,-1	-1,-1	-1,-1	-1,-1	-1,-1	-1,1	

1,1	-1,-1	-1,1	-1,-1	-1,1	-1,-1	1,1	-1,-1	1,-1	1,1	1,-1	
-1,1	1,1	-1,-1	-1,1	-1,-1	1,1	-1,-1	-1,1	-1,-1	1,-1	1,1	
1,-1	1,-1	1,-1	1,-1	1,-1	1,-1	1,-1	1,1	-1,1	-1,-1	-1,1	
-1,-1	-1,1	1,1	1,1	1,1	-1,1	-1,1	1,-1	1,1	-1,1	-1,-1	

1,1	-1,-1	1,-1	-1,-1	1,1	-1,1	-1,-1	-1,1	-1,-1	-1,1	-1,-1	
-1,-1	1,-1	-1,-1	1,-1	-1,-1	1,1	-1,1	-1,-1	-1,1	-1,-1	-1,1	
1,-1	-1,1	-1,1	1,1	-1,1	1,-1	1,-1	1,1	1,-1	1,1	1,-1	
-1,1	1,1	1,1	-1,1	1,-1	-1,-1	1,1	1,-1	1,1	1,-1	1,1	

-1,-1	-1,1	1,-1	-1,1	1,1	-1,1	1,-1	1,1	-1,-1	1,1	-1,-1	
-1,1	1,1	-1,1	1,1	-1,-1	1,-1	-1,-1	1,-1	1,1	-1,-1	1,-1	
1,-1	-1,-1	-1,-1	-1,-1	1,-1	1,1	-1,1	-1,1	1,-1	-1,1	-1,1	
1,1	1,-1	1,1	1,-1	-1,1	-1,-1	1,1	-1,-1	-1,1	1,-1	1,1	

1,1	-1,-1	-1,-1	-1,-1	-1,-1	1,1	-1,-1	1,1	1,1	-1,-1	1,1	
1,-1	-1,1	-1,1	1,1	-1,1	-1,1	-1,1	-1,1	-1,1	-1,1	-1,1	
-1,1	1,-1	1,-1	-1,1	1,-1	-1,-1	1,-1	1,-1	1,-1	1,-1	-1,-1	
-1,-1	1,1	1,1	1,-1	1,1	1,-1	1,1	-1,-1	-1,-1	1,1	1,-1	

-1,1	-1,1	-1,1	-1,1	-1,-1	-1,-1	-1,-1	1,1	-1,-1	-1,-1	1,-1	
1,-1	1,1	1,1	1,1	1,1	-1,1	1,-1	1,-1	-1,1	-1,1	-1,1	
-1,-1	1,-1	-1,-1	1,-1	1,-1	1,-1	1,1	-1,1	1,-1	1,1	-1,-1	
1,1	-1,-1	1,-1	-1,-1	-1,1	1,1	-1,1	-1,-1	1,1	1,-1	1,1	

1,-1	-1,1	-1,1	-1,1	1,1	1,1	1,1	1,1	1,1	-1,-1	-1,-1	
-1,-1	-1,-1	1,-1	-1,-1	1,-1	1,-1	1,-1	-1,1	1,-1	-1,1	-1,1	
1,1	1,1	1,1	1,1	-1,1	-1,1	-1,1	-1,-1	-1,1	1,-1	1,1	
-1,1	1,-1	-1,-1	1,-1	-1,-1	-1,-1	-1,-1	1,-1	-1,-1	1,1	1,-1	

-1,-1	1,1	1,1	-1,1	-1,1	-1,1	1,-1	-1,-1	-1,-1	-1,-1	-1,-1	
-1,1	-1,1	-1,-1	1,-1	1,1	1,1	1,1	1,1	1,-1	1,-1	1,1	
1,-1	-1,-1	-1,1	1,1	-1,-1	-1,-1	-1,1	-1,1	1,1	1,1	1,-1	
1,1	1,-1	1,-1	-1,-1	1,-1	1,-1	-1,-1	1,-1	-1,1	-1,1	-1,1	

-1,1	-1,-1	1,1	1,-1	1,1	-1,-1	-1,1	1,1	1,-1	1,1	1,-1	
-1,-1	1,1	-1,1	-1,-1	1,-1	-1,1	-1,-1	1,-1	1,1	1,-1	-1,1	
1,1	1,-1	-1,-1	1,1	-1,-1	1,-1	1,-1	-1,1	-1,1	-1,-1	1,1	
1,-1	-1,1	1,-1	-1,1	-1,1	1,1	1,1	-1,-1	-1,-1	-1,1	-1,-1	

1,-1	-1,1	1,-1	1,1	-1,1	1,-1	1,1	-1,1	1,1	-1,1	1,1	
-1,-1	1,-1	1,1	-1,1	1,-1	-1,-1	-1,1	-1,-1	1,-1	1,1	1,-1	
-1,1	-1,-1	-1,-1	1,-1	-1,-1	-1,1	1,-1	1,1	-1,-1	1,-1	-1,-1	
1,1	1,1	-1,1	-1,-1	1,1	1,1	-1,-1	1,-1	-1,1	-1,-1	-1,1	

1,-1	1,1	1,-1	-1,-1	1,-1	-1,-1	1,1	1,-1	1,1	-1,1	1,1	
-1,-1	1,-1	-1,-1	1,-1	-1,-1	-1,1	1,-1	1,1	-1,1	1,1	-1,-1	
-1,1	-1,-1	-1,1	-1,1	1,1	1,-1	-1,-1	-1,-1	1,-1	-1,-1	-1,1	
1,1	-1,1	1,1	1,1	-1,1	1,1	-1,1	-1,1	-1,-1	1,-1	1,-1	

-1,-1	-1,1	1,-1	-1,1	-1,-1	1,-1	1,1	1,-1	1,1	-1,-1	1,1	
-1,1	-1,-1	1,1	-1,-1	-1,1	-1,-1	1,-1	-1,-1	1,-1	1,1	-1,-1	
1,-1	1,-1	-1,-1	1,-1	1,-1	1,1	-1,1	-1,1	-1,1	1,-1	1,-1	
1,1	1,1	-1,1	1,1	1,1	-1,1	-1,-1	1,1	-1,-1	-1,1	-1,1	

-1,-1	-1,-1	-1,1	-1,-1	1,1	-1,-1	1,-1	1,-1	1,-1	1,1	1,-1	
1,-1	1,-1	1,-1	1,-1	-1,1	-1,1	1,1	-1,1	-1,1	-1,1	-1,1	
-1,1	1,1	1,1	1,1	-1,-1	1,-1	-1,-1	-1,-1	-1,-1	-1,-1	1,1	
1,1	-1,1	-1,-1	-1,1	1,-1	1,1	-1,1	1,1	1,1	1,-1	-1,-1	

1,1	1,-1	1,1	1,1	1,1	1,1	1,1	1,1	1,1	1,1	1,1	
-1,1	-1,1	-1,1	1,-1	1,-1	-1,1	-1,-1	-1,-1	1,-1	-1,-1	1,-1	
-1,-1	-1,-1	1,-1	-1,-1	-1,-1	1,-1	-1,1	-1,1	-1,-1	1,-1	-1,1	
1,-1	1,1	-1,-1	-1,1	-1,1	-1,-1	1,-1	1,-1	-1,1	-1,1	-1,-1	

-1,-1	-1,-1	1,1	-1,-1	-1,-1	-1,-1	1,-1	1,-1	1,-1	1,-1	1,1	
1,1	-1,1	1,-1	1,-1	1,-1	-1,1	1,1	-1,-1	-1,1	-1,1	-1,1	
1,-1	1,-1	-1,1	-1,1	-1,1	1,1	-1,1	-1,1	1,1	-1,-1	1,-1	
-1,1	1,1	-1,-1	1,1	1,1	1,-1	-1,-1	1,1	-1,-1	1,1	-1,-1	

1,1	1,-1	1,-1	1,-1	1,-1	1,-1	1,-1	1,1	1,-1	1,1	1,1	
-1,1	-1,1	-1,1	1,1	-1,-1	1,1	-1,-1	-1,-1	-1,-1	-1,1	1,-1	
1,-1	1,1	-1,-1	-1,1	-1,1	-1,1	-1,1	1,-1	-1,1	-1,-1	-1,-1	
-1,-1	-1,-1	1,1	-1,-1	1,1	-1,-1	1,1	-1,1	1,1	1,-1	-1,1	

2 9 1 3 
0 8 3 9 
3 7 2 9 
0 3 9 4 
2 4 5 7 
8 10 4 0 
6 9 4 1 
3 7 0 2 
7 6 4 9 
8 7 0 10 
9 1 7 2 
1 9 3 6 
1 4 3 6 
2 0 9 5 
1 5 10 8 
0 4 3 9 
6 4 1 9 
3 7 5 1 
1 4 6 5 
6 3 10 1 
6 5 10 0 
7 5 3 8 
1 8 10 7 
3 5 8 9 
3 9 5 7 


17454540365412581 24235190512801919 18962016808101421 2381154706769249 32001161492798840 15969587656382784 8130339599427801 30265417837618202 28787059090090805 21623713274500955 18081506398903198 
28692549335602838 811091773458620 760217026119618 33356182263592357 1328827588186089 4530399446772303 8034960770358441 12660990057055116 26032684811456933 25151773694949373 4059985710376386 
25537459701248719 21686041348022514 8505045284563095 7158721967879738 1264319688816636 25346498176545854 10796674931762907 16591048754412993 3689567190604808 9097221144016884 25916261409997887 
19624102163316917 16568594753662451 7555228386285885 30175670389689379 3103871675790252 28669340533901107 95078303656182 17274777956940247 26985198430037928 15906631841481848 17332654744269744 

13560628077564100 6925750928073073 18520668045060537 14657705868230674 19253353362215215 3959486604324770 7210243807842902 12493689650325401 35986325719705706 550943339666152 25728919030005740 
34003605282603503 8599017281766636 16358808714540866 6952767299091252 6337282507452240 21242921928275327 31678620554834263 13249574651033254 7668911621711765 33691245384479728 5765752469156342 
14261966127096394 29842059368909613 28006744682804092 16774752762973926 28200101801125646 30139167317014576 10684554898604548 7191730989945803 19809542713984244 3496085735602797 27383603691251002 
27521034363079085 25913000633244499 19549028710301966 12116174688485907 28005127802519004 13747827502676664 33256951039822767 29222000621785819 16998815864486957 22143521521771299 7064330995934519 

32871234096732158 3814619441501515 9736459378510510 31335444003719752 8956764069637103 12362865336997096 22322855901179639 3459472876189180 14948178345999133 34857054848569541 11054779117251876 
35586982609162127 3060280867508968 19372143794989856 17352255865579787 14276154478839682 3482790433065762 7560225513301123 1252864228716626 3452404566553054 15830404008016468 11327998931302913 
34653620516806268 95272344403416 28821410940881200 30712579319547502 22232297179750853 27387341550249925 35320860534869143 27995178592853649 35710315083267512 6531865869920110 31458320437805480 
8608748571849138 8453016086608466 2528780138729894 22477790300692502 14068997863531657 2588021555289163 27173315739178039 32576656682531764 7023528916316463 23911518614149954 31832498023488629 

22511665199745812 23590463548817027 12607957606986040 32422512539330112 13951401357473307 22258290451844749 29989227207574927 25262999435960811 27954434867698249 23368346344521392 9648954999097611 
10777129197582894 18829492860337674 17222969985038638 16231068230813554 14884493097430117 31691074370875686 12401707821376573 19242857107581080 4100418617066110 23542893888146532 19010181791634717 
3380044969038569 23643550300938568 2237132162141387 654630644645472 719055353165354 23331288025092462 9084658224706911 28309463693084880 35417708245853583 13690470878673316 27980504018082758 
11678766323889255 3211927271577426 13580532053943317 4542779863893829 19942450188320967 27601551144692222 25311290476445744 1307866969276516 26020146201470726 34650665857299162 31270454467313194 

6370348173575895 34010227221437253 12928715067379714 31199257362134894 28512576601538217 33274659175148659 21134259806154536 101736086713425 18819786048886654 2753012398895288 5462807485720232 
3716725351947734 26337541400023779 14087760938508644 14405468480279496 26645020166845076 31975819518392257 21063721950409882 3100901980909483 10052622446031686 25788441649070682 30189655078975378 
29631398532792002 5511175819733274 10254200564778433 19517660011011225 4374338169686975 28268717041890355 16422234495590560 35662283670361430 4729748450498457 12503982650554132 3052426285727539 
16791287731763546 21214562661578358 13895104747928430 12944005882189609 2319887489998721 35705061502960915 34846519581647940 465303137070593 22940803760522047 15388595916063838 3852222043785718 

33305868422330090 18930931941225898 10492227941822490 4690075793473466 13358864360459678 33014452711092346 7391431696433355 18999903219467594 14577409143199859 7671726385538966 12478041404470725 
16129788301080175 3659316447730157 8515203115883771 3114079320512553 28831131130896714 6380910426651899 29501114117150447 32604977074120672 27134188385528945 1302078339928407 10172226157994845 
12889017398283512 22470576910785746 6131375492874333 29118628606781227 2871505649819305 15667511351589348 11743020719266450 5901172845367612 10618614928131228 1395449041173697 13802814885634104 
4901857140527520 1744469775542262 5817188541462299 21329187072963901 16471384549070080 5717784546010696 23207479985477191 33511542569235191 17531809895456068 952053216119601 22312777478308166 

35432864477586287 2536357614213411 12370107003635387 541480473093717 27052275122745097 32049035711170220 26299346795687358 14365354249636871 9473742933811388 15111076888466807 22636623183234741 
1965586810701380 26053169389849321 27309788305984896 25797433462542578 9831615326477205 3200017455838322 12652005937071136 9260669504057395 23361632145042015 27995096524058477 2001643445534258 
30057915151539607 772903129896529 17954331436326397 11513756397480556 26198948078989974 32841079401202482 4771640201601074 25742770877206996 14563057835043275 25411447080369446 32383346923757628 
28628837673960665 29427995810895537 16109824128801228 26666572777571582 26737188727083226 22187594685240039 23331670756529243 19117773261170036 6064378781484627 19483980771131424 21128250269943253 

17313504500285229 7254360787444869 17454597910566858 5497176117766468 4924165013452742 27220300771572329 12460050159102732 19130073052164195 6093236248435714 16074809786287901 24987530982152805 
28887804827417989 2684664041435258 1985130473224439 29583487436301944 27717415340428009 26778864050524834 13417658844308045 12229324691773025 7036140722836220 29958983278814229 23278531020290785 
20581278228631967 24284333899854464 32290342488801111 5320311768299669 3258152349480714 21808702311751255 13549284535731389 14323232296217954 35530923089315165 1458004377445847 1769069669272659 
14530535890464000 26756462972307434 3657533197683943 30247800584267469 6399982261372583 13788998533966221 26872725619979181 34357613795848303 28152140693601159 21407084037424644 5936955432624175 

20949468809859767 5138850133864652 5803812908544630 18934964950801876 3520214839061039 31881670125493123 2121679558215066 18468477657025983 3933497588159969 16172424637180627 19266198575415390 
593618998115480 32645482049908819 889246487345530 20072676759342734 12015873281034196 7071303081272701 29832649958056007 16733627367125636 28196093498460126 30867399735214041 32420174655673933 
25635479002769933 10172636540941651 30905505658435334 5334465499804609 24700075903662721 10121064470143137 21931016839769491 11261128948393017 35391716779002965 34384967811680719 24190635920107938 
15210878979196335 14821319705027093 29887746835597943 2838266732440096 6342585313962083 17415439233674507 18454294442281686 34877505615507611 27802234250440372 11290141334563701 28414111397069325 

25577751998742601 15382150245205322 13686004066486703 30729976044750886 8084098843402745 10016546441619609 2068985770984607 21642696278177199 27710516868404818 8269073560183634 29084783749297240 
17804382128395085 25075646619325046 1963842734684229 9970387179161322 27725064787500912 31019580047228061 1054983806254583 502610883275679 24359581150706727 18346829205275293 7979997521254747 
11683858059243284 21222078763576615 28868525194155810 16037964737674463 16148005035981007 12403173636658049 26082581119401622 22836176436094814 31981299824980882 28030691422662018 14270847815141217 
3438235400567994 6251425139102660 4579533467434019 20100536188312243 31281875732785343 12782869336281179 12978519370719138 14831755310150916 30249658471469784 9321135844177765 34457728071354854 

5682386499064611 32093006741299453 34720885440359210 22911589207938886 880303014496225 7361721058713916 29232569361544872 693421171002658 33148707400680022 19812835376560926 25201230012030413 
11985537102816229 34299630932355723 28628779371240652 31337976423314443 2368852707659443 12752874746228723 2991623184708603 29283040986781166 34122049322144419 25189796548898927 15971902387224687 
4905675054967433 19668244254985280 19360461602293243 29936620618992722 33997618418498188 765880730508182 11935447819248768 25703363979959176 33697794610122062 21833651595986801 17003513064888063 
9208341104770569 18494167121167961 2644677787336853 35388642264810381 32375920300334976 21901550147824674 15511052688606653 27789236595604493 33842489439829713 34086873549875269 13313394801991613 

25602290865926445 2045850169508401 13722073595619400 779093710937174 24873340334463699 23006709984288656 3674926862613667 31532049714776638 1743025152508633 11459415977427679 29286262869415484 
17609426859050969 26566555704085809 13362921918728009 22491067933297375 14085451214888735 2696457252573250 1764491375247561 16043003892710188 19924444638627911 28734136407582540 20432784970695733 
23406778617306962 27238993230989742 23194077983623851 12605000768792949 2457557990536924 13749462730723305 13915356112234402 21791397823369079 28736103564412913 2085078499950539 10852667083725844 
35599372275569518 28640620957623387 8824046359464264 34377224900560877 3940906093287887 17517904759823255 7144086068285115 35217946191194821 17820866956302046 12881140772060635 18030556742099747 

394077774870359 33172959468098789 34840428404075423 34915886438563254 35697359435420909 12540516912878352 25664229292441955 15752018257086593 31469712531948111 31456598707501981 257704190553833 
30613023224645268 15551007415913295 31782350523860256 23483729834573742 5355000639140530 4388662222562116 7986219940746616 24609367805211533 1160349883659940 16851574212275003 5255320827627902 
34442306414010525 30985859604593509 31041040248557970 9206752817947190 7612690255025035 19827502809703829 9746220525222355 6747835882612878 33946818051590840 31645602660893677 14867778404607493 
30119905713141414 34308936500643128 3935313522823015 28083989559529730 10056275245632183 19391773688397090 9206157394788955 3746878457469552 2131716183730175 7966828478061141 14033284069989856 

29302999579564452 8936823280080961 23450489832352199 14203702129590545 34845251966898373 17401330562019561 12602214121993692 9137307365382618 27505483641474329 17231016322427758 3859803015142865 
28864079053533304 24806828284641744 14459684829536389 26670748019616347 8053588736994808 28399861828993111 6336812064090534 24759252177027021 8850807586853441 28464624917098853 9712065766431868 
3391751482898021 12908206375761295 21659864324500849 11865703374288501 22642246456011704 28940280802800821 7363548249016033 2746885091437058 25230666793304634 21736456647730156 7095001553596704 
4740677399539813 11519183898744393 30974009596127174 1626034566962067 18106155870470950 18163652742971765 27427337056121355 19200412064970070 29269561626375785 28116801404894489 17164499685139588 

4536775568412921 11241987627576048 26765687701028439 24608055438150553 18958395610069694 32183898243181503 14866337097388364 25885606405163131 22497334591453983 60053845674504 20949902537858840 
12925339268656633 2163812294646151 29764335965026651 26498404133666394 7483555519508303 15133701810206148 1800967877378212 13769263073037642 12565433662268365 15580241012621078 26919850228742622 
16104904940019297 31418515662755142 24487851844837252 9443607943575852 23931103864271080 12463011349665887 15959298068785521 1560614062957596 18832681026201450 10394162514754912 7257656659556839 
17000666565193476 20257435516744224 35806713518785798 35237931803844454 26179020933038999 18700080365167854 7883702799186941 2266859453762557 21397713544198296 1814571633565982 1562144111359295 

7081447163433463 14837548140669364 22982830360870854 26442079473326301 15231443470591063 4591234555289259 24631286754806532 28150401403259323 28624455176380086 18410901583762904 34099207819789030 
13644776184114257 12635388840919488 19011640061154376 16889538680599237 15075522279277298 14544220527622267 30627944642230547 1319236294039163 14752506641770696 28309537677758428 10386667849301863 
7640520054324156 14959402432526414 36027735293942314 14724176852869450 14717967221117149 19395280988907998 29524433169976348 34031196358184691 24617271412154633 25271276881181651 15459820168003677 
30871996260828333 31241115854893853 10379605564600017 28846797298173311 17383791293697106 5830410925124717 21351327359510887 474036289036801 10957736286528676 29469898903497142 34925392748598019 

15120356132731148 11526075681601111 8007998564669785 27812457053121073 19607800863427047 24092320411947795 8221081677302011 16776567037481253 170818045069643 2876636812836733 29578847884563719 
28992868027027210 8409462577813189 7376026746900503 22613492139673494 11642455253991578 23720813494188038 10007780730959859 20805037405245476 33965927403578497 5305571914562594 7997169463717006 
14605569531003933 28190706869361425 23190960516313883 7580019829433963 9919456986711839 27948460773700233 25899368193705101 17411798407676513 26053708140335306 3204550309678624 20666881245717128 
16959865817684100 26187628483107315 15610521186807330 12604026055856573 14505833868585888 30459203968421734 31665085013382947 25959913245719293 28101815967408964 12352243207653649 32307620324545066 

29879386462922629 35456595699958812 16171971983686881 31357862240406715 32137369847833554 601311804260506 33411730330923262 19990072352580330 16753033441182961 17673633846696554 18667583591802899 
761431814081030 8572102327964040 13187122714796151 16166885430785183 24762309281623546 21604792753768106 25372497124029120 32174232549728291 12230072335565234 4342263003800031 22662508075829072 
3532035776265790 6510729056736165 14071136527346209 24976013277394491 12605510632940351 28246239784766053 13212743564006448 22542035581108955 31656063365965418 28781447748333750 10747331990582465 
26488980652079814 27679666168000373 14401364365361113 21033224909241954 33757961234657651 32068242746744287 11207946590994504 35337745842606694 26961796828655781 11303514882622670 19364902016160585 

656947364243546 24047336348415655 32947057254428872 30013100981001814 771644224924525 2574368231340511 945550050005015 23256671172279730 3860993434711018 26912043891342088 23290002093196504 
35710921844797551 25541805682143253 32399592194346964 29994554126513542 21796481378515795 29215217093614549 8974860554770988 33603597281466119 35708614846088230 932377337913891 12706610517723154 
9400121725761164 267677494232350 28024558402508917 10140366888894227 23562629994530532 34838004743204825 19833447842271502 22728632405649044 18593493505816621 23366523560008183 31023441826213091 
29366345061840377 121660721544017 17296432669531266 16457022691790567 21860654982898188 1855891999307702 7405127632705620 15549419948801873 2758493311165316 34434738749283903 11873148345519894 

24329341543720679 32017781156225595 24456476439689489 20850153083736279 3196516591022919 3911558847077326 9676857588490486 30039554908064537 5371128315442728 16897171592462982 33263349238412456 
616747211904150 2669254676279337 26451460999333137 858131063348057 4232399864183320 28825223308191027 22827239553768378 1579976010091041 15723473991404035 23870132812511205 7831906148726564 
5936962655808430 17636758663922586 29117830714556031 13670561314940575 28320536217737630 29082114992924925 27960797475149377 23256988099286185 4684345231979509 24335040851353885 23311216352659230 
35878626538100511 2068497970901872 23928481185601433 27707811768650103 13013908438658563 33391228639569807 20494901849343094 4672799442991651 8924820034060286 9472528503301819 25824133125631118 

21214339691196954 1836892652136850 25938838100184205 22016256568693723 28461101493423013 21128261363655674 6106083962213596 30107159548428209 3546421623577823 29514130226521507 7893558172513019 
16267236120505268 4761280665220928 22840391870999729 18340116172918573 17853018570802197 35126214423807322 18267496266391265 18456646720105747 9302714250178570 28265615315699087 18565752388698970 
18875913642413215 34428298656121866 5729103455679885 7403117410631003 9799882226438323 20738318663109807 19602400091072479 29711222480735034 9973602376602047 17693695871443850 21148841322534284 
23763494637115913 5682024718121646 1815538229918624 18925149328574667 34146640094480525 19699184597762501 21045360278036662 3525120432549968 29350855789160042 31817482128549802 35282263098905017 

35092728569942081 15246856576087792 2827962921253024 25016039577755990 12685412112863630 24759766591092018 12922870977833311 11369333392383016 5254999137732536 26517420832669540 12487858634793594 
25526352695933783 14458321521456165 6380528906599047 15422183672676072 27041091596662156 23734300641206349 19004549687822340 1603428736722891 7573736762251868 12935972685642478 19614938159271968 
26511510129605892 24482380418517856 6677693964029333 32449636788746984 24522449790979740 29618481416279758 27258380021760949 6295203282170144 2086090107112801 11751985473711746 30170623689280760 
13291066748253185 26714242771715502 21775605620248682 6187112090891963 23434834584978674 24043918660075925 13069561361284288 20714726422170511 11127284246278138 7769111889507558 32737632119212261 

24077916175246700 35850538016795415 20708838603220502 34937908458954822 32605732077432716 21551294672529815 8042210825270309 4543101932707585 34020523059831659 598476037716571 18002727804786617 
10729063132942470 18842079526829734 3202310149342939 7273287779208401 10215811579135306 32316414213814689 26809055024785000 11284574222984740 16351744989218830 24685394230201085 1546848773057958 
7892448349176707 31097799637822836 14094007964473196 27615415659292449 16114721712115496 32490633451564286 20428972907951727 1597281211008337 30305126904456792 14781959897420257 30153757340343508 
10961183489956795 8262948600684229 28294519485870374 26122662955241012 7458143017690516 5902106154913770 5263663472369463 10683466798077828 31282028181556932 16545388268712211 11391647337566491 

23737926516252508 31941242778964999 22281779857292251 828850728421891 21250121478358500 186791888037624 29821151826698647 4482024274475168 35451503670011792 21465811537604182 12171742245716452 
11427467862767672 4765056435527613 22190443033124762 5809176463206526 19606529217355541 8234953033449124 35244171488509791 18012154905612490 28796227941560221 18805999296308536 6966652538327165 
18155360629373097 10320686909141980 7582591826495826 6161353857887074 35270826296928231 35391092910360891 18224755230158143 26870311072060523 23728877142842716 21045967439531668 9887554063725186 
8400445674446013 10202756341454569 20849636034437666 792073001914520 2142962052884734 2294976960050841 15237222737687412 8976764416140729 8129731401102779 16042815523455617 18846178547843599 

7145218706869019 18965988862402439 6918308859592518 7197287116898695 7178370978884131 32787653510137576 5867383191518160 28588542728592364 31048504757273686 26060386747258668 9173535333347112 
29398012925872583 10081997649738460 1505863976743535 17152179435283204 29402160645255465 35737055570869529 35492819754614493 32237614178282272 34684900353915080 29869042486433005 31045222174019928 
10696959248677595 18795679591033384 32234340034858650 22513467946251646 19964458567444023 11839080917029729 25402810941518850 25279325570117730 10002234596272403 3963445046598084 8635585205969482 
9896168694304407 11113103064788111 3413109976872732 35768836840211548 6652317212737550 24137691830420435 17078674605060523 1794977329851985 19246940717600299 2060554347152592 27926598855743377 


-1,1	-1,-1	1,1	-1,1	-1,1	1,-1	-1,1	-1,1	1,1	-1,-1	-1,-1	
-1,-1	1,-1	-1,-1	1,-1	-1,-1	-1,-1	1,1	-1,-1	-1,-1	-1,1	1,-1	
1,-1	1,1	-1,1	-1,-1	1,1	-1,1	-1,-1	1,-1	-1,1	1,-1	1,1	
1,1	-1,1	1,-1	1,1	1,-1	1,1	1,-1	1,1	1,-1	1,1	-1,1	

1,-1	-1,1	1,-1	-1,1	-1,-1	1,1	1,-1	1,-1	1,-1	-1,-1	-1,-1	
-1,1	1,-1	1,1	-1,-1	1,1	1,-1	-1,-1	-1,1	-1,1	1,1	-1,1	
-1,-1	1,1	-1,-1	1,-1	-1,1	-1,-1	-1,1	1,1	-1,-1	-1,1	1,-1	
1,1	-1,-1	-1,1	1,1	1,-1	-1,1	1,1	-1,-1	1,1	1,-1	1,1	

-1,1	1,1	1,1	-1,-1	-1,1	-1,1	1,-1	-1,1	1,1	1,1	1,-1	
1,-1	-1,-1	-1,1	1,-1	1,1	1,-1	-1,-1	1,-1	-1,1	-1,-1	1,1	
1,1	1,-1	-1,-1	-1,1	1,-1	-1,-1	1,1	-1,-1	1,-1	-1,1	-1,-1	
-1,-1	-1,1	1,-1	1,1	-1,-1	1,1	-1,1	1,1	-1,-1	1,-1	-1,1	

1,1	1,-1	1,1	-1,-1	1,1	1,-1	-1,1	-1,1	1,1	1,1	-1,1	
-1,1	-1,1	-1,-1	1,-1	-1,1	-1,1	1,1	-1,-1	1,-1	-1,-1	1,1	
-1,-1	1,1	-1,1	1,1	1,-1	-1,-1	1,-1	1,1	-1,-1	-1,1	1,-1	
1,-1	-1,-1	1,-1	-1,1	-1,-1	1,1	-1,-1	1,-1	-1,1	1,-1	-1,-1	

1,1	-1,-1	1,1	-1,-1	1,-1	-1,-1	-1,1	1,1	-1,1	-1,-1	-1,-1	
1,-1	-1,1	1,-1	1,1	1,1	1,-1	1,-1	1,-1	1,-1	1,-1	1,-1	
-1,-1	1,1	-1,-1	1,-1	-1,-1	1,1	1,1	-1,1	1,1	1,1	1,1	
-1,1	1,-1	-1,1	-1,1	-1,1	-1,1	-1,-1	-1,-1	-1,-1	-1,1	-1,1	

1,-1	1,1	-1,-1	-1,-1	-1,-1	1,-1	1,1	1,-1	1,1	1,-1	1,-1	
1,1	-1,1	-1,1	1,-1	1,1	1,1	-1,1	-1,-1	1,-1	-1,1	-1,1	
-1,1	1,-1	1,-1	-1,1	-1,1	-1,1	1,-1	1,1	-1,-1	-1,-1	-1,-1	
-1,-1	-1,-1	1,1	1,1	1,-1	-1,-1	-1,-1	-1,1	-1,1	1,1	1,1	

1,-1	-1,1	1,-1	-1,1	1,1	1,1	1,1	1,-1	1,-1	-1,1	1,-1	
1,1	1,1	1,1	1,1	-1,1	1,-1	-1,1	1,1	1,1	1,1	-1,1	
-1,-1	-1,-1	-1,-1	-1,-1	-1,-1	-1,-1	-1,-1	-1,-1	-1,-1	-1,-1	-1,-1	
-1,1	1,-1	-1,1	1,-1	1,-1	-1,1	1,-1	-1,1	-1,1	1,-1	1,1	

-1,-1	1,1	1,-1	-1,-1	1,-1	-1,1	-1,1	-1,1	1,-1	1,1	-1,-1	
1,-1	-1,1	-1,1	1,1	1,1	-1,-1	1,-1	1,-1	-1,-1	1,-1	1,1	
-1,1	1,-1	1,1	-1,1	-1,1	1,-1	-1,-1	-1,-1	-1,1	-1,1	-1,1	
1,1	-1,-1	-1,-1	1,-1	-1,-1	1,1	1,1	1,1	1,1	-1,-1	1,-1	

1,1	1,-1	1,1	1,1	1,-1	1,-1	-1,-1	1,-1	-1,1	-1,1	-1,1	
-1,-1	-1,-1	1,-1	-1,1	1,1	1,1	1,1	-1,-1	-1,-1	1,1	1,-1	
1,-1	-1,1	-1,-1	1,-1	-1,-1	-1,1	1,-1	-1,1	1,1	1,-1	-1,-1	
-1,1	1,1	-1,1	-1,-1	-1,1	-1,-1	-1,1	1,1	1,-1	-1,-1	1,1	

-1,1	-1,1	-1,-1	-1,-1	1,1	-1,-1	-1,-1	-1,-1	-1,-1	-1,-1	-1,1	
1,1	-1,-1	1,1	-1,1	-1,-1	1,-1	1,1	1,1	1,1	-1,1	1,1	
1,-1	1,1	1,-1	1,1	1,-1	-1,1	1,-1	-1,1	1,-1	1,1	1,-1	
-1,-1	1,-1	-1,1	1,-1	-1,1	1,1	-1,1	1,-1	-1,1	1,-1	-1,-1	

-1,-1	-1,1	1,1	1,1	1,1	-1,1	-1,1	1,-1	1,1	-1,1	-1,-1	
1,-1	1,-1	1,-1	1,-1	1,-1	1,-1	1,-1	1,1	-1,1	-1,-1	-1,1	
-1,1	1,1	-1,-1	-1,1	-1,-1	1,1	-1,-1	-1,1	-1,-1	1,-1	1,1	
1,1	-1,-1	-1,1	-1,-1	-1,1	-1,-1	1,1	-1,-1	1,-1	1,1	1,-1	

-1,1	1,1	1,1	-1,1	1,-1	-1,-1	1,1	1,-1	1,1	1,-1	1,1	
1,-1	-1,1	-1,1	1,1	-1,1	1,-1	1,-1	1,1	1,-1	1,1	1,-1	
-1,-1	1,-1	-1,-1	1,-1	-1,-1	1,1	-1,1	-1,-1	-1,1	-1,-1	-1,1	
1,1	-1,-1	1,-1	-1,-1	1,1	-1,1	-1,-1	-1,1	-1,-1	-1,1	-1,-1	

1,1	1,-1	1,1	1,-1	-1,1	-1,-1	1,1	-1,-1	-1,1	1,-1	1,1	
1,-1	-1,-1	-1,-1	-1,-1	1,-1	1,1	-1,1	-1,1	1,-1	-1,1	-1,1	
-1,1	1,1	-1,1	1,1	-1,-1	1,-1	-1,-1	1,-1	1,1	-1,-1	1,-1	
-1,-1	-1,1	1,-1	-1,1	1,1	-1,1	1,-1	1,1	-1,-1	1,1	-1,-1	

-1,-1	1,1	1,1	1,-1	1,1	1,-1	1,1	-1,-1	-1,-1	1,1	1,-1	
-1,1	1,-1	1,-1	-1,1	1,-1	-1,-1	1,-1	1,-1	1,-1	1,-1	-1,-1	
1,-1	-1,1	-1,1	1,1	-1,1	-1,1	-1,1	-1,1	-1,1	-1,1	-1,1	
1,1	-1,-1	-1,-1	-1,-1	-1,-1	1,1	-1,-1	1,1	1,1	-1,-1	1,1	

1,1	-1,-1	1,-1	-1,-1	-1,1	1,1	-1,1	-1,-1	1,1	1,-1	1,1	
-1,-1	1,-1	-1,-1	1,-1	1,-1	1,-1	1,1	-1,1	1,-1	1,1	-1,-1	
1,-1	1,1	1,1	1,1	1,1	-1,1	1,-1	1,-1	-1,1	-1,1	-1,1	
-1,1	-1,1	-1,1	-1,1	-1,-1	-1,-1	-1,-1	1,1	-1,-1	-1,-1	1,-1	

-1,1	1,-1	-1,-1	1,-1	-1,-1	-1,-1	-1,-1	1,-1	-1,-1	1,1	1,-1	
1,1	1,1	1,1	1,1	-1,1	-1,1	-1,1	-1,-1	-1,1	1,-1	1,1	
-1,-1	-1,-1	1,-1	-1,-1	1,-1	1,-1	1,-1	-1,1	1,-1	-1,1	-1,1	
1,-1	-1,1	-1,1	-1,1	1,1	1,1	1,1	1,1	1,1	-1,-1	-1,-1	

1,1	1,-1	1,-1	-1,-1	1,-1	1,-1	-1,-1	1,-1	-1,1	-1,1	-1,1	
1,-1	-1,-1	-1,1	1,1	-1,-1	-1,-1	-1,1	-1,1	1,1	1,1	1,-1	
-1,1	-1,1	-1,-1	1,-1	1,1	1,1	1,1	1,1	1,-1	1,-1	1,1	
-1,-1	1,1	1,1	-1,1	-1,1	-1,1	1,-1	-1,-1	-1,-1	-1,-1	-1,-1	

1,-1	-1,1	1,-1	-1,1	-1,1	1,1	1,1	-1,-1	-1,-1	-1,1	-1,-1	
1,1	1,-1	-1,-1	1,1	-1,-1	1,-1	1,-1	-1,1	-1,1	-1,-1	1,1	
-1,-1	1,1	-1,1	-1,-1	1,-1	-1,1	-1,-1	1,-1	1,1	1,-1	-1,1	
-1,1	-1,-1	1,1	1,-1	1,1	-1,-1	-1,1	1,1	1,-1	1,1	1,-1	

1,1	1,1	-1,1	-1,-1	1,1	1,1	-1,-1	1,-1	-1,1	-1,-1	-1,1	
-1,1	-1,-1	-1,-1	1,-1	-1,-1	-1,1	1,-1	1,1	-1,-1	1,-1	-1,-1	
-1,-1	1,-1	1,1	-1,1	1,-1	-1,-1	-1,1	-1,-1	1,-1	1,1	1,-1	
1,-1	-1,1	1,-1	1,1	-1,1	1,-1	1,1	-1,1	1,1	-1,1	1,1	

1,1	-1,1	1,1	1,1	-1,1	1,1	-1,1	-1,1	-1,-1	1,-1	1,-1	
-1,1	-1,-1	-1,1	-1,1	1,1	1,-1	-1,-1	-1,-1	1,-1	-1,-1	-1,1	
-1,-1	1,-1	-1,-1	1,-1	-1,-1	-1,1	1,-1	1,1	-1,1	1,1	-1,-1	
1,-1	1,1	1,-1	-1,-1	1,-1	-1,-1	1,1	1,-1	1,1	-1,1	1,1	

1,1	1,1	-1,1	1,1	1,1	-1,1	-1,-1	1,1	-1,-1	-1,1	-1,1	
1,-1	1,-1	-1,-1	1,-1	1,-1	1,1	-1,1	-1,1	-1,1	1,-1	1,-1	
-1,1	-1,-1	1,1	-1,-1	-1,1	-1,-1	1,-1	-1,-1	1,-1	1,1	-1,-1	
-1,-1	-1,1	1,-1	-1,1	-1,-1	1,-1	1,1	1,-1	1,1	-1,-1	1,1	

1,1	-1,1	-1,-1	-1,1	1,-1	1,1	-1,1	1,1	1,1	1,-1	-1,-1	
-1,1	1,1	1,1	1,1	-1,-1	1,-1	-1,-1	-1,-1	-1,-1	-1,-1	1,1	
1,-1	1,-1	1,-1	1,-1	-1,1	-1,1	1,1	-1,1	-1,1	-1,1	-1,1	
-1,-1	-1,-1	-1,1	-1,-1	1,1	-1,-1	1,-1	1,-1	1,-1	1,1	1,-1	

1,-1	1,1	-1,-1	-1,1	-1,1	-1,-1	1,-1	1,-1	-1,1	-1,1	-1,-1	
-1,-1	-1,-1	1,-1	-1,-1	-1,-1	1,-1	-1,1	-1,1	-1,-1	1,-1	-1,1	
-1,1	-1,1	-1,1	1,-1	1,-1	-1,1	-1,-1	-1,-1	1,-1	-1,-1	1,-1	
1,1	1,-1	1,1	1,1	1,1	1,1	1,1	1,1	1,1	1,1	1,1	

-1,1	1,1	-1,-1	1,1	1,1	1,-1	-1,-1	1,1	-1,-1	1,1	-1,-1	
1,-1	1,-1	-1,1	-1,1	-1,1	1,1	-1,1	-1,1	1,1	-1,-1	1,-1	
1,1	-1,1	1,-1	1,-1	1,-1	-1,1	1,1	-1,-1	-1,1	-1,1	-1,1	
-1,-1	-1,-1	1,1	-1,-1	-1,-1	-1,-1	1,-1	1,-1	1,-1	1,-1	1,1	

-1,-1	-1,-1	1,1	-1,-1	1,1	-1,-1	1,1	-1,1	1,1	1,-1	-1,1	
1,-1	1,1	-1,-1	-1,1	-1,1	-1,1	-1,1	1,-1	-1,1	-1,-1	-1,-1	
-1,1	-1,1	-1,1	1,1	-1,-1	1,1	-1,-1	-1,-1	-1,-1	-1,1	1,-1	
1,1	1,-1	1,-1	1,-1	1,-1	1,-1	1,-1	1,1	1,-1	1,1	1,1	

3 1 9 2 
9 3 8 0 
9 2 7 3 
4 9 3 0 
7 5 4 2 
0 4 10 8 
1 4 9 6 
2 0 7 3 
9 4 6 7 
10 0 7 8 
2 7 1 9 
6 3 9 1 
6 3 4 1 
5 9 0 2 
8 10 5 1 
9 3 4 0 
9 1 4 6 
1 5 7 3 
5 6 4 1 
1 10 3 6 
0 10 5 6 
8 3 5 7 
7 10 8 1 
9 8 5 3 
7 5 9 3 


1,1	-1,1	1,-1	-1,-1	
-1,-1	1,1	-1,1	1,-1	
1,-1	-1,1	1,1	-1,-1	
1,-1	1,1	-1,1	-1,-1	
-1,1	1,-1	1,1	-1,-1	
1,1	-1,-1	-1,1	1,-1	
1,-1	-1,1	-1,-1	1,1	
-1,-1	-1,1	1,-1	1,1	
-1,1	1,1	-1,-1	1,-1	
1,1	-1,1	1,-1	-1,-1	
-1,-1	-1,1	1,-1	1,1	
-1,1	1,-1	1,1	-1,-1	
1,-1	1,1	1,1	-1,1	
-1,-1	1,1	-1,1	1,-1	
1,1	-1,1	1,-1	-1,-1	
-1,-1	-1,1	1,-1	1,1	
-1,1	-1,-1	1,1	1,-1	
1,1	-1,1	1,-1	-1,-1	
1,1	-1,-1	1,-1	-1,1	
-1,1	1,-1	-1,-1	1,1	
-1,-1	1,1	-1,1	1,-1	
-1,-1	1,-1	1,1	-1,1	
-1,-1	1,1	1,-1	-1,1	
-1,1	1,-1	1,1	-1,-1	
-1,-1	-1,1	1,-1	1,1	


29177009237466087 15168743095079749 15032916247742942 10064417075258043 
3950047968327060 1737795881350535 29690378661399930 35924993612043960 
13915673033879516 1153448706414778 24567449662640767 19201679751615427 
13104898429627228 34456975003886561 9721307570460384 20924583246248478 
22014474987133891 24527096367338114 35600726071475269 11212139475312688 
27941265961883209 17774300131385480 21552946724603591 33703277754700244 
29681529652189318 4022771192656554 2259963970624890 18369424486106536 
755233644435701 28877597945316392 1397303340894014 27703943074358279 
18183280758969951 17935997814291367 6247992654594908 23062515390351988 
18111712554348511 9135357779748293 11603290085198586 6680516236124947 
18185494973440236 14098665887772233 21674344656712677 12183297551172149 
22801995398092676 20831469626920259 31185295081712438 6478164565675095 
33645691155235940 1243506885988563 1243506885988563 33645691155235940 
6478164565675095 31185295081712438 20831469626920259 22801995398092676 
12183297551172149 21674344656712677 14098665887772233 18185494973440236 
6680516236124947 11603290085198586 9135357779748293 18111712554348511 
23062515390351988 6247992654594908 17935997814291367 18183280758969951 
27703943074358279 1397303340894014 28877597945316392 755233644435701 
18369424486106536 2259963970624890 4022771192656554 29681529652189318 
33703277754700244 21552946724603591 17774300131385480 27941265961883209 
11212139475312688 35600726071475269 24527096367338114 22014474987133891 
20924583246248478 9721307570460384 34456975003886561 13104898429627228 
19201679751615427 24567449662640767 1153448706414778 13915673033879516 
35924993612043960 29690378661399930 1737795881350535 3950047968327060 
10064417075258043 15032916247742942 15168743095079749 29177009237466087 

-1	1	-1	1	
1	-1	1	-1	
-1	1	-1	1	
1	-1	-1	1	
-1	1	-1	1	
-1	1	1	-1	
-1	-1	1	1	
-1	1	1	-1	
1	-1	-1	1	
1	1	-1	-1	
1	1	-1	-1	
1	-1	1	-1	
1	-1	-1	1	
-1	1	-1	1	
-1	-1	1	1	
-1	-1	1	1	
1	-1	-1	1	
-1	1	1	-1	
1	1	-1	-1	
-1	1	1	-1	
1	-1	1	-1	
1	-1	-1	1	
1	-1	1	-1	
-1	1	-1	1	
1	-1	1	-1	

10 2 8 1 
4 10 7 0 
7 10 2 9 
6 4 7 2 
5 4 10 7 
5 1 0 10 
3 5 4 9 
1 4 8 0 
9 0 10 3 
7 3 6 8 
10 4 8 0 
6 7 3 0 
6 8 8 6 
0 3 7 6 
0 8 4 10 
8 6 3 7 
3 10 0 9 
0 8 4 1 
9 4 5 3 
10 0 1 5 
7 10 4 5 
2 7 4 6 
9 2 10 7 
0 7 10 4 
1 8 2 10 

2	22	1	23	5	19	4	20	0	24	11	13	10	14	8	16	3	21	9	15	7	17	6	18	12	
