24899639208043397 1686174459372117 22440505265324600 7143998709287233 13830585263031036 1601422642670991 34225838845876999 24684863825600363 1171862375895317 4121356392977011 11178930754030209 
27636895136258924 31676059683519068 1390545998186661 4555892723038528 19215889069711651 32000902876621041 3761354082435786 7687797058938332 9582771684925423 15315323150354188 2326159302827496 
3741482756349121 22624774453019943 8185948020016180 14486955291608035 3180987113669221 16647031184906043 12334423077508963 1668078998227197 7159930292040769 31176008908376858 27402792639095392 
28625548491506791 9664651096157565 16437553345377237 34842423041719566 16178484990205969 31910226271958304 17257199356739788 26714400676357928 13404428651347157 12410262878761907 16045298321569354 

31273705857325867 26323860805150009 20274894272846884 12068150966957657 26123775132853968 11752085667951091 24144743158996597 28502089191592396 981985753204746 17420344461192171 18405000484906475 
6115854746864749 11850820397873503 14432023870153600 31095366812647811 23185379462715991 11477083418309930 5950432417224354 28749141735871017 13596971363867324 8085250267299142 1090105230964277 
19236126481687090 597076795908298 22859091710693477 34368035087797201 16131205584874529 4647080496334680 13788857374907799 20954660701910814 27369755593253254 14825218188688888 8626891199497132 
10350293952534307 1082566170530475 34644836221329383 21237052382734797 30123200499183625 29453082819052699 19377150842513986 4025126744614807 29953429519424998 7659110373016646 17689739858757107 

18395972739720432 27661890315026517 29415227658716084 8965921923249285 10332225812660561 25839576134311522 12264101908556252 23510691952339641 7963382204302466 26832177030757736 35804430242477519 
2230691335712992 20861402262596601 23285450413658055 4949543357730299 29057355646194938 20833057814244697 6071581880303759 10984515383007734 3425485083589369 25858914115833729 18782905242867343 
9141435723960498 16542106913395061 16302171591443538 23943753206901264 11231633592964502 19867376260816659 17858678594213868 8653698334303654 31876876578513481 4568844199279772 32922085695005770 
19003831552041326 17047344798795519 3052204562996486 3047258465647143 16018679054596053 14678213197465573 33377947944842494 31104434357424002 33885704755691960 25789227044316073 32728201874043585 

22528478352872817 11876323839549784 28246128793382321 35368334496565746 31962047520889626 9405012707991652 12164145613992034 12214177312751386 15882591932147165 22353744130712846 12756977201098014 
26836446865776107 16144762358575398 17821039337893170 20368371019215896 11213293144130033 14792036826380097 33334672962014504 3368488553823088 14901985238003412 21283318082805152 30459720311840381 
33457874175198129 33520672945543526 6679541716137940 13104265051193787 2226951072656008 29575387938003132 25937505192006675 31519190444687607 10776383913078425 12497267342074693 34660878180494210 
20760987545773056 3073346617716546 10734434145492811 20933671083734761 27811287040543557 1122944234690954 2773499387615131 32162966637133059 21183905798078065 1079277507735916 2034790160971456 

20606427597026737 14553193137560643 33333596536085949 23943650934090232 29207189104682769 19235049171581498 12454799182119559 31222013601173131 4617317228925096 9854010614838070 18190210113533925 
14677295795417375 9642709087111057 7875886809818780 17723719339679260 1972419088971085 12853698653725979 23645272332375424 15270425869340177 13727333008994833 22569177616530873 27523198815991711 
35509373067838964 34791588920127152 29763957112378625 4049494147040646 21343404433236500 28045951075294355 33272200702107763 4963056084738271 2243219062310984 30626878886116844 19959313103147623 
16034002860960878 24898260149946792 21518067036242335 15124640044967619 30604952379249047 25515476608281988 2147563332865256 15151839531407412 7797557025124688 26574343999346439 13113370936138870 

31730707859300904 19802762635130670 21971458365167558 324996973349802 30764588561327614 5163989529111200 26567812970595063 35392840034914346 3935903380333456 21753413925019801 13045175889539489 
5870372326715149 5210659562568552 7160006719736889 30696992116907561 14586599651021570 26489339503386912 33335801166508500 5207284253274288 5629732207985884 17069856589730662 15189451976753964 
17651610391014990 6674494809989751 32348080820962245 26406821820853864 17084883551902516 23492494614312759 30226962422368830 19883297237634466 22536495695967669 32284487456759531 3047488426334203 
3972165143163466 21491679251885586 420244970943658 2445717608740662 33227948125229659 23052857044304415 5228786636005609 7985914374310208 24279791047964632 28909987738928424 26503094880111206 

18212979843678282 5500854728156243 8951456607302416 23975679865735512 11694325331709034 13220448086992856 8447930537579074 11207631677843962 22089488416928547 5009373441035035 23536902541259499 
15796444515713137 3989363708247341 4657219989077020 36016016284287438 11377290919375960 14950665644920657 31275408818005677 2306793393012017 30984864500259888 5695014623966092 24326314675992007 
15039110071964994 1640577996573958 12057684898288300 21982135705196376 6230150325603867 6009289054160868 6799388161296895 7951822001430674 32784726183676728 191233830082798 22983841808719872 
1372061686142366 11625354635935699 10277687309685738 22620732556403131 14644977003303298 6045217372862014 17793811515357678 25737513476164663 34035489697174814 34971410068931326 2223617272491968 

19969804788550759 32379346830446031 29639205454492799 16254517242077219 19294812136531021 21263156479696743 3218412512293815 10361087171744909 32609581286748695 31955801351722528 16148887752494633 
15037868508843149 25419176607462874 28369422811764461 22429485348187614 13265656962135847 16929875976964257 17162759807533113 31129006802681314 4892701329192794 30889429357875314 33095115193196706 
4230904371970954 34800096052730805 1245047962338688 3608065412354906 16772810645231540 12735544414809071 7207851977814295 26813318894258523 10245441637282210 28784807576468247 22630722779230553 
6867135628491815 3075587731523399 2290818723824836 4827653231234116 17995320983959155 24772535461316094 8879829892549650 26016231112438954 2683743130927121 10010643170765338 34551460070842677 

4605296129019627 32800056344088306 32870541376379426 28862125592880759 25091775323827560 9582702081176468 34723462158722282 19601232503223018 21599873046832488 20258675575801611 20334702868735075 
14585597159853337 35792631517461185 34747292630622711 24747584075090453 5138009577602638 17550023683904104 5128570601368317 32774948073747063 6440860557836695 34910480713790431 35995315065443963 
24031920119944635 17252098208773200 11999816654839265 6857566475075027 22733009605886265 6507891209910126 26282780999868626 8724611351379139 10817986380663105 4258268733580429 30704473059105372 
12308692022690664 4847608618886730 19716572329437214 29819378183342379 6162813323417061 24774629930566858 15733785598124478 18152224877639093 19674836087600524 22428176628260769 14032868981470850 

7616188172588245 30528377785795015 24976303140976867 3235658544976638 23615643191259940 15913948993527547 30934633618055326 33320892076881522 20385623065200130 21987064250173748 8151386375865148 
1825872695654430 12150996513972315 16750085748267233 35439059075543628 21011500852890377 6257109318368808 4040559506780957 14484876314938415 29378479730835314 32977720991088536 21741029336045625 
15313873870971151 8249459414252308 21543242696394368 24046951657675407 4086311491970002 19348159668475184 17332747042867904 22312411697974787 27779632004901730 22013957777986866 11678134847655792 
5650926426410181 32464797657234765 322172829529951 33062562822583312 34073538661218266 23551765854107298 7956031288369147 9561823915244622 18775747062082933 20009918583011699 20839067096277856 

21027723550959531 22311201816187489 24018793325319383 8777061908370746 27093163271799190 8514607190178196 27547163777397172 22804478214286885 6641250629465569 19467438435658613 8704253442048241 
11919273369211512 22999451961060953 3052984235502700 23199347880941172 16115606161035424 29661965412103172 12509570149805068 4186267721323854 17550136674175412 32058519233257042 5115988213332292 
35983303966455937 7556415359871045 8787303310644817 5883869287473590 11988920457167740 584590377525223 11704645682782927 5684314574231361 11356513878027089 4606158025066092 29932227333201097 
19188474503151863 5487508227399142 15886613801246545 31885699168229830 24316567540988130 400751676438546 22388364621302008 21513834797668606 35724022607259446 25907817997701329 31321515682211774 

1370008961022347 21856238400496905 23416095867660824 7589467565210687 24247522385387489 1864405412037426 33139246468100648 17360954164976400 1252384706536111 33212700930315431 16632166453364436 
23422074732674442 4032709831507969 17946790695305337 12653641158005824 29975275940084309 11044628611201127 35250546788524021 31816900688573784 29990668415993825 34628135323514606 18801303385156303 
35547439367334544 11724613312265477 2056667621375074 6374577350671160 32846640607443433 25666196153213231 10598642582159715 15821096730229634 14708169552297571 10508663358407904 18659711153542324 
16079361271970618 31614111516223286 35225311975609179 29102496870544719 26744653082199323 1543687764897700 27071132275696102 29808117161078821 30470334661443322 12167641656344545 17825593248526348 

31558241066362850 33519763399243299 35155339089754140 18085563687037160 30631571383874964 528793433617803 28547893479888631 35402797468781716 18058490268003315 23730862387693842 5705518828200521 
30680309014281025 4074987215902577 32864964564931633 7757696308622765 3945829323600200 25416065417298292 8767244858059923 1702101255432733 18345190260819170 2001017727312923 31000577435372963 
14233569941435068 22693404395084607 21887428816389002 25820586408941174 27116184774474487 27773927005047793 2728275283470497 28783788230337163 8928098071912566 34908534460030300 34473466127474885 
6888968033753349 17626067214636967 33620761759463634 6243352167498998 30638420044796710 26538213758644234 20974430476564283 32195176448556644 31354363880047852 7932059345664016 2109226487201434 

21853279404062549 3349359457735503 15373051343306121 883944829989616 17765716022378446 5699794871321418 18357247228318623 726776693990300 34473849525237928 21071499671765920 4416932201061072 
33506182470551984 20675239219132880 5058680471375511 35932958397593280 14008554253921853 18402910032042732 29799472686234529 27324023926344229 32132357817630767 5738723348925390 3922223212539512 
652152812646177 15981372446566445 29635576029165131 33451446009133610 25826075349901793 18101618367019628 33678951231433305 18268417342004875 15030805744853888 5368321152182880 9726567239154696 
30166517407796543 26100732778816872 28096865549811062 19560695500802858 1342496050936331 16235030971623285 34171522545522752 34124767788937714 14671319256295333 14354513595638464 5753060544336601 

14021336635078514 5412686295946237 4090105769535782 1509943586430412 3408032858925537 23834432402055337 33987872703185863 11128585137868406 30370832510810138 9507616474849634 640222135421513 
23989484474308106 19180083265015281 14973482670533943 3841065867309561 24154062294323604 10915426358009042 6190486292304916 13200831659588744 1570525052187213 1871860244782577 14003740636877717 
4236395893368127 27384077622532171 7086286332870259 7643075212399077 20230084483464694 21801290041422006 27678073997192074 20222996313002365 23959375721310501 17146051529324013 374589698597099 
8960031183578056 26037290209506415 22794652126503175 25113483249452278 22975095781874631 18854457908362672 26067089438186733 20659138603494020 34618629599858590 23079601065334353 8846231134658872 


1,1	1,1	1,1	-1,-1	-1,1	1,-1	1,-1	1,-1	1,-1	1,-1	-1,-1	
-1,1	1,-1	1,-1	-1,1	1,1	-1,1	-1,1	-1,1	-1,-1	1,1	1,1	
1,-1	-1,1	-1,-1	1,-1	1,-1	-1,-1	1,1	-1,-1	-1,1	-1,1	1,-1	
-1,-1	-1,-1	-1,1	1,1	-1,-1	1,1	-1,-1	1,1	1,1	-1,-1	-1,1	

-1,1	-1,-1	-1,-1	1,-1	-1,-1	1,-1	-1,-1	1,1	-1,-1	-1,1	-1,1	
1,1	-1,1	-1,1	-1,1	1,1	-1,-1	-1,1	-1,1	-1,1	1,1	1,-1	
1,-1	1,1	1,1	1,1	-1,1	-1,1	1,-1	-1,-1	1,1	1,-1	-1,-1	
-1,-1	1,-1	1,-1	-1,-1	1,-1	1,1	1,1	1,-1	1,-1	-1,-1	1,1	

1,1	1,-1	1,-1	-1,-1	1,-1	-1,1	1,1	1,1	-1,-1	1,1	1,1	
-1,1	-1,1	-1,1	1,1	-1,-1	-1,-1	1,-1	-1,1	-1,1	-1,-1	-1,1	
-1,-1	-1,-1	-1,-1	-1,1	-1,1	1,1	-1,-1	1,-1	1,1	-1,1	1,-1	
1,-1	1,1	1,1	1,-1	1,1	1,-1	-1,1	-1,-1	1,-1	1,-1	-1,-1	

1,1	1,1	-1,1	1,-1	-1,1	1,-1	1,-1	1,-1	-1,-1	-1,1	-1,-1	
1,-1	-1,-1	1,-1	-1,-1	-1,-1	-1,-1	1,1	1,1	1,1	1,1	-1,1	
-1,-1	1,-1	1,1	-1,1	1,-1	-1,1	-1,1	-1,-1	1,-1	-1,-1	1,-1	
-1,1	-1,1	-1,-1	1,1	1,1	1,1	-1,-1	-1,1	-1,1	1,-1	1,1	

1,-1	1,-1	-1,1	1,1	1,1	1,-1	-1,1	-1,1	-1,-1	1,1	1,1	
-1,1	-1,1	-1,-1	1,-1	-1,1	-1,-1	1,1	1,-1	-1,1	1,-1	1,-1	
1,1	1,1	1,1	-1,1	-1,-1	-1,1	-1,-1	-1,-1	1,1	-1,-1	-1,-1	
-1,-1	-1,-1	1,-1	-1,-1	1,-1	1,1	1,-1	1,1	1,-1	-1,1	-1,1	

1,-1	-1,-1	1,1	-1,1	1,1	-1,1	1,-1	-1,1	-1,1	1,-1	-1,-1	
1,1	-1,1	1,-1	1,-1	1,-1	1,1	-1,-1	1,1	1,1	1,1	-1,1	
-1,-1	1,1	-1,-1	1,1	-1,1	-1,-1	1,1	1,-1	1,-1	-1,1	1,-1	
-1,1	1,-1	-1,1	-1,-1	-1,-1	1,-1	-1,1	-1,-1	-1,-1	-1,-1	1,1	

1,1	1,-1	1,-1	1,1	1,-1	1,-1	1,-1	1,-1	-1,-1	-1,-1	1,-1	
1,-1	-1,-1	-1,1	-1,1	-1,1	-1,1	-1,-1	1,1	1,1	-1,1	-1,1	
-1,-1	-1,1	1,1	1,-1	-1,-1	1,1	-1,1	-1,-1	1,-1	1,1	-1,-1	
-1,1	1,1	-1,-1	-1,-1	1,1	-1,-1	1,1	-1,1	-1,1	1,-1	1,1	

-1,-1	-1,-1	1,1	1,-1	-1,-1	-1,-1	-1,1	-1,1	-1,1	1,-1	1,-1	
1,1	1,-1	1,-1	-1,1	1,1	-1,1	1,1	1,-1	1,-1	-1,-1	-1,1	
1,-1	1,1	-1,-1	-1,-1	1,-1	1,-1	1,-1	-1,-1	-1,-1	1,1	-1,-1	
-1,1	-1,1	-1,1	1,1	-1,1	1,1	-1,-1	1,1	1,1	-1,1	1,1	

-1,-1	1,1	1,1	1,1	1,-1	1,-1	-1,1	-1,1	-1,-1	1,1	1,1	
-1,1	1,-1	-1,1	-1,1	-1,1	-1,1	1,1	1,-1	1,1	1,-1	1,-1	
1,-1	-1,1	-1,-1	1,-1	-1,-1	1,1	1,-1	-1,-1	-1,1	-1,1	-1,1	
1,1	-1,-1	1,-1	-1,-1	1,1	-1,-1	-1,-1	1,1	1,-1	-1,-1	-1,-1	

-1,-1	-1,1	-1,1	1,1	-1,1	-1,1	1,-1	1,-1	-1,-1	1,-1	1,1	
1,1	1,-1	-1,-1	-1,-1	1,-1	1,-1	1,1	1,1	1,1	-1,1	-1,1	
1,-1	-1,-1	1,-1	1,-1	1,1	-1,-1	-1,1	-1,-1	-1,1	-1,-1	1,-1	
-1,1	1,1	1,1	-1,1	-1,-1	1,1	-1,-1	-1,1	1,-1	1,1	-1,-1	

1,1	1,1	1,1	1,1	-1,-1	-1,-1	-1,1	1,-1	-1,1	-1,-1	1,-1	
1,-1	1,-1	1,-1	-1,1	1,1	-1,1	1,1	1,1	-1,-1	1,-1	1,1	
-1,-1	-1,1	-1,1	-1,-1	1,-1	1,1	-1,-1	-1,1	1,1	1,1	-1,1	
-1,1	-1,-1	-1,-1	1,-1	-1,1	1,-1	1,-1	-1,-1	1,-1	-1,1	-1,-1	

-1,1	1,-1	1,1	1,-1	1,-1	-1,1	-1,-1	-1,1	-1,1	-1,-1	-1,-1	
1,1	-1,-1	-1,-1	-1,-1	1,1	1,1	-1,1	1,-1	1,1	-1,1	1,-1	
-1,-1	1,1	-1,1	-1,1	-1,1	1,-1	1,1	-1,-1	-1,-1	1,-1	-1,1	
1,-1	-1,1	1,-1	1,1	-1,-1	-1,-1	1,-1	1,1	1,-1	1,1	1,1	

1,1	1,-1	1,1	-1,1	-1,1	1,-1	-1,-1	-1,1	-1,1	-1,-1	-1,-1	
1,-1	-1,-1	1,-1	-1,-1	1,1	1,1	1,1	1,1	1,1	1,1	1,-1	
-1,1	1,1	-1,1	1,1	-1,-1	-1,-1	-1,1	-1,-1	-1,-1	-1,1	-1,1	
-1,-1	-1,1	-1,-1	1,-1	1,-1	-1,1	1,-1	1,-1	1,-1	1,-1	1,1	

1,-1	-1,-1	1,-1	1,1	-1,1	-1,1	1,1	1,-1	1,-1	1,-1	-1,-1	
-1,1	1,-1	1,1	-1,-1	1,-1	-1,-1	1,-1	-1,1	-1,1	-1,1	-1,1	
1,1	1,1	-1,-1	1,-1	1,1	1,1	-1,-1	-1,-1	-1,-1	1,1	1,1	
-1,-1	-1,1	-1,1	-1,1	-1,-1	1,-1	-1,1	1,1	1,1	-1,-1	1,-1	

-1,-1	-1,1	1,-1	-1,1	-1,1	1,-1	1,1	1,1	1,-1	-1,1	-1,1	
1,-1	-1,-1	-1,-1	1,1	-1,-1	-1,-1	-1,-1	-1,-1	-1,-1	1,1	-1,-1	
1,1	1,1	1,1	-1,-1	1,-1	1,1	-1,1	1,-1	1,1	-1,-1	1,-1	
-1,1	1,-1	-1,1	1,-1	1,1	-1,1	1,-1	-1,1	-1,1	1,-1	1,1	

10 3 7 8 
6 4 1 10 
0 3 4 5 
0 6 4 9 
4 5 3 10 
9 4 0 10 
1 7 3 4 
5 1 6 10 
10 5 6 2 
10 8 7 3 
5 1 0 2 
2 4 1 8 
10 3 0 1 
6 10 0 7 
7 10 9 3 


17052300760600270 30126240640962189 15897035773301130 27913263560413460 13473783494532827 12645582400223078 14456921510079454 12169332154878606 29337051912575033 32462150062960859 34993240116364613 
32644264853393019 20446195876992872 23139782780263623 22784751017159578 32945192512813080 17611709446915339 31207386803042303 19772567739612927 26824222157627595 26840694344252769 30832776333568252 
33643890370146434 18717006882099502 1967881244692327 31414057064237141 33192344228309372 2183325549553468 24515831038552485 1044800561271964 29134260398646649 18933586737113893 766162952018137 
980445984142648 11729951366896687 32470542860641337 27220695792238003 3419220132428036 3799056791869125 20933964698389671 5327524762057274 4879101879357988 1557190387551247 11054337802305492 

8190312869300296 24683193842632232 1655437283479916 21286426769652285 14947544424927809 19179698940775253 3978864797913171 1174220952939232 9282688942849438 10944964578088170 32950460595246846 
28459443093317696 30426061704789646 30822428707181837 5144920609584288 17058407872771593 35668805418206260 11679569882452327 25128464641918972 4680526747771587 5649533620790350 20047974891120579 
32457334508371472 7810198850056243 6145419394146599 22830449165091673 21068192650759735 10333831365904844 5917596562337331 31488118953377383 18372395208479292 11166018820157326 17797948533406636 
24240471521785775 17198739614311001 26818115989975138 1215756238737845 33520832673207743 9120466510401607 15966253365928732 9773947747025793 27286129586260124 15603039310515439 6852074664763010 

10225140009237318 23359701900759970 11801032452117102 25845260999415686 26914842428011176 5621379347028031 28867193058122039 10103785228798216 18429646248848184 14912548714532358 9893543667178814 
29446418527882611 10608823236594199 16523387250818485 2682941500437029 17407969636418309 24924383445529551 23423621217792119 2423510648238825 31495190266205472 20856514806477841 2994637170155793 
5294737500593880 14312666475762245 7093325842627384 2237833501811217 5160290627377053 34039165988444716 10979752950027955 29021092666365919 34227016095845774 22613998342919637 6846665309412003 
1370853297254385 20832032062450450 22558220254003958 20688319435413524 14971351379548603 3294038894629993 6044881608769256 34329041595003606 2034556297240748 2462702479384163 26477358583194740 

34552359301156430 611964187480944 7783993523650917 28006491819560187 17746581221697945 1828470878923367 10287822912193013 31977967687887343 35041030950301575 32100263781183999 20432103480008947 
1246794821777851 26554219902104500 7077299406763348 28379855938514746 7029960649430501 7605587579432498 2927444070332285 27535042860267542 944419933515242 1429604632749853 771045097536977 
5873730865902694 12848808619293139 4558697630357750 17123749981423758 35565195288452658 34451594707503144 12304353760141443 14538665018304529 19625158884844157 33508765759830102 18052498885629246 
22476406476226583 7962786763949735 17820566757976528 28925516752605391 29388983894941113 19925506492497844 24589433772852245 14101625986876458 24206879788032182 24877741522090941 31776553574211908 

5181953398985760 35858230287521452 17617338898941590 7616274279103432 35226903140442496 323225626654415 9419212249418844 20986506655920347 11225449571936363 14528680104324673 32701618125894007 
30024972093921145 9120875802462514 35303565364232762 10649471435597845 23841016761426099 19099072490545683 26411717619922000 29565642896306249 16076498851815180 6752064481237408 26121757292627549 
9101035177826955 8053317050859668 21604567235994777 14952275466367910 17017713900634801 20251097861572649 21520124133999606 27152112897834245 14843447758990629 12821043736264849 20373671445212068 
33660714667357793 18142002509556700 7563061258510605 15400501314634819 28311676190630426 4635401129401731 10075854697693307 11761361394767710 25910157998515345 10283798032838987 12167368311846613 

1704156420330065 33020766199598329 21806883334654099 24935933124277065 31258056527849347 15786191315729573 13184831665135041 10974100971675951 31308336226125147 12385769353842334 34981754414786216 
25663889309349741 5478342356997077 13754356310072113 15375619335906612 3777969611611640 867773443973590 21987526369360348 10069142821526880 6176938977181521 28411632572946450 33992578707926773 
9257654483477133 23122947811310748 5441420339023083 35524956188944762 9315987256385102 9271223589947237 17869746817260991 21730025841572121 15161958256823962 10903922029692716 34143359137633038 
1367983459029848 29789856072385784 17958526858499423 14427433452784563 20858867152453832 3597429023277995 16165479123367105 10764046481545472 2375664410184257 21316300733520771 2446665603793400 

26403442029132271 2348352300860668 7776845108031915 26612678465476026 18929532495495921 12465185437779960 18618918276841904 23502415827119924 11790128913226626 21743590404871650 22920670823092481 
3257123731345335 30461405402697915 6147227834607272 35237076164719353 10834023151652040 20429383670987721 25436853948298241 28117130913210884 14680458218352082 8759303321535633 35719835355469616 
9440390604769263 9636298382612936 27699124147182934 1514143807223762 26036155667592503 16077032319391419 11923284344703883 29374153533442202 22092216652893678 11345683849336185 31774954031623711 
19801120666435269 35070186835864967 7454482060724791 8061483824413097 17570055291888113 3387927654313503 6222032402660042 31702626555974949 29884073749797221 27014774789954195 16948558244881176 

23417434812623230 18529471318309027 2975436069539291 30738008940720525 19436947015857540 13109539611403111 16983397686934666 13080691748482335 31436843433369449 22664066123532466 18952308682735119 
17631905890647928 18182133974698864 32195822725409207 29697171916838823 24242514524835996 26680263893666089 14515290039860704 10996367176853750 30793327116256137 11742427360266823 7376562098491023 
28306139290849086 18704521677202297 21634440722597291 34832652154208268 17050073157312282 26013536696901408 2449057183666722 14026305694825400 35843301258014545 10085033483188479 17157213412191453 
31105400599221652 30983593132101914 27999711322079278 23799483453815153 15318907080609168 20050430949988998 8682451117540181 24566488519331976 4765722040256312 21185334555082592 11424026298481057 

12362979173750206 7229064582301882 19287046972146313 14413008007596821 24108289493190150 1317013212157417 21062753288091750 16612692628276628 9798498283200845 10182554020479574 32168353114734676 
27056385912246479 16776932640006596 34635521005159954 9990487366051694 28217955423303107 5820210834317621 2741937983164491 18841592788579186 25960252708579645 21567990534801894 5143970821478956 
11392744656816297 32398271807143200 17186374530308076 19625613571347098 3335455473092829 17742979546890378 12389678596669445 4908997555038406 18662343589807268 24241384418192830 1855603630671698 
35869090830557140 7509505134259933 35231966405044714 14150401457012273 35732311244817156 16142690010387512 1470919639929309 16150161103259134 29909131383130951 26327562729187492 7039958536837557 

791911452267957 22696070033131341 29176213981033110 26868086097039872 20473426900548586 9432815789179915 23168377812248829 17760002600921500 4858413321205316 23018250850378858 31062989420139000 
14213642605879385 1259707578666704 19529857643720921 33999731336564917 33285296051436048 21628764313594301 1755626139698966 13085235607708334 22080724329741153 28228676227531594 20597926710381409 
25540400260852481 5829571380412306 33737069383545939 14948886664098923 8045634938412777 20233448116245399 1339280416266697 13665712703174156 31754328923681347 15440100025552834 18112065697994551 
11946077109570516 35313256245122045 11589697099949483 10407882741103159 4756652708605763 12782135907903885 30119926930596171 10308267525734343 22662346142417100 22398883664389040 33865986759167598 

9792001549847226 23898778547654308 20042735077864648 28499529893044499 33266981308874891 35621268924982189 13420271065309583 19428482259331355 9486749890389047 29583585173241192 30664093087077146 
19705506616030593 8376896871467714 25089813839037335 14167247220622643 10316414866646776 3525016816237410 29994879542269190 23648698731172116 10312862853619961 5254444190815917 7236404404719075 
1994590117178577 15269905376211861 7314835016934851 35423871242625101 24648775450117464 5755445609289816 15526126119341287 34724720972252253 23385055185458248 14382260500339506 2667800278117529 
24903215424067153 23603618786278584 20098757269159034 20074485804103749 14734117801300665 20954274210522578 994310201434615 30553966085445015 5118469918144535 25727587095775785 23103941715901977 

15275764831737445 33098702010361219 14308097212276063 24646847226208903 4884388057117577 13630954959030934 12697756574640804 19366788623396261 2866858336611293 28808040333643413 16335525415152608 
31344475607019933 12765288590747004 27465570451838505 14031271046530065 21700635538502634 26422993709575002 21799558751452879 15977173923555407 29372518169627158 14665872257557546 15798857539037760 
5618032699295901 24557628084836108 14722960290286764 375210721920667 10117012448419432 26599514695629569 4651420743811393 9574235403876639 467792183891072 18127195712380825 25329205215386817 
18334484955529731 19799944715219155 14436640202849771 6046230205951655 31244169804892837 26714691463081979 12159761563606711 31276940307054969 21477877715528065 7005713120009025 15113161522825656 

7065285793512346 29035178326342970 14076168887054024 18833691684181356 19226441543317186 33825019120660578 28232089791644125 3714216641575388 20877231522962215 6042869605934074 14521021251647425 
34202252677642609 29638583599346628 29626859877928806 32036935111503098 5003068305733436 10330151948348547 24181389420179823 3864010510865073 29782841175304054 24456374480457058 26378466015103405 
20624638193686994 34611016900834600 2734899398248502 26495088014780322 16853868022871337 19537277873494450 32606588743049965 9075525622207866 15477585322886567 18590505860565315 24459910960419916 
34162453038944588 23651454944595520 3255904443329601 15325852541351872 33772735563312446 30868152944643873 7553946854041716 33033004057927004 18023936440646097 16210444541180569 947042024341601 

30961621343370935 33238183902301820 17781210305082498 21367686248082998 25119016302567674 9142214455269691 12383959837862282 12728660675647592 13709500573327023 8733789920986304 10764950209436877 
32238518894152576 13397822281135960 20256192567380696 3421073906299287 25670505173903561 15113780834915366 33057081535934047 4587985831089647 33182039687078372 32980408197862551 18242529700022546 
28032126458355734 915962900878172 35903986380814071 18762629623648167 18833536895687204 293083711879099 33326340160739350 4641866689251135 7822392779427953 23932792755987070 26443503613083613 
33203671010308951 24574449812195773 3614056449090886 27133696790499361 3599213330184974 14032383063716853 32489728804428296 17034584670823403 12474709170559367 11785941527043539 5111538430991704 

3779569524112362 3706207028426662 35254810109472199 3852009606041437 16569456186967520 1504008933370157 9718370407014174 32652941208478427 5866931356312438 25838564568929588 18404124042898827 
1000134904687646 20349086539441750 18184391355603790 16488886499725361 2392634683878977 21820282738428066 5215699260350332 14936582156740831 1717106014044695 27776494084895975 24891272563581363 
2127543223009375 24877218918978206 21299023733370448 8596702568162579 1604413272011175 11667261372277335 23621839047696809 4352840380765618 8724245018004056 35353945861757077 16401602177988791 
13067200122899302 10144349569278609 1808739284800932 25508368893390013 21167228700128589 26550886642803954 22725538770081764 10122180662429903 33265388499187179 16692365647581793 32036199461572864 


1,1	1,1	1,1	-1,-1	1,-1	1,1	1,1	1,-1	1,-1	-1,1	-1,-1	
1,-1	-1,1	1,-1	1,-1	-1,-1	-1,1	-1,1	1,1	-1,-1	1,1	-1,1	
-1,-1	1,-1	-1,1	1,1	-1,1	-1,-1	-1,-1	-1,-1	-1,1	1,-1	1,-1	
-1,1	-1,-1	-1,-1	-1,1	1,1	1,-1	1,-1	-1,1	1,1	-1,-1	1,1	

-1,1	-1,1	-1,1	-1,1	1,1	-1,1	-1,1	-1,1	1,-1	1,-1	-1,-1	
1,-1	1,-1	1,1	1,-1	1,-1	1,-1	-1,-1	1,-1	-1,-1	-1,-1	-1,1	
1,1	-1,-1	-1,-1	1,1	-1,1	1,1	1,-1	-1,-1	1,1	1,1	1,-1	
-1,-1	1,1	1,-1	-1,-1	-1,-1	-1,-1	1,1	1,1	-1,1	-1,1	1,1	

-1,1	-1,-1	-1,1	1,1	-1,-1	-1,-1	1,-1	-1,1	-1,1	-1,-1	1,-1	
1,1	1,-1	1,-1	1,-1	-1,1	1,1	-1,-1	1,-1	1,-1	1,1	-1,-1	
-1,-1	-1,1	1,1	-1,-1	1,1	1,-1	-1,1	1,1	-1,-1	1,-1	-1,1	
1,-1	1,1	-1,-1	-1,1	1,-1	-1,1	1,1	-1,-1	1,1	-1,1	1,1	

-1,-1	1,-1	-1,-1	-1,-1	1,1	1,1	1,1	-1,1	1,-1	1,1	1,1	
1,1	1,1	1,1	-1,1	-1,1	1,-1	1,-1	1,-1	-1,-1	-1,-1	-1,1	
1,-1	-1,1	-1,1	1,1	1,-1	-1,1	-1,-1	-1,-1	-1,1	1,-1	1,-1	
-1,1	-1,-1	1,-1	1,-1	-1,-1	-1,-1	-1,1	1,1	1,1	-1,1	-1,-1	

1,-1	1,-1	-1,1	1,1	1,1	-1,1	-1,1	1,1	-1,-1	-1,-1	-1,1	
1,1	1,1	1,-1	-1,-1	-1,1	-1,-1	-1,-1	1,-1	1,-1	1,-1	1,-1	
-1,-1	-1,-1	-1,-1	-1,1	-1,-1	1,-1	1,-1	-1,-1	-1,1	1,1	-1,-1	
-1,1	-1,1	1,1	1,-1	1,-1	1,1	1,1	-1,1	1,1	-1,1	1,1	

-1,-1	-1,-1	1,1	1,1	-1,1	1,-1	1,-1	-1,1	-1,1	-1,-1	-1,-1	
-1,1	1,-1	1,-1	1,-1	-1,-1	1,1	-1,-1	-1,-1	1,1	-1,1	1,1	
1,-1	1,1	-1,-1	-1,-1	1,1	-1,1	-1,1	1,1	-1,-1	1,1	1,-1	
1,1	-1,1	-1,1	-1,1	1,-1	-1,-1	1,1	1,-1	1,-1	1,-1	-1,1	

-1,1	-1,1	-1,1	-1,1	1,1	-1,1	1,1	1,1	1,-1	-1,1	-1,1	
1,1	1,1	1,1	1,1	1,-1	1,1	1,-1	-1,1	-1,-1	-1,-1	1,1	
-1,-1	-1,-1	-1,-1	1,-1	-1,1	-1,-1	-1,1	-1,-1	-1,1	1,-1	-1,-1	
1,-1	1,-1	1,-1	-1,-1	-1,-1	1,-1	-1,-1	1,-1	1,1	1,1	1,-1	

1,1	1,-1	-1,-1	-1,1	1,-1	1,1	1,1	1,1	-1,-1	-1,1	1,1	
-1,-1	-1,1	1,1	-1,-1	-1,-1	1,-1	-1,1	-1,1	1,1	1,-1	1,-1	
1,-1	1,1	-1,1	1,-1	-1,1	-1,-1	-1,-1	1,-1	1,-1	-1,-1	-1,1	
-1,1	-1,-1	1,-1	1,1	1,1	-1,1	1,-1	-1,-1	-1,1	1,1	-1,-1	

-1,-1	1,1	-1,-1	1,1	-1,-1	1,-1	-1,-1	-1,1	-1,-1	-1,1	-1,1	
-1,1	-1,-1	-1,1	-1,1	-1,1	-1,-1	1,-1	1,1	1,-1	1,-1	1,-1	
1,-1	1,-1	1,1	1,-1	1,1	-1,1	1,1	-1,-1	1,1	1,1	-1,-1	
1,1	-1,1	1,-1	-1,-1	1,-1	1,1	-1,1	1,-1	-1,1	-1,-1	1,1	

-1,-1	-1,1	-1,1	-1,1	1,1	-1,1	-1,-1	-1,-1	-1,-1	-1,-1	1,1	
1,1	1,1	-1,-1	-1,-1	1,-1	1,1	1,1	1,1	-1,1	-1,1	-1,1	
-1,1	-1,-1	1,-1	1,-1	-1,-1	-1,-1	-1,1	-1,1	1,1	1,1	1,-1	
1,-1	1,-1	1,1	1,1	-1,1	1,-1	1,-1	1,-1	1,-1	1,-1	-1,-1	

-1,-1	1,-1	1,-1	1,-1	1,1	1,1	-1,-1	-1,-1	1,-1	1,1	-1,1	
1,1	-1,1	1,1	-1,-1	1,-1	-1,-1	1,-1	1,-1	1,1	-1,-1	1,-1	
1,-1	-1,-1	-1,1	1,1	-1,1	1,-1	1,1	1,1	-1,1	1,-1	1,1	
-1,1	1,1	-1,-1	-1,1	-1,-1	-1,1	-1,1	-1,1	-1,-1	-1,1	-1,-1	

1,1	-1,-1	-1,-1	1,1	1,1	1,1	1,-1	1,-1	1,-1	1,-1	-1,1	
-1,1	-1,1	1,-1	1,-1	-1,1	-1,-1	-1,-1	-1,-1	-1,-1	-1,-1	-1,-1	
-1,-1	1,-1	-1,1	-1,-1	-1,-1	1,-1	1,1	-1,1	-1,1	1,1	1,1	
1,-1	1,1	1,1	-1,1	1,-1	-1,1	-1,1	1,1	1,1	-1,1	1,-1	

-1,-1	-1,-1	-1,-1	1,1	1,1	-1,1	1,-1	1,-1	1,-1	1,-1	1,1	
1,1	-1,1	1,1	-1,1	-1,1	-1,-1	-1,1	-1,1	-1,1	-1,-1	-1,-1	
-1,1	1,1	1,-1	1,-1	-1,-1	1,-1	-1,-1	-1,-1	-1,-1	1,1	1,-1	
1,-1	1,-1	-1,1	-1,-1	1,-1	1,1	1,1	1,1	1,1	-1,1	-1,1	

-1,-1	-1,1	1,-1	-1,1	1,1	-1,1	-1,-1	-1,-1	1,-1	-1,-1	1,1	
1,1	1,1	-1,-1	1,-1	-1,-1	1,-1	-1,1	-1,1	-1,-1	-1,1	1,-1	
-1,1	1,-1	-1,1	-1,-1	-1,1	1,1	1,1	1,-1	-1,1	1,1	-1,-1	
1,-1	-1,-1	1,1	1,1	1,-1	-1,-1	1,-1	1,1	1,1	1,-1	-1,1	

1,1	1,-1	1,-1	-1,1	-1,1	1,1	1,1	1,-1	-1,1	1,-1	-1,1	
1,-1	-1,-1	-1,-1	1,1	1,1	-1,1	-1,-1	-1,-1	-1,-1	1,1	-1,-1	
-1,1	1,1	1,1	1,-1	-1,-1	1,-1	1,-1	1,1	1,1	-1,1	1,1	
-1,-1	-1,1	-1,1	-1,-1	1,-1	-1,-1	-1,1	-1,1	1,-1	-1,-1	1,-1	

8 7 0 10 
5 6 4 9 
6 9 8 2 
10 6 1 2 
4 10 2 6 
3 6 0 9 
10 8 9 7 
7 8 2 6 
4 7 10 3 
6 8 2 3 
8 9 3 1 
4 9 10 5 
3 6 7 5 
6 5 1 9 
7 8 5 9 


1,-1	1,1	-1,-1	-1,1	
1,-1	1,1	-1,1	-1,-1	
-1,1	1,1	-1,-1	1,-1	
1,1	1,-1	-1,-1	-1,1	
-1,1	1,-1	1,1	-1,-1	
-1,-1	-1,1	1,-1	1,1	
1,-1	-1,1	-1,-1	1,1	
-1,1	-1,-1	1,-1	1,1	
1,1	1,-1	-1,1	-1,-1	
1,1	-1,1	1,-1	-1,-1	
1,-1	1,1	-1,1	-1,-1	
-1,-1	1,-1	-1,1	1,1	
1,1	1,-1	-1,-1	-1,1	
1,1	-1,-1	1,-1	-1,1	
-1,1	1,1	1,-1	-1,-1	


16022274594482674 21758164717807524 32025181531817566 385362522836217 
31544535575845446 25267420420156176 32260826616287075 17632275442143098 
383034408943599 29723416191871484 18450377717027434 11690633678356524 
35822087194942939 35781473414187675 22374814951685125 16111811052865453 
22775122025858641 27061141453014839 7543688525909812 11736120238067583 
33965925007943299 1580442656183853 8943586454595706 31538617760556263 
29273289596530388 32875134227112750 19237711686370228 21802265778066752 
27075419010030243 3114313846220243 33357260542346676 33945096832754615 
31253768765365300 7372066334745412 35573730309229740 7092410525364154 
6511094303845064 23578523298076217 5249624328986428 22142062209131878 
3251727875809567 16070299371921372 27394709120759270 12788482274294930 
24923089170440206 14594524854753655 15481192096148056 1126993526442783 
9355126454471133 255318575535300 5952544267946973 25158873409843931 
32342884465073300 3444887133465635 27029265606730229 24478915822717542 
24721196031865780 25544058600574658 11909470911218683 10026997737455969 

-1	1	1	-1	
-1	1	-1	1	
1	-1	1	-1	
-1	-1	1	1	
-1	1	-1	1	
-1	1	-1	1	
-1	1	-1	1	
1	-1	-1	1	
-1	1	1	-1	
-1	-1	1	1	
1	1	-1	-1	
1	-1	1	-1	
1	-1	1	-1	
1	1	-1	-1	
1	1	-1	-1	

4 0 5 7 
4 0 7 9 
9 2 3 10 
2 6 10 5 
1 8 5 4 
3 5 9 0 
8 2 4 10 
6 9 2 0 
2 8 3 6 
9 0 3 2 
5 2 4 7 
1 10 6 4 
7 9 5 4 
6 1 9 5 
7 1 9 10 

0	14	1	13	2	12	6	8	3	11	5	9	4	10	7	
