793 
928 
55 
793 

653 
713 
222 
695 

1013 
764 
213 
321 

42 
158 
427 
977 

443 
146 
748 
751 

737 
737 
114 
138 

426 
138 
766 
556 

880 
894 
487 
875 

267 
1003 
275 
814 

136 
941 
223 
917 

585 
169 
265 
868 

559 
767 
878 
523 

415 
447 
75 
595 

765 
234 
464 
988 

562 
627 
936 
81 

578 
635 
737 
274 

452 
733 
1012 
886 

710 
144 
585 
943 

385 
42 
562 
682 

602 
350 
449 
642 

138 
810 
130 
816 

697 
567 
913 
437 

594 
217 
456 
965 

645 
774 
234 
54 

902 
500 
787 
738 


-1,-1	
1,-1	
1,1	
-1,1	

-1,-1	
1,-1	
1,1	
-1,1	

-1,1	
1,-1	
-1,-1	
1,1	

-1,-1	
-1,1	
1,-1	
1,1	

-1,1	
1,1	
1,-1	
-1,-1	

-1,-1	
1,1	
1,-1	
-1,1	

-1,1	
-1,-1	
1,-1	
1,1	

-1,1	
-1,-1	
1,1	
1,-1	

1,1	
-1,1	
1,-1	
-1,-1	

-1,1	
1,-1	
-1,-1	
1,1	

1,1	
1,-1	
-1,1	
-1,-1	

-1,1	
1,1	
-1,-1	
1,-1	

1,-1	
-1,-1	
1,1	
-1,1	

1,1	
-1,-1	
1,-1	
-1,1	

1,-1	
-1,1	
-1,-1	
1,1	

1,1	
1,-1	
-1,1	
-1,-1	

1,1	
1,-1	
-1,1	
-1,-1	

-1,1	
1,1	
1,-1	
-1,-1	

-1,-1	
1,1	
1,-1	
-1,1	

-1,-1	
1,1	
1,-1	
-1,1	

-1,-1	
1,1	
1,-1	
-1,1	

-1,-1	
1,1	
-1,1	
1,-1	

-1,-1	
-1,1	
1,-1	
1,1	

1,1	
-1,-1	
1,-1	
-1,1	

-1,1	
-1,-1	
1,1	
1,-1	

0 0 0 0 
0 0 0 0 
0 0 0 0 
0 0 0 0 
0 0 0 0 
0 0 0 0 
0 0 0 0 
0 0 0 0 
0 0 0 0 
0 0 0 0 
0 0 0 0 
0 0 0 0 
0 0 0 0 
0 0 0 0 
0 0 0 0 
0 0 0 0 
0 0 0 0 
0 0 0 0 
0 0 0 0 
0 0 0 0 
0 0 0 0 
0 0 0 0 
0 0 0 0 
0 0 0 0 
0 0 0 0 


429 
446 
270 
671 

842 
602 
249 
976 

961 
568 
634 
695 

374 
109 
577 
646 

520 
492 
595 
670 

362 
936 
337 
983 

249 
413 
399 
491 

200 
123 
536 
292 

939 
258 
609 
542 

983 
377 
144 
212 

814 
99 
644 
210 

170 
862 
319 
274 

112 
52 
261 
298 

796 
681 
248 
247 

817 
398 
925 
348 

355 
776 
655 
423 

263 
601 
407 
350 

1024 
57 
609 
874 

976 
425 
903 
236 

454 
246 
516 
195 

895 
481 
446 
33 

430 
770 
586 
217 

431 
647 
224 
401 

113 
552 
584 
742 

594 
716 
843 
682 


-1,1	
-1,-1	
1,1	
1,-1	

-1,1	
-1,-1	
1,-1	
1,1	

1,-1	
-1,1	
1,1	
-1,-1	

-1,1	
1,-1	
-1,-1	
1,1	

1,1	
1,-1	
-1,1	
-1,-1	

1,-1	
-1,-1	
-1,1	
1,1	

-1,1	
-1,-1	
1,-1	
1,1	

1,1	
-1,-1	
-1,1	
1,-1	

1,1	
1,-1	
-1,1	
-1,-1	

-1,-1	
1,-1	
1,1	
-1,1	

-1,-1	
1,-1	
1,1	
-1,1	

1,-1	
-1,-1	
1,1	
-1,1	

1,-1	
-1,-1	
-1,1	
1,1	

-1,1	
1,1	
1,-1	
-1,-1	

-1,1	
1,1	
1,-1	
-1,-1	

-1,1	
1,1	
-1,-1	
1,-1	

-1,-1	
1,1	
1,-1	
-1,1	

1,-1	
-1,-1	
1,1	
-1,1	

1,1	
1,-1	
-1,-1	
-1,1	

1,1	
-1,1	
-1,-1	
1,-1	

-1,-1	
1,1	
1,-1	
-1,1	

-1,-1	
-1,1	
1,-1	
1,1	

1,1	
-1,1	
-1,-1	
1,-1	

1,-1	
-1,-1	
-1,1	
1,1	

-1,1	
1,1	
-1,-1	
1,-1	

0 0 0 0 
0 0 0 0 
0 0 0 0 
0 0 0 0 
0 0 0 0 
0 0 0 0 
0 0 0 0 
0 0 0 0 
0 0 0 0 
0 0 0 0 
0 0 0 0 
0 0 0 0 
0 0 0 0 
0 0 0 0 
0 0 0 0 
0 0 0 0 
0 0 0 0 
0 0 0 0 
0 0 0 0 
0 0 0 0 
0 0 0 0 
0 0 0 0 
0 0 0 0 
0 0 0 0 
0 0 0 0 


1,1	1,-1	-1,-1	-1,1	
-1,-1	1,-1	-1,1	1,1	
1,1	1,-1	-1,1	-1,-1	
1,-1	1,1	-1,-1	-1,1	
-1,-1	1,1	-1,1	1,-1	
1,1	1,-1	-1,-1	-1,1	
1,-1	1,1	-1,1	-1,-1	
1,1	-1,1	-1,-1	1,-1	
1,1	-1,-1	1,-1	-1,1	
1,1	1,-1	-1,-1	-1,1	
-1,-1	1,-1	1,1	-1,1	
1,-1	-1,-1	-1,1	1,1	
1,-1	-1,1	-1,-1	1,1	
1,1	-1,1	-1,-1	1,-1	
1,1	1,-1	-1,-1	-1,1	
1,1	1,-1	-1,1	-1,-1	
-1,1	1,-1	-1,-1	1,1	
-1,-1	-1,1	1,-1	1,1	
1,-1	1,1	-1,1	-1,-1	
-1,1	-1,-1	1,1	1,-1	
-1,-1	1,1	-1,1	1,-1	
1,-1	-1,1	-1,-1	1,1	
1,1	-1,-1	-1,1	1,-1	
-1,1	-1,-1	1,-1	1,1	
-1,1	1,-1	1,1	-1,-1	


693 984 778 550 
757 343 513 375 
911 705 85 685 
364 538 1017 260 
955 153 108 283 
704 444 755 47 
892 339 1004 976 
771 884 1010 710 
872 540 55 933 
152 302 958 173 
741 711 87 805 
52 330 504 971 
461 564 91 389 
813 435 593 595 
169 49 174 690 
209 619 328 482 
182 827 40 53 
290 1006 637 115 
924 1022 679 756 
467 1012 676 465 
1021 731 101 487 
555 805 840 109 
935 1005 909 623 
44 823 859 1000 
718 47 846 399 

1	-1	1	-1	
1	-1	-1	1	
-1	-1	1	1	
-1	-1	1	1	
-1	-1	1	1	
1	-1	1	-1	
1	1	-1	-1	
1	-1	1	-1	
-1	-1	1	1	
-1	1	-1	1	
-1	1	-1	1	
1	1	-1	-1	
1	1	-1	-1	
-1	1	-1	1	
1	-1	1	-1	
1	1	-1	-1	
1	-1	1	-1	
1	1	-1	-1	
1	-1	-1	1	
1	1	-1	-1	
-1	-1	1	1	
1	-1	-1	1	
1	-1	1	-1	
1	-1	-1	1	
-1	-1	1	1	

0 0 0 0 
0 0 0 0 
0 0 0 0 
0 0 0 0 
0 0 0 0 
0 0 0 0 
0 0 0 0 
0 0 0 0 
0 0 0 0 
0 0 0 0 
0 0 0 0 
0 0 0 0 
0 0 0 0 
0 0 0 0 
0 0 0 0 
0 0 0 0 
0 0 0 0 
0 0 0 0 
0 0 0 0 
0 0 0 0 
0 0 0 0 
0 0 0 0 
0 0 0 0 
0 0 0 0 
0 0 0 0 

7	17	10	14	11	13	3	21	8	16	2	22	9	15	0	24	1	23	4	20	5	19	6	18	12	
