3472559024492166 5459284736679566 3003364864029017 32835980347381047 20012957812835722 28363084499460951 26071098844126889 22247911976701764 23142596589856489 12983306795836220 2700588813643068 
35033718217924551 3056953782606227 16935672087454516 876575825572731 9831399148162264 23033008044331258 24556921553016047 26712363164177645 33617361570093987 9780135493722735 21331618609896362 
5889131028323030 34232248897004624 2326195401159693 30501030815419338 33153145411851764 12907102100745678 20557958107507837 24220046402823812 9398402426583229 10178621310555068 26884920440001487 
31292316752662899 7725343547322584 13363012280181276 24428880459215075 19653982537289654 20910658160129626 33039673255152650 26918230167312019 16715562110144973 19062234987775364 22199317239523059 

10342185436718923 20551718080531396 16524251592182455 24875669476242360 8257722086479915 15416751014220517 32871907036178660 4325857803975645 20036286878110266 29288063652331369 27249026916814713 
18560581883667250 5442738083508204 17491131316246711 34457270310295640 18058985147427077 6743013711454695 32973923473664983 1928720776697202 20190747487958938 7757632722507923 27970331676553828 
917095480838134 18724939595245798 11986672245401035 34617864578381053 25146919921095034 20340479068288337 28728736798961661 6291517576781208 2857911437672254 27249268109607758 28223323290560373 
30365173648281380 35916083522684417 11444683502100478 10617356579353621 16919551645536655 15069455602859495 11551379276872961 15170348150135441 8288590465449905 35527546642586862 18429824123143214 

34026733490339718 29598849706028716 9221206524762557 23761317558378417 16251541222868286 7146226930219262 33292010657507267 21635569746847860 5431938016554109 24205613617322023 22262367395000287 
27835305180125844 16493195564524810 25377645977234063 14197521525561028 14057531770132825 32186488270971918 17230030866285648 20825083031286339 35559781244988489 10907087367151761 24784309109158065 
35249429184802843 7567188773372405 34109188056519146 18660076849215744 32609571714557276 23422591998542317 31104131225269718 32575522170436235 6485077285912386 16676244891849682 35167989398156770 
7490722120504738 30749431560411613 28296866657082819 33155142689958148 20530619066882741 26719361260002564 31185067938736428 24042222576902216 18516985408826544 22469923492956051 4054555321761474 

8012883979032542 32553391679256256 8085124131089253 11277707853826117 7867288079277791 27991392347085398 4722621925799015 19350361974482152 22170246971562281 7005524445927436 20578386705105292 
31265550938724369 18767444762039093 31027030887278769 29705394064203679 27156613741167009 23018912438725284 7278379058527151 16439967936915069 21018926212976798 4398562856339989 26739620770678312 
4597820658431762 23802250061189855 4384292370891195 6203585464958100 10783925276767356 5297791179112847 5350681924469992 28785472847872515 34192516317368815 11832578588290350 1127297356906993 
15816663720554014 7378494801176453 16643326635487223 28410050229597079 8690044192705090 6326462331559934 3336051969113833 27209352246967498 35825344297224968 12309534494241433 7626765155140771 

5472661136825515 14980110815156067 17192521494946773 9358836425082472 573033311134623 28379015165516909 6891240546987893 23852596944925055 30060663818437327 2085383897596618 24057127576469541 
7257277042990189 31322146128375110 893198725318979 6022233131909817 31372033078620470 15232797319537470 25746407617683155 22924786767642252 21082899499805418 21788538703577249 1620601656975029 
25242512756933757 24997002446036333 21958653130646550 16153057974014211 1786633305140077 5822615891008378 23721987485457791 31681695952226988 6402701390603023 22773723297759355 31286737882323468 
15980710595908209 29873383503450871 5833308312572198 1690829840370637 27801352494376250 12509153456876020 35525166058081611 11462502667972046 12713613905426783 18571439284014492 388654979111626 

32125811852426565 17020570353923455 25633687567345238 35138483390271276 35392097874697146 342896000434524 30303179558079053 605524236567077 34074430462580559 7820298331943614 25401510948929037 
24881251304859586 25644067158694479 7574737766276530 32877952507609998 3783135175066587 29203402583225083 5366350665283776 5830214980769886 9335020928930921 27463766739969842 20122436605964527 
4631041482105851 22034186992685298 10457619123640949 33699657319865279 20413765973246423 3721865778771914 11058567554173424 4560668102861964 23346434475827753 4821473775027497 33837689891749919 
22992893679218996 17011349076150899 25232327497023328 2264219289101717 25658123677307030 10205245163844752 11457141743446449 6046188631371492 651490995412695 1743483950524535 14601570188577926 

4212800637008721 18293304602900315 721765215468586 12506682527182067 25764326364281269 21903525649126813 34754849581797992 25575913436233790 33169263177667205 15583261227332929 32418397933915253 
8910931305791548 19642305314362139 881478088921359 30731513962292090 20369596251758224 12810825215443233 1437389504742395 19757454184654311 13183936601136893 28109881707662571 35053332713279485 
16399670006320684 27453163046594491 12640425071760742 25342795723083761 3709858781468972 18498730462963060 8874065237109751 19591911907184027 5297852238776206 35452617281714609 12647804032222623 
34308662345474937 10920925983522531 27502504612451932 34251129386082185 709259831541667 33410318825287817 4519480244658640 5874669870644395 29490512350897526 34204782781903854 12196641169899477 

11478048265519834 34806591244111544 19960333242827130 12307437701316656 32457001320668924 33420605256458419 4462747251458352 30028545755076512 35903126288934257 4207466635039145 34942258900156560 
22776224209757994 32749811326337269 22722704572859533 2877052161201940 29811347869360396 19519754030626831 179004424231900 17119835363665941 16104157147360456 34735922385336525 24125596251843037 
21410267125824248 1890310919797322 3988987741242434 18080894435040151 11305026439530744 16152161324641220 2711945069369869 8672032910011233 15405486445548503 12022946460691556 17876521752088134 
27892626072374101 15859474306618072 14694427338175371 16083055561488583 33550741370291608 28884453604602865 20490569898409295 32752047558612824 25285926298032894 4256556364356103 26298361436393429 

14457189791166294 17941671584583674 9544041710786011 5994136474456025 16432583481045929 10728665514517493 32765549482538934 2825637612203168 24758410605022373 3619907065936969 18928946108077617 
10461034253695762 16080657466978577 19080270333083837 6443711507269829 11311430904435073 29452481137899981 8840148658360281 16059872867634186 7723380103366550 24861396919054671 13185670560338718 
30157349389722055 23226086136824940 14119388458833931 12527920600141845 14866241890835406 16630793432088967 24909199924488754 15029379144485366 7458560086966395 5386372477338689 13691719511438201 
19335138857518939 22244674253424412 23193664492632986 33510433437544900 6929779263272225 29971030760750263 35497975591816397 30767695959360032 32588337074348382 9240353181197971 8251972107241270 

15606149040381573 13462885266107884 7550030547708627 32286672649941888 1061841782538880 13239405243494323 9450554786158607 11666096816018650 21761035156330447 23516986279845881 2515148300942995 
10093937802899473 35665651522366537 32341154647268382 5090566224133798 3929722642046996 1531376087455115 26495486865075350 18187055247895167 24863294572402704 31472495688865510 25248931415283015 
15139928436645628 27871455616768596 19373247944900921 31396166480638710 30308733418845900 11567717837604354 7607344019881086 35540866015664352 25229020058500981 34386383206137284 427140363962972 
27104178716368700 13889818091096377 20100182438755867 7987878463095145 15739965968065521 32281127081837597 8223009565183705 9289880693889919 11499246915128877 35380592093745930 22225887493043918 

3018391695710741 23263726408826090 23319585883448453 14385715121500030 10869510572221272 1931538943851911 21535610728641692 18099890130217108 35070967829834630 4031012211049583 32139062888181338 
2921919084055203 16961574832096577 7293598969533369 12808121120301446 34510003586532079 25493779761497977 19263763307900296 21767148095152478 16919271137190242 28025714460176837 11728995595429055 
31145225051947465 17343187492421306 10674345636620061 18020431643306073 17912103071422557 11987486380739638 15969327845019796 27258721751599185 692482252415385 30171183368585275 27115893528544890 
11332318687444377 24443003400994540 2670825993895684 5213081325048597 19165028382180333 12123372965311972 35850841039601633 11356140833095320 26150900495855806 35285682417530187 6712008148670471 

10712996373946983 11717492151205817 6463700137012483 33493095101407831 21212492193070612 3474245447872066 17482503194510468 16458267364721917 5028859707698757 950236562148878 2740284117253292 
3304253097367213 21916697974494648 4457919522553921 34334376931333866 18188900868333309 24660539316683347 5614669057084349 1058391654623102 6186228207390355 32494811322545784 29749646078111832 
9529364461486245 10563699906685075 4989567525863321 15466905605319897 4312712644997335 33574776734220382 32879557369997371 8355014810098742 7926650855480907 6759699864931308 26572981888553633 
28806683343643093 8822686154896014 26720089027132444 2395898736106309 9056619045776344 6402737505606042 7589899007130574 11407082249204760 7085427133273211 17267217055773050 29849128112234388 

22162072148581770 5940170110915992 14784486117366540 30570113491598125 6376784954375450 23217970206117816 4684035362224073 8719770708551887 34063562658600913 15241605305703095 28875465763284064 
22027651990246623 30740525392698501 5339832824837801 20563519042823558 10116476905903842 12289675950516456 46454678384658 32958103516699477 5351999149092593 27120919102091508 5904079850524977 
3252263298266646 6019692078332275 26428965414136980 14222037582044468 14656251489484663 16876622990729098 28568272898701675 1910734276224111 7476518778861117 9615003401573177 29841846209145929 
6519091526291027 23852630782505678 27299005007219993 6230741727383855 29258600612434338 22470001060729742 3899378284103565 9240294958013760 7218008598300709 10853148599473286 10514529098606365 

15211069166494408 26470742425345237 27216878303927309 7693023799566946 29915809492104193 18763094042065926 27870394842564051 12615834598312946 31631289963986115 11419107992201909 12488515449469229 
9633861233167501 24412043613527540 18241810773751830 31758255618552079 31571138194328212 8405547547754721 6518621111459359 36022433336045432 26582570290274448 29532768300482465 2913385708503625 
849728232360368 24432407722835282 8294750528070924 28378142413961387 3621610935252076 23750985971741077 28046124300254122 12598251681730623 35403280461751440 33222880866430326 25960904067136883 
14226714973484886 14975153447219452 18580819492961581 26741369949862009 1883603558806413 35383542447156903 25813443628815509 31956931153404113 33134859624702089 19661091175443448 34162316943517101 

12143217572718166 7250427050149728 5789338520606711 19608592881946479 5743671996211115 7141342897602284 19563695270146013 10792133662546999 24343061689994104 20733073578564889 30281835432938046 
18755962733913548 15144807526954928 11281615122375037 11093955171656599 28864490529316124 5073188454074138 18456665750353932 24202927174626734 20065350313331111 270611530034521 22945252420144286 
13593345340834473 15932412921996193 3155013672153468 21923290235229269 20804000348594473 25522381916535990 25078395012364779 3265982262032154 11093506731974078 27182824966266389 10684420951354215 
32757357749535902 3749820898450299 17621040302435533 15890856897530562 12430968622599162 30486049747178971 14791938485955087 23249565659311845 2771907010488104 15755694711159055 3647898313185455 

23324842045860512 32174647204583784 7052747316647654 31787404824747557 34249384146693743 33992373194189389 6308788191994646 11181347174587149 28555182674619706 33215123295704857 10609804230937997 
10749135524362981 23883470549677218 31124531369519001 35741590890584909 11260613969691334 29851933954946611 7785452341317416 8227521046519520 16925669191763305 11005048580497409 1324215696057796 
15337949437104300 27953365271563186 23953748157993243 13922902011584046 838064595809030 365619248200299 27239361068487887 24562934789850654 23787541173319059 16355718454698250 15571542398416380 
35806084378602654 17691881508369209 326679970278017 12574880822092692 27964846492492387 25163281865268479 32315490453767205 3695558949705978 28555285926107221 7060903006236802 14783710845876786 

7788145813489793 25672903418748139 32768359868635630 13956641829659549 10228948781321481 28929953875282473 21554863571723117 30755951900720044 24766686709321014 3284937989871321 25800074534466899 
4323642573987520 33604413967742281 27424082542054747 12115324861191804 13451442522219676 6018405785942201 3564123372560690 1516108834996181 30101061597160090 13173268648424229 27368361022148483 
27156630067278788 25646783256743257 32718941028467957 1926606870719376 16905843956288030 21707912358109004 35417573037450768 8119423945905348 9504307776088366 30696132339514177 25383622142075882 
6751269552693800 16303024881080340 33416700247576632 23800460080294176 12895480347423605 34534040317585964 14135125264408240 26079704459168441 13372851263572760 23527079479084146 11746627951166331 

5439613405007802 28577218060704076 15883818161416373 29456660163836197 7396644658236003 26612994104478690 23178843274624259 10380717804490375 9671026243854492 15144225485262478 6073229829660592 
13947422451347908 7501134698995134 29546934155220994 4217735228505091 23066469368188106 34056786956026258 211287966845189 35665810716516421 23751339956877154 4313830524188527 13427652999070418 
11555702512357821 17588638509292459 22321923603083383 29926961686245976 29295731123445497 24375262009438649 13026884870723190 35664130058146569 11682244252383842 13964614179513825 15545482754170026 
18590429053135833 2348368951981970 14044383232126898 26423238312944000 34881721908057172 16300811320346371 4449970050221300 17598799390193915 20753420833733433 4411024921215093 17551539660748532 

15667455408110885 22110669838823494 5715758138692883 11606207545830311 22657912259552178 31897669647415840 194409525264490 7309843081568308 8267045646049580 15639496212838319 11706055971807430 
17529060153891861 20172155149966014 27001912597557409 7267894570667066 22646127452395262 34560706244505718 13563187308906892 33482789031418340 12987436478855658 1055159703461568 19804177586060867 
13752436210371785 11485686785372152 35196303090596207 19249140747124658 21064469937812575 33705644332683440 23085029056849429 11931658583156934 735923669042016 12439664229710845 6961462152805217 
14231135774320696 34498601139595082 28810431922271344 35151417669278889 728027027440592 12820597545112687 1525202998136168 21328597052634662 28865408314242375 8561257546868369 31045187077817929 

19081245969964116 14396151539258902 15302636432726607 19362238668703420 28876298570309759 29021748325988375 19252432183362629 3192034789790302 17562611919158966 35187077067851697 17888094345094770 
24196911660609257 1486711155597654 8334547987000867 24187955285352750 12158628308944047 10307190102190652 27847064508713760 28697012118171504 9223009226712096 26278965380566792 9101197856585094 
1324737761063861 27966105299564831 33605437323815301 30422146471872157 26305914305060448 17829320224615187 28425616556061128 19359714086397077 4672421317620573 1558223268541759 11784614614688062 
11951622832646166 30283390556219780 11520291112753071 27899477062825813 27542683039945018 16053715948603288 11736280539005240 10805434232732684 26573788133299548 15094137020972769 9762095222321442 

16313004026914247 25210123491044495 17801247038566570 17960587459207162 12366128088358730 7152326780987183 1167598583285949 10305869846130293 15679226661790138 4208949668302792 28237876410485685 
25014039910160179 27634063617472913 20664735653491996 24165168925703414 24943868800258767 13934254408877820 10484913999157079 5377066089082703 12053649829744262 30876227895914676 9583326093671666 
20229652815957094 1366989267842243 3831909568388056 34371585091519202 8082812014367168 8137313477123280 24312511344252252 12572816861213836 15867201132243938 6533336537050992 14887093466996239 
4902280260666832 21452811497667305 25656054845926360 31488836657205318 225802877595584 28798902762833534 31456863039449698 11989434559910085 9812787989485699 1901665384977162 12684268724785405 

29557043284388523 21280196078407825 543568762902778 10830087581329636 1219854563865040 9170557158926871 23251637795329129 17719027780687286 12952220243979162 28524294733142125 5843676822513798 
18225943397408284 13616525737579900 8347933452529711 14976050746146758 28603013482615029 26543134436803858 11006891874696803 8856534605522314 22420160404595714 13026482078848122 27829216973931052 
23285735260107649 556600579806421 21732448745503321 23771344455775835 11881168805642877 9994418415918207 15935334215113195 30980916367870380 12882543323100116 18808952564278173 20294642738860218 
25452182244692120 7037759437461048 31606395875597389 33064201754216044 17702662779639732 14818036680701686 12334164906141420 21242329567788034 29432665134824295 2555029703866561 6154958094100665 

31360902106302067 8191376664240687 22112810328013952 7749021122945764 32617097583907635 18717138325018316 25390229111964318 17450652175597545 4051380128643815 1609691138895950 3968771330331427 
13649219528063078 34687205449901674 23797335413493074 8882866770626284 23656501128383599 12841964191469183 3171060239170447 4715196833374396 5850950867121395 17559865622509390 2298980672702003 
5317754447355020 28930327331226153 27383868412208501 31775812933661045 2481510205254505 16059477124124263 8934077046490916 22182132398679972 23868629680945213 18140875523924544 28515406016494473 
30492493836347966 1356058235576658 18407974022967663 1141404439911119 14450565854865098 33064582526965197 33668904780694972 27902279784353009 9644632226112852 35323467168384097 10123448455819556 

31368842932301377 27244102602233201 32980561003102403 20804158734804538 18459806665883815 23738858040620550 6506224982466397 18636982007617260 32494781492704484 33199420029775842 33096410686611332 
26108209088091987 4565745024472575 9531368278590669 27122554336789826 4404149915558892 7834474020934885 1292555522968721 1492805699292162 22296122971035440 2588509898714940 19329735213777718 
569398173768350 8061821833375492 14473708823121666 16803428975307392 13506631775652127 20958708378035084 32038760477254547 26821926520629467 19972329626936736 1789214693347622 33010742378697986 
17772517696335896 30167886371473958 5283470785134012 24772127546189996 15514892643499855 26710978785658872 13920497644875554 19017629931624245 19418908673643956 15857137428759308 34506391788023905 

627089278128976 18139990771140769 22422732573620907 8701614234306140 11289833879097601 8952029147193347 20319244511369796 21922940964513517 23291749863081692 33076134229765227 2134686783084461 
9103932162842344 32137524055518803 21478655703117543 7814950127265439 21040941609529522 1044280820588736 12399264018331736 7268604120267386 11357040841862274 30593974761183853 1812154688785454 
6754550875117392 27178404608684921 31995161468895784 24065526453726998 17019038929663420 14218630190040896 26560149055677048 26793882117506890 5276106776884504 32726955015497821 27565211703110111 
5036265574019985 33019887275612497 528169041033351 16199327655867480 27892784981351096 35468583338563055 13296763534278170 30235805344557762 4286346795150819 23801591932409159 4399143539693475 


-1,-1	1,-1	-1,-1	1,-1	1,1	-1,-1	-1,-1	-1,-1	1,1	-1,-1	1,-1	
1,-1	-1,1	1,1	-1,-1	-1,1	-1,1	1,-1	-1,1	-1,1	1,1	-1,1	
-1,1	1,1	1,-1	1,1	1,-1	1,1	-1,1	1,1	-1,-1	1,-1	-1,-1	
1,1	-1,-1	-1,1	-1,1	-1,-1	1,-1	1,1	1,-1	1,-1	-1,1	1,1	

1,1	1,-1	-1,-1	1,1	1,1	-1,1	1,1	-1,1	-1,1	-1,1	-1,1	
-1,1	1,1	1,1	-1,1	1,-1	1,1	1,-1	1,1	1,-1	-1,-1	1,-1	
1,-1	-1,1	1,-1	1,-1	-1,1	-1,-1	-1,1	1,-1	1,1	1,-1	-1,-1	
-1,-1	-1,-1	-1,1	-1,-1	-1,-1	1,-1	-1,-1	-1,-1	-1,-1	1,1	1,1	

1,-1	1,-1	-1,1	-1,1	1,-1	-1,-1	1,-1	1,-1	1,1	1,1	1,-1	
-1,1	-1,-1	1,1	1,1	-1,-1	1,1	-1,1	-1,1	1,-1	-1,1	1,1	
1,1	1,1	-1,-1	-1,-1	1,1	-1,1	1,1	1,1	-1,-1	-1,-1	-1,-1	
-1,-1	-1,1	1,-1	1,-1	-1,1	1,-1	-1,-1	-1,-1	-1,1	1,-1	-1,1	

-1,-1	-1,1	-1,-1	-1,1	1,1	-1,-1	1,1	1,1	-1,1	1,-1	-1,1	
1,1	1,1	1,-1	1,-1	1,-1	1,-1	-1,1	1,-1	1,-1	1,1	1,1	
1,-1	1,-1	1,1	-1,-1	-1,1	1,1	1,-1	-1,-1	-1,-1	-1,1	-1,-1	
-1,1	-1,-1	-1,1	1,1	-1,-1	-1,1	-1,-1	-1,1	1,1	-1,-1	1,-1	

-1,1	-1,1	-1,-1	-1,-1	1,1	-1,-1	-1,1	-1,1	-1,-1	-1,-1	1,-1	
1,-1	1,1	1,1	1,1	1,-1	1,-1	1,-1	1,-1	-1,1	1,1	1,1	
-1,-1	1,-1	-1,1	-1,1	-1,-1	-1,1	1,1	1,1	1,1	1,-1	-1,1	
1,1	-1,-1	1,-1	1,-1	-1,1	1,1	-1,-1	-1,-1	1,-1	-1,1	-1,-1	

1,-1	1,-1	1,1	1,1	-1,1	-1,-1	1,1	-1,-1	-1,-1	-1,1	1,1	
-1,-1	-1,1	-1,1	-1,-1	-1,-1	1,1	-1,1	1,1	1,1	1,1	1,-1	
-1,1	-1,-1	1,-1	-1,1	1,-1	-1,1	1,-1	-1,1	1,-1	-1,-1	-1,-1	
1,1	1,1	-1,-1	1,-1	1,1	1,-1	-1,-1	1,-1	-1,1	1,-1	-1,1	

-1,-1	1,-1	1,-1	1,1	1,1	1,1	1,1	-1,1	-1,1	-1,1	1,1	
-1,1	1,1	1,1	1,-1	-1,-1	1,-1	1,-1	1,-1	1,-1	1,-1	-1,-1	
1,-1	-1,1	-1,-1	-1,1	-1,1	-1,1	-1,-1	1,1	1,1	1,1	-1,1	
1,1	-1,-1	-1,1	-1,-1	1,-1	-1,-1	-1,1	-1,-1	-1,-1	-1,-1	1,-1	

1,1	1,1	-1,-1	1,1	-1,1	1,1	1,1	1,1	1,-1	1,-1	1,1	
-1,-1	-1,-1	-1,1	-1,1	-1,-1	-1,-1	-1,1	-1,-1	-1,1	-1,1	-1,-1	
1,-1	-1,1	1,-1	1,-1	1,1	1,-1	-1,-1	1,-1	1,1	1,1	-1,1	
-1,1	1,-1	1,1	-1,-1	1,-1	-1,1	1,-1	-1,1	-1,-1	-1,-1	1,-1	

1,-1	1,-1	-1,-1	-1,-1	-1,1	-1,1	-1,-1	-1,-1	-1,1	-1,1	1,1	
1,1	-1,1	-1,1	1,-1	1,1	1,1	1,1	-1,1	-1,-1	-1,-1	-1,1	
-1,-1	-1,-1	1,-1	-1,1	-1,-1	-1,-1	-1,1	1,-1	1,1	1,1	-1,-1	
-1,1	1,1	1,1	1,1	1,-1	1,-1	1,-1	1,1	1,-1	1,-1	1,-1	

1,-1	-1,1	-1,1	-1,1	1,-1	1,1	1,1	1,-1	-1,1	-1,-1	-1,-1	
-1,1	-1,-1	-1,-1	-1,-1	-1,1	-1,-1	1,-1	-1,1	-1,-1	1,-1	1,-1	
1,1	1,-1	1,1	1,1	1,1	1,-1	-1,-1	-1,-1	1,-1	-1,1	-1,1	
-1,-1	1,1	1,-1	1,-1	-1,-1	-1,1	-1,1	1,1	1,1	1,1	1,1	

-1,1	-1,1	-1,-1	-1,-1	1,-1	1,-1	1,-1	1,1	-1,1	1,-1	-1,1	
1,1	1,1	1,1	1,1	-1,-1	-1,-1	-1,-1	-1,-1	-1,-1	-1,-1	-1,-1	
-1,-1	1,-1	-1,1	1,-1	1,1	-1,1	1,1	-1,1	1,-1	-1,1	1,-1	
1,-1	-1,-1	1,-1	-1,1	-1,1	1,1	-1,1	1,-1	1,1	1,1	1,1	

-1,1	1,1	1,1	1,-1	1,1	1,1	1,1	-1,1	1,-1	1,-1	-1,-1	
-1,-1	-1,-1	1,-1	-1,-1	-1,-1	-1,-1	-1,-1	1,1	1,1	1,1	-1,1	
1,1	1,-1	-1,1	1,1	-1,1	1,-1	1,-1	1,-1	-1,-1	-1,-1	1,-1	
1,-1	-1,1	-1,-1	-1,1	1,-1	-1,1	-1,1	-1,-1	-1,1	-1,1	1,1	

1,1	1,1	1,1	1,1	-1,-1	-1,1	1,1	1,-1	1,-1	1,-1	1,-1	
1,-1	1,-1	-1,1	1,-1	1,-1	1,-1	-1,-1	-1,-1	-1,-1	-1,-1	-1,-1	
-1,1	-1,1	1,-1	-1,-1	-1,1	1,1	1,-1	1,1	1,1	1,1	1,1	
-1,-1	-1,-1	-1,-1	-1,1	1,1	-1,-1	-1,1	-1,1	-1,1	-1,1	-1,1	

-1,1	-1,1	-1,1	-1,1	1,-1	1,-1	-1,1	1,-1	1,1	-1,1	1,1	
-1,-1	-1,-1	-1,-1	1,1	1,1	-1,-1	-1,-1	-1,1	-1,-1	-1,-1	1,-1	
1,-1	1,-1	1,1	1,-1	-1,-1	1,1	1,-1	1,1	1,-1	1,-1	-1,-1	
1,1	1,1	1,-1	-1,-1	-1,1	-1,1	1,1	-1,-1	-1,1	1,1	-1,1	

-1,-1	-1,-1	-1,-1	-1,-1	1,1	1,1	-1,1	-1,1	1,1	1,1	1,1	
-1,1	1,-1	1,-1	1,-1	-1,1	-1,-1	1,1	1,-1	-1,-1	-1,1	-1,-1	
1,1	1,1	-1,1	-1,1	-1,-1	1,-1	-1,-1	1,1	-1,1	-1,-1	-1,1	
1,-1	-1,1	1,1	1,1	1,-1	-1,1	1,-1	-1,-1	1,-1	1,-1	1,-1	

1,1	-1,-1	-1,-1	1,-1	1,1	-1,1	-1,1	1,1	1,1	-1,1	-1,-1	
-1,-1	1,-1	-1,1	1,1	-1,1	1,-1	-1,-1	-1,-1	1,-1	1,1	1,-1	
-1,1	-1,1	1,1	-1,-1	-1,-1	1,1	1,-1	-1,1	-1,1	-1,-1	-1,1	
1,-1	1,1	1,-1	-1,1	1,-1	-1,-1	1,1	1,-1	-1,-1	1,-1	1,1	

1,-1	1,1	-1,-1	1,-1	1,1	-1,1	-1,1	-1,-1	-1,-1	-1,1	-1,1	
-1,-1	-1,-1	1,-1	1,1	-1,-1	-1,-1	-1,-1	1,-1	1,-1	1,1	1,1	
1,1	-1,1	-1,1	-1,-1	1,-1	1,-1	1,-1	1,1	-1,1	-1,-1	-1,-1	
-1,1	1,-1	1,1	-1,1	-1,1	1,1	1,1	-1,1	1,1	1,-1	1,-1	

1,-1	-1,-1	1,-1	1,-1	-1,-1	-1,-1	-1,-1	-1,1	-1,1	-1,1	-1,-1	
1,1	1,1	-1,1	-1,1	1,1	-1,1	1,1	1,1	-1,-1	1,1	1,1	
-1,1	1,-1	1,1	1,1	1,-1	1,1	-1,1	1,-1	1,-1	-1,-1	1,-1	
-1,-1	-1,1	-1,-1	-1,-1	-1,1	1,-1	1,-1	-1,-1	1,1	1,-1	-1,1	

1,-1	1,1	1,-1	-1,1	-1,1	1,-1	1,-1	-1,-1	-1,1	1,1	1,1	
-1,1	-1,1	-1,-1	1,1	-1,-1	1,1	-1,-1	1,1	-1,-1	1,-1	1,-1	
-1,-1	1,-1	-1,1	1,-1	1,1	-1,1	1,1	1,-1	1,1	-1,-1	-1,-1	
1,1	-1,-1	1,1	-1,-1	1,-1	-1,-1	-1,1	-1,1	1,-1	-1,1	-1,1	

1,-1	1,-1	-1,-1	-1,1	-1,-1	-1,-1	-1,-1	1,1	1,-1	1,1	-1,-1	
-1,1	1,1	1,-1	1,1	1,1	1,1	1,-1	1,-1	-1,1	-1,1	-1,1	
-1,-1	-1,1	1,1	-1,-1	-1,1	-1,1	1,1	-1,1	-1,-1	1,-1	1,1	
1,1	-1,-1	-1,1	1,-1	1,-1	1,-1	-1,1	-1,-1	1,1	-1,-1	1,-1	

-1,-1	-1,-1	1,1	-1,-1	1,-1	1,-1	1,1	1,1	1,1	1,1	-1,-1	
1,1	-1,1	1,-1	-1,1	-1,1	-1,1	-1,-1	-1,1	-1,1	1,-1	-1,1	
1,-1	1,-1	-1,-1	1,-1	-1,-1	1,1	-1,1	1,-1	1,-1	-1,1	1,-1	
-1,1	1,1	-1,1	1,1	1,1	-1,-1	1,-1	-1,-1	-1,-1	-1,-1	1,1	

1,1	1,1	1,-1	1,-1	1,1	-1,1	1,1	1,1	-1,1	-1,1	1,-1	
-1,1	-1,-1	-1,-1	-1,-1	1,-1	-1,-1	1,-1	-1,-1	1,-1	1,1	1,1	
1,-1	1,-1	-1,1	-1,1	-1,-1	1,1	-1,1	1,-1	-1,-1	1,-1	-1,-1	
-1,-1	-1,1	1,1	1,1	-1,1	1,-1	-1,-1	-1,1	1,1	-1,-1	-1,1	

-1,-1	-1,-1	-1,-1	1,1	-1,1	-1,1	-1,-1	-1,1	-1,1	-1,1	-1,1	
1,-1	1,1	1,-1	1,-1	1,-1	1,-1	1,-1	1,-1	1,-1	1,1	1,1	
1,1	-1,1	1,1	-1,1	1,1	1,1	1,1	1,1	-1,-1	-1,-1	-1,-1	
-1,1	1,-1	-1,1	-1,-1	-1,-1	-1,-1	-1,1	-1,-1	1,1	1,-1	1,-1	

1,1	1,1	1,1	-1,1	-1,1	1,-1	1,1	1,1	-1,-1	-1,-1	-1,1	
-1,1	1,-1	-1,1	1,-1	1,1	-1,-1	-1,-1	-1,1	-1,1	1,1	-1,-1	
-1,-1	-1,-1	1,-1	-1,-1	-1,-1	-1,1	1,-1	-1,-1	1,1	1,-1	1,1	
1,-1	-1,1	-1,-1	1,1	1,-1	1,1	-1,1	1,-1	1,-1	-1,1	1,-1	

-1,-1	1,-1	-1,-1	1,-1	-1,1	1,-1	1,-1	1,-1	1,1	-1,-1	-1,1	
1,-1	-1,1	-1,1	1,1	-1,-1	-1,1	-1,1	-1,1	-1,1	1,1	-1,-1	
1,1	1,1	1,1	-1,1	1,1	1,1	-1,-1	1,1	-1,-1	-1,1	1,-1	
-1,1	-1,-1	1,-1	-1,-1	1,-1	-1,-1	1,1	-1,-1	1,-1	1,-1	1,1	

5 7 6 2 
5 10 0 4 
9 7 5 0 
9 2 4 1 
2 1 0 9 
10 7 9 6 
9 6 7 2 
4 10 1 7 
10 0 1 9 
5 3 7 9 
9 3 10 6 
8 1 5 9 
10 4 8 0 
3 1 5 7 
4 5 1 6 
9 0 3 6 
2 9 10 5 
0 8 3 1 
5 10 3 1 
3 9 7 1 
9 4 10 1 
4 0 1 10 
2 10 5 8 
0 6 3 4 
1 4 6 7 


25516818062629228 18555398365823938 23786041250919179 14614334895752173 407809393341955 20130577807743642 4334205319288966 20361350015432513 30447863623307101 35245761373691775 18705124584916000 
20363384822162941 13579352395418584 4961781059433833 6374730126125520 22033058809189363 32518682451120520 33883447414262294 1080501638503487 14368088226299557 33808420164054448 1159001304148131 
28101797619868345 32808677327609159 27802329204959545 28739502603153496 26745945656889558 28625238035604057 25131308480567511 5361415134098784 4961290553097247 17550255326451566 24261014640826300 
31399495597389287 4357109485652697 34551229148315715 25683320821822368 16780484990509143 24469155507016353 4985775147977425 21935909611552097 25424685928297735 35214936466812774 35086060434913836 

26132457288576587 29228316097193358 18458035443229613 2932410075087762 24592547298623605 13578491579878807 11815284812853301 30965743449675200 18765474851779279 21568150339229964 34162834211889616 
30416260209207004 10803688302701230 27581084146720803 28608795750309272 30684467864663055 25591217089980057 22350089993462475 33006140598650782 13750744497790010 2224351474819431 12122295647413173 
28749059769571217 24107261268747948 11708169405060971 4383903221797557 17906978202825459 21971567277313322 7188899932335700 30561279335636941 22940494453383449 23879243536109106 32377694971674271 
17607847214835903 12347411243109458 9898173059102941 513148814632032 15123952341244715 21628928684875160 19777986962095766 24959961668397094 21418343025420488 1004852914148947 20120331668293028 

19155061570343776 33640845185929102 15229248425276842 8964085933474594 9055277703360972 30092356013754382 7745188131711859 32857645169712806 24662811297041934 35962095624914183 9761544979417221 
13475685310777371 35848696623820328 16922171629679227 17653532937560196 31860597702779946 31489381681317428 11528909719909798 13181629987539304 2460294791132465 24369715590774570 26655884172627339 
23822318757379075 10106739636634369 34458783959943677 9406033935187962 5245054912287290 3563566332219124 31998300999539031 18940012413391974 28315835134569810 17544853139534299 20327497558207217 
33195321455245793 26178363884755248 12611914301405606 16101592548561657 21669783847507263 14337491844150557 11102379674925040 10333303784881184 24884824308857946 19567139847994443 17907004722530226 

10555453392800602 31883360771779707 12400858633709590 34018851723983624 10135110689125993 6638928493610907 18262168808562631 33693215737521326 21525331290629471 12307145857453175 32067864541422662 
24243573538810789 17411031424914061 27215608955270514 31887595017077508 30561217903447637 15641536413596292 1183125182376222 6003792990299469 3716660263233159 19857842386392672 28717517600064091 
16515379690819306 35646271205018757 13649344527558681 20988817260849480 25504370267197670 22380964415565061 18383362902198005 16585812257109266 8507082836819922 28884423716194320 411409353799853 
29257488414997081 6001734503384650 30007513466333312 21097663094283756 586019006292555 11184904326068309 437019662504503 19386642502489443 20417637711474470 1394855526948964 1337655392547890 

22769522151260125 12015452473152648 6238047643672874 2755500770161134 24547358389312218 11453525373589677 12319723853532606 4911959673627040 22737525691743490 741136568395623 16773961617675945 
7572701378553990 11348384390055298 29423389814976109 20424943336468255 10101061656865344 31392083166171551 32934733808770187 17550199579607206 11170630329059313 26774610050349906 26315114133669849 
1863782781245527 13081591361420721 1835822430785410 7822198036613891 8225860341873001 19414534556279855 5601811972580480 12987951306823575 9714793489392596 13456793207989072 31568341963821746 
24222915550183541 5437008233567855 27324649715906574 32147622653278901 35660985007266101 23626014409246449 29849726079686491 12958209593556525 28138198086745975 31425763932617541 13103756479047155 

25657947135778070 15563941132115891 31249135322113263 15838515581381004 25579303775446097 922663694074655 3575544903619325 11142423778855019 30597984166750837 480018489698670 5344601830371620 
29017618706511626 30007588486812367 19350113845622669 28454017606583056 17884667657706870 20364995232198438 9375726692686513 35073809031783627 13311876068049562 31831058565213274 29404848534321395 
3852715975409811 2224656050052224 27415182194691595 32901660476446134 14738244273463613 18474195596080584 17867986031426850 8575279469380834 3284630008995750 10379293152072440 17597613731339129 
10258421929585149 17692811011527630 29825999207185586 1863848577628787 8514823402574755 30829720388346628 23462309046761243 869526174310801 2677788013626741 7745816681333496 4622915197049434 

7569494631431384 17076366639605023 12456584186505038 11960715040492203 21316582151715780 24580107242774675 29120445300953990 3145705352464865 2632329302209309 15424843617652689 21376179657153582 
29947732203955644 29359502588338744 29658909661047160 20755637685486962 2188716818835418 11062201661106674 21540470755452617 2907496928989336 4033908592260585 23680975456721598 14937054915829219 
20232365385216082 6906697422628685 35122449981628210 26544236988339160 17083330458940863 20443313622192881 33339968617899174 25074646886023902 12900753879151841 9650371381802206 3025124051363618 
22866814016168413 35300002258964872 21406801302269538 32650225909379645 17136475455944418 2997413937395866 16692761326973780 6047615328661991 25656353848551795 7284789938296927 5991357392597758 

9079650886834635 34026930247883245 32333769784726891 24797912348099798 20785607062994000 35215741796027425 22189051889261993 21754020150238427 10012106359859042 31732571321619828 14683147792214663 
15119226155179965 11441667267784928 8350507061554259 3820441170871496 27076816774352588 34901342095392685 17099199470796272 30107399177764489 33399992665779336 15369215395899476 23392672792548462 
16678250532739320 18916882426146606 32373399938805618 14425245736509772 11463373719911090 32001441430419125 29524896856576023 22407637453564042 20050593639770435 20061656895652382 13889456475311841 
6615637298498471 563957365629343 5018977009952389 8335894472967278 10062583409113081 26842018103338372 34358840243918294 11863223499217725 20587256118018000 17277119429224085 28036905081502150 

10141974647362840 10438847787857690 15293950901050787 25066080614220075 12981776508242840 21869418561446505 22903467755019116 28938921506955094 19456549369286765 378048097539477 12327195235669279 
23028642497332556 726271535249205 6969671305232217 28210570878301441 12808923292074427 33562911969366790 31361999744153709 9226904186120134 12411113227230902 16378275655619264 15176534757336505 
17483759842146741 5664079589223188 17120937078560334 7545009734883437 10266842075021090 8474458084743216 19798068857376347 30737591017387520 32006788055300587 25371875371208004 34379801389948504 
5752915994472489 7531146715790641 33147701104634945 15580017460507893 24773350174987867 512831021630825 8013392954332764 27313862824279865 18838820600493865 19178077992077238 24125612730034946 

19865648481296976 14861149808653342 1436057058334883 17332247344918283 7837089792762898 28798574521653943 35093100043699367 5019077334825723 28679202836963950 25199729579259227 4524887271633632 
19731776701950812 16599053646299253 18169190022308292 21318571422309421 4727083795193852 16363933062228323 8872183305732340 32616130064995983 35868926944826535 23197853199429148 14436944952437794 
11849668527280682 8220655560503363 12382385105760547 29146611078037798 25784912036463796 534598119790487 14833799390442526 10250346444528600 32935912540143864 22081947082349840 17312092887460945 
27796324007208630 34737450639265217 15280407776562897 11556139670967543 30341327642146493 13079540605424705 21682178183255038 22360304751715111 8449103160307878 3484833005058533 31932713058951946 

28997236639315542 28473428208255279 23651771162720633 34657176436571145 5756874676281148 5437352036435041 18817701353961067 32801165218787197 17973056511699678 693808898107193 17650879775487967 
6584467577594745 25151521942890037 15267562712966890 24211723683483591 17310995229090162 5024533618607953 31031211537085145 27994847232342355 13770704251170050 22904230530013484 3870488639374168 
16649602679064162 26787251233256279 9457660728003917 22911283938442613 22801223378220365 10839506071372775 3287914965308441 128575708473142 16109448221267149 29628595953951743 2767445304635631 
22711363785829970 16607122966258776 25332123959283558 12757944684249236 21584802164424643 25087022900973403 25602525357278097 412584441164669 1409379449126184 22599155858287120 17380811090189001 

17584816039083916 21148372697009932 26865767663913227 13099499723059561 15205992686834968 23623850939465984 25874845406933964 2277329168515220 33289232915623715 23245375273999024 6810854185166053 
13736690233936513 21342487374796647 28005144396334713 13893995858624239 6389953823807954 34844896978789988 16310479934874531 18872348486137577 5788570858910016 17843388314023081 17930084885528774 
18638485489056996 19833456039723603 26694318402049212 13295163617719593 31493070431852293 13558344806208307 20751935726359517 19711020804271811 4904472683840608 33727320184268065 1046212006071790 
33204686620288697 29276642722367345 6596652259245781 25062688082434250 12371545168991103 18706181914988762 22733640589282854 22538902930743475 12110730458548520 19601540137003671 209447428133171 

2560201962931000 32271902466982083 11262507477011278 4953793158141657 16861857274210589 9503940827426482 33594027226730510 32573845217379039 17979223188804516 17470158885910951 23093828179537577 
10866706832515060 24582185046997129 16281113103131157 24039146760014923 25940258924603176 19815215068790008 31906809654405250 24842706259462513 21585145779029195 8169338553462083 7825175288908219 
30927840737404083 1233297023735134 4001975199340440 19017893710781745 17436304815895181 16052042516898481 24466651246726732 30557005163458160 13423159352588764 13015483735353970 4680478967000832 
24630972169120284 12893684403790455 35422504084978153 33850346455803472 20217309346010025 4263205647637944 2819339986842792 29129535255423316 17051347424858241 20572954069468206 8607941619594392 

16987876692100407 22131323638713324 23248322369470226 14951585673899145 16884964333291893 17902621473475415 14221085935827149 33438718872835861 2961411971790595 28628579384402804 21524702232092689 
6133822708278286 33907367057693842 19552548536691286 24790531324830931 5362228557197476 25358066897502200 18937400823807087 33496762178281810 26185577011224028 26973428518028621 4271048502059418 
30058170488300311 4565853330388419 27241269881890867 3071047751976033 29153568286416401 25617961075251976 9878819011156380 19634781478421626 14879550437008823 14945485151412256 23887116802585899 
16457893481505958 18464215859992244 23279976769357871 32279163004645662 17105523992216244 5780472807862017 31055174277122662 4180721841347500 1876825455102744 1123098226002742 22988942616813498 

3035429679676317 14325002965876133 32048114764422471 14936372686286525 21098971586052144 29183517700502609 20609681111492550 7944143059648243 6263114193095325 32266561270405004 15145363610266625 
33049423203960863 27860295392668957 27984985884196937 7793308636387748 26642453990346244 32564301175393790 985164176463382 125608066570038 7751020803166720 4833694859378669 5079469145346143 
5466456401548995 19987123193689550 1085715744865568 9328442446456602 3130230837439716 20567872099006636 23078949697080773 15035885468095963 22568528643572657 25258318019063948 8628418897746411 
12499998739850818 29413729113663814 16718529607268961 32888649385996551 31500606251580801 13183120498108439 22336341924440946 35675257437114696 19259434089044284 10206249844111095 5591015103050734 

33454301359291948 23096838710200226 34640937993587801 14419978483812802 26139261642968515 12505052980296256 3206093508451286 29816630684795138 22716403930084776 7286391021283515 22648030210891524 
10735886486244935 28561455236517759 654908994916977 8896635860889066 8445698789618322 28652784355315028 15414395361576471 22163226226050607 27327218579915161 6701791305111572 11676178254351426 
32134899525982036 10791632681912694 35914740870157122 11223228016439569 19411390694468399 1577136407851231 27604496608320666 12273100713844245 6384085697226262 14374322375948661 31917775940769402 
23909660174887489 9631042239183474 17112051329084699 28192241854071554 20634111131313857 2111866325719413 30683182927871763 21753012000359765 27393991759919966 33194979013225203 24697860865320711 

9688763608545860 33285738915619319 8309567380572113 14319770068668353 11130038707259451 8473893400393960 30521957633497993 24650942507316178 9209761392372025 3020049171548904 6781821680355761 
22368439299097012 30529482199058340 33477322609438295 6269629926161262 18178458905806648 16698797791331863 10784166078812975 12740755598723580 31491322469445580 30753264064581891 4712533735281092 
21933810949153487 5785192315495552 11403398598358314 34291175734354220 22031860644397684 2792069115520020 24656259510511203 7310176021505394 20923223589408769 31918138358877866 27184979623187030 
27953821877364806 23420617255577093 6883336548026487 12793409603411540 15359908658490368 30511822252723845 16690349431442676 11967071470759939 6651345278685004 11442599183910628 5096764453400670 

3827204674181044 1933908151252237 2572827756353526 22090078047567864 2392570660782453 31134106880556659 3300611901086400 23612202066393934 29118350123815173 23041555047985461 13875274229898820 
4953181901197398 30129313275071789 20459633976156995 16225754975667613 24565063108164251 21896739566977523 3783638750836538 19978522496832234 25606077894103906 9131501089326225 6133460670445865 
34330622331064600 21954656102900781 23052840393802769 17737630564427076 14622385289805797 7500667660921213 17819881458172651 5695568242236535 11833782102401842 19023437843434115 29181844854629438 
13025531942503529 8498406536258315 5237582647173674 21647721461632711 2596421916465986 24594877379189347 14657424072607808 13282657999663700 33622719416437249 619535555182810 19906860448169292 

6591089656686099 19885361745037693 11411976922848919 6159067501915027 21355833820165940 10483336108816852 19738192755107590 15018294606822244 13251785393252591 739036678858829 407086854514187 
33880309284467882 1509955338608536 6762021155890412 31610705526301132 1835562890264613 527531774734231 5679878508472312 32876987191533003 14454565922184680 10381164156021714 26329234996988869 
13004806295583472 6597250309671185 10312667207725378 14557222769250515 12090536493630234 20701261658574589 13349835776944112 1113588608128836 24958100760755910 4757785998420903 9916480388650114 
11415050525217247 15592637395888627 25781870816383380 12077946838028219 33059029367336631 4843563554430731 13118195231436605 25971267636641874 4324074505790209 19008598465065775 11360935043193095 

31076410654195152 33721375329098779 21753301289773024 25173679411112984 31150160334565474 8039748286126092 15456296788698296 19013241730767373 32233390317068143 27469031655578916 7217264444711662 
28897595694210031 9414560424368347 16272317171151048 22074139718651671 5709306676531069 31862410153378433 5815095271751806 1303633601958538 25807132171604740 8777087581889981 20280226216623937 
34111954006047687 29834865457310202 4340302781486276 24791546584632975 14167869884479223 15043893052429336 18856875956984543 17496483478600701 327629737871544 10214234436817568 15556004780928422 
22966015945148604 22101713058909036 25090221111688413 22594348839527000 35661759875924314 19148471308207791 29626363690925878 17518945212219396 31489198766812238 16088861654751951 21564910821297845 

27659895223913101 15130788593620254 23242743121629062 989604650089710 6435968054394428 35440558597773155 3213856114493753 29849667683889652 7156201812599962 7517862137200509 28811304171174772 
9238243427896531 35985149811214619 12587271044454328 29833462622553759 8788883770411405 16371789039713930 30592479981452680 6754713780586585 19860711295207390 8789963651015027 16094042861504799 
14774348861933943 16771263051002397 15220240109303778 1673295416222558 2549339251423062 29786878766341907 20576368577508849 31387618920503264 24269480076458671 22052415732065442 19408180051142869 
18005083113225801 2519224990450443 10593369130306242 15839367296497849 23222080615069760 5538552410973787 1327648528255854 3958455327042426 8995647886046142 31288638291141013 25163206309074723 

18891087857591789 17096670562388621 29560496433093666 29789828221534512 10807186358425029 3892605995744569 4842498575460974 5413082406356072 24143570696641242 587776904321657 2091982278993854 
922404396525502 31081428765341056 7673404927444326 9572875407402564 6185323489858222 18864227543764412 25359102141500737 3228356494187222 10908793796762638 16591576880249115 5730337829407399 
15432432982242025 24804696991877100 4122914982752845 1834182563897125 28668905720718955 21843436474748643 28610188336792466 32343429120907151 25342385229931900 166403001253256 35496703034409 
15598300436282036 7935599454841678 21301610039202164 24892272832933190 17040000321464451 30979761503833694 25739901201464315 25491941185984531 6630820124177718 22578938536898880 2404942528601960 

20076721533566129 16721345622373574 23684492216769657 14526362671237238 13985362907994253 13887686826581617 504265283175429 29370670050485271 12666634396577450 15903425400328518 431212032883178 
4279285209149561 5038762295330462 3252379406359290 34588446804722633 1963909040370944 2369820543853857 27286593358862208 22204904669636285 9763539790105676 3593584458664394 2619735986947117 
26148781197408869 3038251345519588 17459230709645031 27019861025695775 16265908816195241 25352260638345585 5201958607961017 99276992094627 13979358789652832 7375919670154814 29119985690078605 
1190999973203732 28149040411955521 9470683147794340 28941019326032304 14611864931019280 7066326323345923 31909726217529169 7347197572566307 4358371966339561 20755202010148270 34990608668091776 

18418138518334203 4262167492398175 13594727280816990 20041333856707442 35671284173976421 26861737946137788 8068736993577149 11142606487076451 30684125381572796 35329407233400111 17033476861101189 
14070513372671976 14812005437641775 33935641112270302 7521855213598367 11240760261798014 4572204015401444 9616865606371228 25479602842560750 29668617181670772 34527364642327286 21638149930618637 
12743064584208256 8549051125984290 15454931666433402 1302706297374030 11677294090140347 8685369406076202 20856195547063855 8769934945188357 31570841609990652 512026427338640 26328385873437270 
17272017549546628 30431104219949225 20362349700232762 3710694924191849 9133520322983748 32951576553045559 7716529702434974 4134571536045802 1701195868248610 18047478873434204 23743979586134843 

14081895918512105 28656094469388224 27094386827441137 7303677987503125 24934599488413510 33296970297914070 6178901756229389 17495637036940004 23616314640590320 5658230118077198 14740831309769002 
20889676726380310 22549414682932473 17226532422963013 31257215582563818 13514387229384269 34103247416870159 23568631380556053 21674532407488986 15845672125420499 31508668223718180 33461610080861511 
27071324800009544 31418324157962386 9217446413178292 12644317907568174 1646711652649601 20656694449694575 14117103621092791 24961699602097426 23070147544114794 4172225514167465 30897074049512198 
8963423488404002 33609536972402388 32278223251266027 5545457260250117 28257024616388578 9151776002370434 21242533363487513 18292378114916499 9293218734193342 5643326934393224 10663824112392146 


-1,1	-1,1	-1,1	-1,-1	-1,1	1,-1	1,-1	1,-1	-1,1	1,1	-1,1	
1,-1	-1,-1	1,-1	1,-1	-1,-1	1,1	1,1	1,1	-1,-1	-1,-1	1,1	
1,1	1,-1	-1,-1	1,1	1,-1	-1,-1	-1,-1	-1,-1	1,-1	1,-1	1,-1	
-1,-1	1,1	1,1	-1,1	1,1	-1,1	-1,1	-1,1	1,1	-1,1	-1,-1	

-1,-1	1,1	1,-1	1,-1	1,-1	-1,-1	-1,-1	1,-1	1,1	1,-1	-1,-1	
1,-1	1,-1	-1,-1	1,1	-1,1	-1,1	-1,1	-1,1	-1,1	-1,1	1,1	
1,1	-1,-1	-1,1	-1,1	1,1	1,1	1,1	1,1	-1,-1	1,1	1,-1	
-1,1	-1,1	1,1	-1,-1	-1,-1	1,-1	1,-1	-1,-1	1,-1	-1,-1	-1,1	

1,-1	1,-1	-1,1	-1,1	-1,1	-1,-1	1,-1	1,1	1,1	1,-1	-1,1	
-1,-1	-1,-1	1,1	1,1	1,1	-1,1	-1,-1	-1,-1	1,-1	-1,1	1,1	
1,1	1,1	-1,-1	-1,-1	-1,-1	1,-1	-1,1	1,-1	-1,1	1,1	-1,-1	
-1,1	-1,1	1,-1	1,-1	1,-1	1,1	1,1	-1,1	-1,-1	-1,-1	1,-1	

1,-1	-1,1	1,1	1,1	-1,-1	1,1	1,1	-1,1	-1,-1	-1,1	-1,-1	
1,1	1,-1	1,-1	1,-1	-1,1	1,-1	-1,1	1,-1	1,1	1,1	1,-1	
-1,-1	1,1	-1,-1	-1,-1	1,-1	-1,1	-1,-1	1,1	-1,1	1,-1	-1,1	
-1,1	-1,-1	-1,1	-1,1	1,1	-1,-1	1,-1	-1,-1	1,-1	-1,-1	1,1	

1,-1	1,1	1,1	-1,1	-1,1	1,1	1,1	1,-1	-1,1	1,1	1,1	
-1,1	-1,1	1,-1	-1,-1	1,1	-1,-1	-1,1	-1,-1	-1,-1	1,-1	-1,1	
1,1	1,-1	-1,1	1,1	1,-1	1,-1	1,-1	-1,1	1,-1	-1,-1	-1,-1	
-1,-1	-1,-1	-1,-1	1,-1	-1,-1	-1,1	-1,-1	1,1	1,1	-1,1	1,-1	

1,1	-1,1	-1,1	-1,-1	1,1	-1,1	-1,1	1,1	1,1	-1,-1	-1,-1	
1,-1	-1,-1	1,-1	1,1	-1,1	-1,-1	1,-1	1,-1	1,-1	-1,1	-1,1	
-1,1	1,1	-1,-1	-1,1	-1,-1	1,1	1,1	-1,-1	-1,-1	1,-1	1,-1	
-1,-1	1,-1	1,1	1,-1	1,-1	1,-1	-1,-1	-1,1	-1,1	1,1	1,1	

1,-1	-1,-1	-1,-1	1,1	1,1	1,1	-1,1	-1,-1	-1,1	-1,1	-1,1	
-1,1	1,1	-1,1	1,-1	1,-1	-1,1	-1,-1	1,1	1,-1	-1,-1	1,-1	
1,1	1,-1	1,-1	-1,-1	-1,-1	1,-1	1,-1	1,-1	1,1	1,-1	1,1	
-1,-1	-1,1	1,1	-1,1	-1,1	-1,-1	1,1	-1,1	-1,-1	1,1	-1,-1	

1,-1	1,1	-1,-1	1,-1	1,1	1,1	1,-1	1,1	1,1	1,1	1,1	
-1,-1	-1,1	1,-1	-1,-1	-1,-1	-1,-1	-1,1	-1,-1	-1,1	-1,-1	-1,1	
1,1	-1,-1	-1,1	1,1	-1,1	1,-1	1,1	1,-1	-1,-1	1,-1	1,-1	
-1,1	1,-1	1,1	-1,1	1,-1	-1,1	-1,-1	-1,1	1,-1	-1,1	-1,-1	

1,-1	1,-1	-1,-1	-1,-1	-1,1	-1,1	-1,-1	1,-1	1,-1	1,-1	-1,-1	
-1,-1	1,1	1,-1	1,1	1,-1	1,1	-1,1	1,1	-1,-1	-1,-1	-1,1	
1,1	-1,-1	1,1	-1,1	1,1	1,-1	1,-1	-1,-1	1,1	-1,1	1,1	
-1,1	-1,1	-1,1	1,-1	-1,-1	-1,-1	1,1	-1,1	-1,1	1,1	1,-1	

-1,-1	-1,-1	1,1	1,1	-1,-1	-1,1	-1,1	-1,-1	1,-1	1,1	1,1	
1,-1	1,1	-1,1	1,-1	1,1	1,1	-1,-1	1,1	-1,1	-1,-1	-1,-1	
-1,1	-1,1	1,-1	-1,-1	1,-1	-1,-1	1,1	-1,1	-1,-1	-1,1	-1,1	
1,1	1,-1	-1,-1	-1,1	-1,1	1,-1	1,-1	1,-1	1,1	1,-1	1,-1	

1,1	1,1	1,-1	1,1	-1,-1	-1,1	1,-1	1,1	-1,1	1,1	-1,1	
-1,1	-1,1	-1,-1	1,-1	1,-1	1,1	-1,1	1,-1	1,1	-1,-1	1,-1	
-1,-1	1,-1	-1,1	-1,1	1,1	-1,-1	-1,-1	-1,-1	1,-1	-1,1	-1,-1	
1,-1	-1,-1	1,1	-1,-1	-1,1	1,-1	1,1	-1,1	-1,-1	1,-1	1,1	

-1,1	1,1	1,1	1,1	1,1	1,1	-1,1	1,-1	-1,-1	1,-1	1,-1	
-1,-1	-1,-1	-1,-1	-1,1	-1,1	-1,1	-1,-1	1,1	1,1	1,1	-1,1	
1,1	-1,1	1,-1	1,-1	-1,-1	-1,-1	1,1	-1,1	-1,1	-1,-1	-1,-1	
1,-1	1,-1	-1,1	-1,-1	1,-1	1,-1	1,-1	-1,-1	1,-1	-1,1	1,1	

1,1	-1,-1	1,1	-1,-1	-1,1	-1,1	1,-1	1,-1	1,-1	1,-1	1,1	
-1,1	-1,1	-1,1	-1,1	1,-1	1,-1	-1,1	-1,1	1,1	1,1	-1,-1	
1,-1	1,-1	-1,-1	1,1	1,1	-1,-1	1,1	-1,-1	-1,-1	-1,1	-1,1	
-1,-1	1,1	1,-1	1,-1	-1,-1	1,1	-1,-1	1,1	-1,1	-1,-1	1,-1	

-1,-1	-1,-1	1,1	1,1	-1,-1	-1,-1	-1,-1	-1,1	1,-1	-1,-1	-1,1	
1,-1	-1,1	1,-1	-1,1	1,-1	1,1	1,-1	1,1	-1,1	1,1	1,1	
-1,1	1,-1	-1,-1	1,-1	-1,1	1,-1	-1,1	-1,-1	-1,-1	1,-1	1,-1	
1,1	1,1	-1,1	-1,-1	1,1	-1,1	1,1	1,-1	1,1	-1,1	-1,-1	

1,1	1,-1	1,-1	1,-1	-1,1	1,-1	1,-1	-1,-1	1,-1	1,-1	-1,1	
-1,-1	1,1	-1,-1	-1,-1	1,1	-1,1	-1,1	-1,1	1,1	1,1	1,1	
1,-1	-1,1	-1,1	1,1	1,-1	-1,-1	-1,-1	1,1	-1,1	-1,1	1,-1	
-1,1	-1,-1	1,1	-1,1	-1,-1	1,1	1,1	1,-1	-1,-1	-1,-1	-1,-1	

1,1	1,1	1,-1	-1,-1	1,1	-1,1	1,-1	1,1	-1,1	-1,-1	-1,1	
-1,1	-1,1	-1,1	-1,1	1,-1	-1,-1	-1,-1	-1,1	1,-1	1,1	1,1	
1,-1	1,-1	-1,-1	1,-1	-1,-1	1,1	-1,1	1,-1	-1,-1	-1,1	-1,-1	
-1,-1	-1,-1	1,1	1,1	-1,1	1,-1	1,1	-1,-1	1,1	1,-1	1,-1	

-1,1	1,1	-1,-1	1,-1	-1,1	1,1	-1,1	-1,-1	-1,1	-1,1	1,-1	
-1,-1	1,-1	1,1	-1,-1	-1,-1	-1,-1	1,-1	1,1	1,-1	-1,-1	-1,-1	
1,1	-1,-1	-1,1	-1,1	1,1	1,-1	1,1	-1,1	1,1	1,-1	1,1	
1,-1	-1,1	1,-1	1,1	1,-1	-1,1	-1,-1	1,-1	-1,-1	1,1	-1,1	

-1,1	-1,1	-1,1	-1,1	1,-1	-1,1	1,1	1,-1	-1,-1	1,1	-1,1	
-1,-1	-1,-1	1,1	1,-1	-1,-1	-1,-1	1,-1	-1,1	-1,1	-1,1	1,-1	
1,1	1,-1	1,-1	-1,-1	1,1	1,1	-1,-1	1,1	1,1	-1,-1	-1,-1	
1,-1	1,1	-1,-1	1,1	-1,1	1,-1	-1,1	-1,-1	1,-1	1,-1	1,1	

-1,1	-1,1	1,1	1,1	-1,-1	-1,-1	1,1	1,-1	1,-1	1,-1	-1,-1	
-1,-1	1,-1	1,-1	-1,1	1,-1	-1,1	-1,1	-1,1	1,1	1,1	-1,1	
1,1	-1,-1	-1,-1	1,-1	-1,1	1,-1	-1,-1	1,1	-1,1	-1,1	1,-1	
1,-1	1,1	-1,1	-1,-1	1,1	1,1	1,-1	-1,-1	-1,-1	-1,-1	1,1	

-1,1	1,1	1,-1	-1,1	-1,1	-1,-1	1,1	1,1	1,-1	-1,-1	1,1	
-1,-1	-1,-1	1,1	1,1	1,-1	-1,1	-1,1	-1,-1	-1,1	-1,1	-1,1	
1,1	1,-1	-1,-1	1,-1	-1,-1	1,1	-1,-1	-1,1	-1,-1	1,1	-1,-1	
1,-1	-1,1	-1,1	-1,-1	1,1	1,-1	1,-1	1,-1	1,1	1,-1	1,-1	

-1,-1	-1,-1	-1,-1	-1,-1	-1,-1	1,-1	1,1	-1,-1	1,1	-1,-1	1,1	
-1,1	1,-1	-1,1	1,1	-1,1	-1,-1	1,-1	-1,1	1,-1	1,-1	-1,1	
1,-1	-1,1	1,1	1,-1	1,-1	-1,1	-1,-1	1,-1	-1,1	-1,1	-1,-1	
1,1	1,1	1,-1	-1,1	1,1	1,1	-1,1	1,1	-1,-1	1,1	1,-1	

1,1	1,1	1,-1	-1,1	1,1	1,1	1,1	-1,1	-1,1	-1,1	-1,1	
1,-1	-1,-1	-1,-1	-1,-1	-1,-1	1,-1	-1,1	-1,-1	1,-1	1,1	1,1	
-1,1	-1,1	1,1	1,-1	1,-1	-1,1	1,-1	1,-1	1,1	-1,-1	1,-1	
-1,-1	1,-1	-1,1	1,1	-1,1	-1,-1	-1,-1	1,1	-1,-1	1,-1	-1,-1	

1,-1	1,1	-1,1	1,-1	-1,-1	1,-1	1,-1	1,-1	-1,-1	1,1	1,1	
-1,-1	-1,-1	-1,-1	-1,1	-1,1	1,1	1,1	-1,-1	-1,1	-1,1	1,-1	
1,1	1,-1	1,-1	-1,-1	1,1	-1,-1	-1,1	1,1	1,1	-1,-1	-1,-1	
-1,1	-1,1	1,1	1,1	1,-1	-1,1	-1,-1	-1,1	1,-1	1,-1	-1,1	

1,-1	-1,-1	-1,-1	1,-1	1,1	-1,-1	-1,-1	-1,1	-1,1	1,-1	1,1	
-1,-1	1,1	1,1	-1,1	1,-1	-1,1	1,-1	1,1	1,-1	-1,1	1,-1	
1,1	-1,1	1,-1	1,1	-1,-1	1,-1	-1,1	-1,-1	-1,-1	1,1	-1,-1	
-1,1	1,-1	-1,1	-1,-1	-1,1	1,1	1,1	1,-1	1,1	-1,-1	-1,1	

-1,-1	-1,-1	-1,-1	-1,1	1,1	1,1	-1,-1	-1,-1	-1,-1	-1,1	1,-1	
1,1	-1,1	-1,1	1,1	-1,-1	-1,1	-1,1	-1,1	1,-1	1,-1	-1,-1	
-1,1	1,-1	1,1	1,-1	1,-1	1,-1	1,1	1,1	1,1	-1,-1	1,1	
1,-1	1,1	1,-1	-1,-1	-1,1	-1,-1	1,-1	1,-1	-1,1	1,1	-1,1	

9 2 5 3 
10 1 0 7 
5 1 6 3 
9 2 3 7 
7 9 2 8 
0 1 4 8 
8 3 5 6 
5 10 9 4 
8 0 4 7 
3 4 2 7 
10 2 1 3 
2 5 0 7 
2 9 1 8 
10 5 8 6 
0 7 9 4 
6 1 9 4 
8 9 10 5 
5 0 8 6 
4 9 0 10 
1 2 4 7 
0 5 7 8 
1 10 0 4 
7 8 1 5 
5 4 9 0 
0 2 9 3 


1,1	1,-1	-1,-1	-1,1	
1,1	-1,-1	1,-1	-1,1	
-1,-1	1,1	-1,1	1,-1	
-1,-1	1,-1	1,1	-1,1	
-1,1	1,-1	1,1	-1,-1	
1,-1	-1,-1	1,1	-1,1	
-1,1	1,1	1,-1	-1,-1	
-1,-1	-1,1	1,-1	1,1	
1,-1	1,1	-1,1	-1,-1	
-1,-1	1,1	-1,1	1,-1	
-1,1	-1,-1	1,1	1,-1	
1,-1	1,1	-1,-1	-1,1	
1,1	-1,-1	-1,1	1,-1	
1,-1	-1,1	1,1	-1,-1	
1,-1	-1,-1	1,1	-1,1	
-1,1	1,1	1,-1	-1,-1	
-1,1	1,1	-1,-1	1,-1	
1,-1	-1,1	1,1	-1,-1	
1,1	1,-1	-1,-1	-1,1	
-1,-1	-1,1	1,-1	1,1	
1,-1	-1,-1	-1,1	1,1	
-1,-1	1,-1	-1,1	1,1	
-1,-1	1,1	1,-1	-1,1	
-1,-1	-1,1	1,-1	1,1	
1,-1	-1,1	1,1	-1,-1	


21989651227064476 33812879336304337 2010146449507492 2147416632816909 
2055561813718911 28358096462114315 20731159317644398 2141581786060589 
31412588170364668 33440384634563577 22266331924851169 15275625296011688 
25969840244077563 28871092425929644 4550680367837009 9809244747674120 
24168515979544366 32730317129807349 28874176064841411 8053395955487712 
13128627841711328 3124840447856419 20828468244592738 28418848877771967 
208550673989444 26455762575542308 2225937042445691 1338207133532058 
2211745359154470 19844802625736764 13221616800144202 17866756839471006 
4580812179365183 9801746350330613 15284678598610763 30892575829857804 
7263029005204557 17913106998817047 34387453246550175 738611978428938 
28425172138852274 33651060120040588 13843683915612751 21351103902100701 
10787099717053027 9918595009481952 31942748340745309 12508930992930738 
14211443138509316 27999050476631266 22750689302781651 33460801221615527 
18842960406523712 29492753987877715 4303615738285485 13673596140035251 
25593541119219079 4333652035637977 33562428383325347 18167236028480103 
11337587029211625 30328790883217468 6319918405665031 16210458791853325 
14079702163260971 15545726386655288 27692533716516061 12039702078158299 
7010788194890982 15400641531834094 25240013110478779 18383162991225096 
19074011970224343 22028355119950676 12815719929525849 19149874237472295 
29237762250651062 12920779592677835 22595333307102865 34448638568609468 
10619164141513720 28889618397423391 34368832089401887 13476909042955714 
21696574701714882 13624873794027482 13728263075694002 23376469437671850 
16156567806320814 27774313196253358 35711064894724067 6425425098325636 
2543941374639909 12817916157365884 7945312395371645 28148195057207263 
17549132669872977 19430114145517709 9943581730804618 26567625290502658 

-1	1	-1	1	
-1	-1	1	1	
1	1	-1	-1	
1	-1	-1	1	
1	-1	1	-1	
1	1	-1	-1	
-1	-1	1	1	
1	1	-1	-1	
-1	1	1	-1	
1	-1	-1	1	
1	-1	1	-1	
-1	-1	1	1	
1	-1	-1	1	
-1	1	1	-1	
1	1	-1	-1	
1	1	-1	-1	
-1	-1	1	1	
1	1	-1	-1	
-1	-1	1	1	
-1	1	-1	1	
1	-1	-1	1	
1	1	-1	-1	
-1	-1	1	1	
-1	1	1	-1	
1	-1	-1	1	

3 7 9 1 
2 4 9 3 
3 7 4 8 
10 8 1 5 
9 8 7 1 
3 4 10 0 
7 6 0 2 
5 2 3 10 
7 2 10 9 
1 8 7 3 
4 5 6 0 
1 0 8 9 
7 3 1 6 
5 0 1 4 
8 10 9 4 
2 1 6 3 
8 1 10 9 
0 9 10 6 
7 10 2 1 
6 8 0 10 
2 3 8 10 
8 1 10 4 
6 2 3 0 
7 8 9 1 
7 8 2 1 

0	24	1	23	9	15	11	13	6	18	5	19	4	20	3	21	2	22	8	16	7	17	10	14	12	
