1211641777.8319 2006188609.1244 1276330251.8615 1551602221.4769 1564150225.3687 1834738981.3260 1750237439.9748 2043158568.4073 1706626782.1028 1126141853.2402 2102529645.5601 
2025007575.5593 1767138376.1028 1482642168.1583 1762525294.8466 1544349540.6121 1313221126.3728 1625469504.2673 1470082734.3937 1541503733.3460 1905859540.1524 1657029479.5037 
2125824647.0044 1965096518.3188 1791044054.2390 1641452114.9008 1972430150.4473 1357477496.7309 1670664539.1761 1338985264.4846 2110661864.3588 2098423464.2734 1955806227.8584 
1366253372.1342 1138710941.8639 1244106788.1310 1163184826.4224 1532731424.9414 1924691678.0146 1181419554.9481 1219802589.3617 1134660963.1822 1858464540.5065 1864741678.2664 
1539160433.0904 1908101767.3150 1970269564.3440 1994135335.9143 1554846542.2875 2085124456.7451 1889128194.7133 1271064137.1986 1436843582.1555 1327607072.0049 1521140745.2598 
2117374145.4811 1372368464.1300 1516607871.5748 1786398011.6969 1310591141.7311 1960518161.4961 2032977655.1324 2043638046.2371 1512954713.1750 2025141485.3283 2109536083.4697 
1718523496.6088 1150839491.3713 1404341076.2027 1868021354.6316 1167358486.4121 1543171647.1158 1301070207.6429 1605784008.1514 1250306796.1230 1890730674.1235 1505085667.4581 
1295280650.5625 1558305753.7959 1074581796.8770 1482880364.9550 1561783543.5238 1727903063.7039 1144226601.7731 1709143805.7317 1564001680.8471 1373092633.7335 1847901769.0510 
1650483639.3987 1449068661.6440 1150019547.5175 1146296734.5452 2031724375.2337 1658972040.0702 1432774072.0621 1662128123.9669 1954151196.2484 1906160481.1841 1900772293.5860 
1329862355.3844 1528068051.9170 1204263622.3464 1458480770.8701 1290446256.8109 1712916630.6042 1683297062.9857 1768173978.2511 1186816703.4878 1168199003.0537 1932527259.5566 
1308820123.3909 1195475762.9230 1241278023.8908 1464392997.0640 1571857924.3442 1143535494.0055 2100655743.1874 2046383735.9134 1490463709.1429 1124746463.9669 1139537421.2424 
1856946373.1701 2090268606.5947 2131528994.6991 1434560682.4690 1218551109.0365 1184323017.9339 1436645871.7872 1538355363.1538 1635155696.2600 2052501843.2438 2053970338.5502 
1302282756.3432 1634721797.1682 1806104870.1185 1337588148.4894 2006681934.8276 1158443324.1127 1134252092.4616 1886433615.3326 1353447999.6865 1407147842.8943 1702693525.4444 
1285101544.6051 1368221598.4535 1483113128.5887 1982583956.7374 1749339168.0633 1587825595.9531 1553504453.8562 1327530064.5359 1744005664.3647 2117300927.2042 1373353814.5579 
1141476328.9372 2080207784.0526 1404496257.7823 1290929659.8086 1200530835.4103 1360577925.5648 1827334056.0871 1703776782.9778 1919767779.6742 1787586641.9763 1871343386.0560 
1544568122.7628 1942021324.6691 1975801593.3161 1549251795.2957 1772449516.6673 1997300549.2045 1806149364.2937 1784510711.7538 1809746662.9252 1114454430.7836 1662843805.1805 
1227281632.1726 1722314775.2633 1984331026.8195 1155627115.1836 1342968437.6153 1608605054.5650 1716007996.6353 1567292116.0719 1604371797.7010 1152461954.4794 1821734858.2894 
1586681487.0474 1550313731.8991 1296478010.0352 1601775563.2074 1273513504.7731 1186231718.0917 1815094470.0779 1552963164.5459 1418140503.3839 1161482015.9730 1689933758.7610 
1365345986.3172 1178088960.7990 1288601736.3593 1397763253.8748 1531554780.3377 1321829203.2443 1429503164.4548 1795764112.4921 1618318254.8202 1380554305.3420 1484396772.6102 
1322282656.1687 1727741375.2814 1900874885.7123 1812533322.6368 1172303649.1469 1120176261.9245 1649677585.4494 1319609861.2149 1636558974.7782 1300966017.5265 1772972833.4917 
1771618965.5900 1122740004.3898 1687942805.0499 2040826683.3643 1575902749.7309 2001874134.9612 1562028901.8609 1402823927.3215 1099276491.0418 1468709577.2116 1326063449.3985 
1114454533.8001 1766765217.7781 1744746997.9819 1835693733.7439 1819116170.5112 1742681030.6979 1342724318.1158 1739445616.2763 1842967044.2601 1122576555.7861 1356875304.4623 
1662681248.4557 1467311917.1239 1100628824.2499 1236036193.0787 1774574931.3284 1615515351.9833 2108551595.0834 1847925743.0244 1622422350.5602 1831884965.3825 1853391372.7343 
1366890981.5983 1661256141.3407 1633425482.6252 2145261441.2889 1731781792.7210 2075089370.4964 1854196251.6425 1232918043.7728 1940874292.0795 1722445066.6030 1318514375.7191 
1121994167.2253 1152585149.7141 1528773402.4808 1870852361.9875 1091695582.4981 1464469107.8766 1513002622.8851 1831140056.5226 1462059856.0399 1128260526.6711 1299344004.3936 
1767905928.2925 1822231826.9817 1881459754.2114 1911277383.7788 1980216814.2068 1344174104.6599 1115579760.0419 1347941646.1945 1278031716.1793 1146082628.4155 1968012441.9987 
1132525868.4468 1485284423.4489 1642650858.9142 1187116622.5978 1558787860.7648 1693976935.2270 1352208601.4483 2112490857.8512 1581992791.1068 1118421030.8014 1212835778.8055 
1470564801.9702 1740544770.8042 1524618931.0660 1888002548.4891 1303121338.4187 2110296380.6741 1258343273.6306 1836640547.9696 1431158182.0600 1454933187.1274 1606959391.8410 
1992928059.0136 1455512286.7464 1536832912.8079 2126226242.3021 1789065897.7979 2005212164.2578 1457699303.3884 1276582597.1819 1343616255.2581 1709191749.2288 1310482306.4862 
2001446074.1824 1138694694.1165 1973794123.6834 1339238915.3889 1448163807.7270 1163435958.9482 1347147743.2341 1826455608.9767 1756645682.6520 1205863129.2808 1700930625.6142 
1497812605.0061 1178721665.5323 1397002905.4121 1402903385.2671 1451037288.4913 1882867491.6072 1217717883.1503 1958932216.1342 1467790865.6939 1801405325.1510 1864625140.1998 
1074179709.2453 2126287908.4073 1594168091.0990 1187096466.6537 1108054837.6872 2074652807.9785 1927991840.7945 1344119405.4279 1146774874.1428 1984528640.4319 1603304707.1471 
1744912781.1797 1395246196.1312 2085717098.1544 1356706542.3557 1490447439.4745 2082429262.7314 1121667504.4050 1091407182.1005 1468548276.6233 1087700523.9141 1123894188.2926 
1280930727.2039 1276030305.2253 1982878605.0311 1560295541.6933 1745442405.5746 1544512493.9152 1264239802.1025 1442820268.7513 1590963990.5259 1632144386.4917 1930496000.0626 
1562706820.7299 1329380474.5587 1397311601.0238 1667644629.9297 1948822226.9176 1271915142.8869 1181653095.0781 1939301856.8596 1460669172.5528 1275154427.9239 2006427124.6980 
1923383957.3309 1907098355.8892 1907332366.4323 1313708350.2109 1199239895.6835 1733259442.8085 1672757771.1863 1569518699.5817 1322420228.8645 1831095940.4544 1631578513.3525 
1537957597.2682 1077156648.6272 1132574259.2805 2011645628.3179 1725401795.4884 1517798186.0451 1435337561.6858 1101115697.0073 1518983771.6527 2067394848.5533 2058853737.1129 
1167660562.4371 1347516849.2977 1724663306.7707 1208862982.4777 1761864704.6489 1442409577.8471 1977550967.1717 1090968397.5601 2021307335.7040 2013671926.8730 1344884476.4926 
1677444885.1248 1802166058.4815 1224581402.5575 1117416258.5669 1241895129.4689 1877828659.2787 1612629374.5824 2041524226.9343 1350186190.9799 1245149023.2153 1919945795.7841 
1424434473.5314 2004239305.0168 2056771709.3324 1472663068.9264 1526040783.0262 1387954403.6513 1533708727.0721 1158958907.9502 1592080814.9231 1758212850.8498 1876669911.6708 
1292793215.2157 1132996838.9323 1308870104.4706 2033400654.5945 1868866517.8849 2106687885.4015 1222706708.3560 1971673948.1905 1992620840.9041 1936123922.2896 1373131827.0996 
1689631341.7103 1873704990.4238 2043641063.7104 1331010711.5292 1975262052.3209 1485358676.0135 1663296982.5145 2086741859.5198 2132129115.0980 1484359477.7122 1962643383.4732 
2035540024.2676 1722947047.4925 1255013058.0886 1448139091.0443 1907022271.4473 1935589001.8631 2031048785.0258 1413532608.5542 1555983448.7773 1368585588.9756 1494441373.4480 
1533424613.4781 1886157830.9039 1174918730.8619 1198181701.4637 1595916559.8987 1571770917.1961 1769885666.4079 1516479495.1911 2085199828.9705 1528215264.9671 1500991776.2749 
1439574137.6566 1823401254.8369 1822431197.8088 1495685557.4125 1987409351.1384 1146858763.7675 1209884980.3670 1453500525.8603 1480045305.5102 1656521350.9238 1913261336.3296 
1527956755.8127 1999542999.2160 1619364765.1700 1759453311.8852 1868547827.8715 1510324491.3519 1844311561.5748 1750287927.8934 1140888529.4622 1336960130.2601 1794866828.2153 
1075657183.7923 1541673990.4261 1324312143.9433 1432640825.3901 1769743214.5243 1900886433.4342 1809048981.2239 1154529897.8606 1207543878.4019 1713566072.7802 2035929498.8969 
2109573689.4007 1813639880.9917 1725368778.3223 1553980874.3204 1969189720.3621 1368574059.3805 1355008703.7279 1519045038.7132 1907764158.3841 1237725899.0195 1108537681.4323 
1357413251.5894 1358851507.3829 1386819556.6652 2039954573.1618 1746804788.5646 1214710225.2706 1570643337.2335 2029399463.3248 2126892610.8104 2086660487.2903 2006145527.3439 
1467480383.2024 1412051161.8584 1135372071.7912 1083694970.3503 1880497521.6483 2051444781.3785 1844783545.0825 2105975795.4186 1773409847.7958 1601358927.8517 1676957130.3881 
1342914289.2364 1449860335.4934 1250716028.3072 1972090879.9021 1591226311.2934 1757459955.6614 1569571053.9923 1526708933.9645 1612765113.5899 1628831052.6123 1801709998.0112 
1891526545.1094 1743429057.9089 2023586947.1042 2130786505.3231 1592294375.8049 1417994839.2044 1405992399.0606 1599435440.8053 1192694983.8831 1200529595.5894 1131103626.3413 
1341651455.1842 1683609663.3277 1292168009.2543 1746374355.1104 1707487453.8608 1824992864.1270 1237131859.2202 1877552279.4994 1797555616.5915 1561645377.2884 1479212682.8910 
2038755759.2634 2086203708.9983 1860562329.6334 1918538430.2346 1972087898.5268 1204861041.4102 1831830901.3934 1941485077.3932 1451217705.1307 2070459919.6939 1328369484.4210 
1636895915.8346 1244862463.1112 1846202925.4727 1400535021.3702 1888460363.8630 1385257558.0783 1336067536.2815 2137455192.5486 1385208191.3037 1206749572.2747 1167356085.5549 
1924931250.4525 1904584520.4965 1131176434.5352 1348693327.7605 1466295232.7376 1250159311.4322 1278879509.3995 1965975035.3142 1110347937.4807 1508194296.8976 1687878677.7574 
1775096505.1150 1882971747.8144 1581522117.8051 1438122069.9154 1292576417.4782 1928867459.9767 1456400641.8854 1145034864.3956 1841190569.6804 1998338359.6984 1371674238.0114 
1618588696.7365 2116069633.1436 2040547023.0427 1881205951.8265 1795943956.6850 1291341779.4232 1817890868.2106 1710710587.5784 1506048897.0554 1462578749.2569 1208797545.8071 
2035725069.3919 1529688448.7607 2143344955.4028 2098040832.5630 1953263817.8614 1392123963.2604 1821817981.4729 1190607815.8291 1281697613.8301 1391923242.3351 1111849170.2408 
1225386870.3834 2146361788.8291 1251473157.3854 2131002624.4757 1195516090.1268 1434876559.8867 1922226080.6640 1736326494.1682 2038755944.0310 1730775422.1688 1539029064.1209 
1934536046.3114 1091560805.9100 2102908099.9164 2029461314.5254 1717804141.9135 1439483354.0101 1907604314.2049 2113948941.0845 1750609011.6754 1525649224.3334 1807169947.9772 
1346865164.3337 1287723228.2634 1399511141.0009 1939370932.3971 1543314830.1704 1247640176.2137 1394985285.2919 1751048475.3007 1647539653.8863 1790528110.9213 1498006985.2293 
1855735790.1841 1209405777.7999 2018454778.6360 1931353926.4711 2108595893.4528 1549294875.5930 1157586511.9319 1733177944.8136 1529610609.4151 1422520228.6223 1889855488.4286 
1580494618.1788 1413322479.3507 1762389407.8250 2026636979.4977 1118923931.7514 1181042254.2118 1706776051.8623 1297655437.5682 2050704739.3405 1870954831.3150 1330886898.5229 
1785932656.6756 1810092911.5542 1676747016.5171 1491481689.2303 1849681067.1091 1485916726.1709 2012635221.2074 1455639108.9821 1431899961.2027 1388256073.8707 1684715574.5737 
1619857030.2148 1650533576.1364 1669242655.2398 1389760028.9037 1500390300.6725 1961643937.4354 1141739000.6131 1637583791.1961 1506399932.2384 1177953062.2392 1743649282.2195 
1687774051.5150 2122148844.1194 1973106600.0581 1724741332.8671 1997972296.3233 2052190447.7802 1462751478.5625 1115118027.5717 1838075122.5373 1982324009.8008 2064129236.3221 
1102831220.6647 2018201816.0440 1657049041.7359 1498717654.5735 1628383435.0343 1552850629.7763 1192679005.7932 1821627068.0428 1535243142.1559 1277486468.5695 1897399988.3479 
1242579728.9102 1242160437.5446 1936877345.4101 1718286314.3176 1233654478.5921 1866232739.2735 1251239864.9918 1530908956.5910 1977411126.3004 1357617730.7140 1821380243.4140 
2074713491.2266 1085314729.4847 1915254515.8576 1362175961.7577 2086778326.3355 1536742114.3289 1194526035.7237 1265072475.9800 1649417478.9605 1676754301.0118 1893099204.1614 
1928893140.8898 1503510645.1302 1346979772.7840 2036319720.8576 1836834479.7007 2119558303.2189 1901736729.2171 1786152698.8574 1462154600.9523 1230776294.5081 1958082653.3334 
1312872729.4006 1902976543.7991 1835129756.6062 2134984144.8915 2054545355.5877 1225670673.7721 1898665202.8196 1278779134.8459 1880685625.4492 1587804955.9189 1682466698.8148 
1244373269.7646 2135694201.4137 1542298947.1678 1241557978.2574 1669930216.4464 1933403038.7911 1378746988.3102 1525942973.0042 2008452015.9637 1384665990.6767 1377970563.6907 
2111864434.9733 1087871594.2440 1628953449.1019 1296807525.9989 1184729478.8979 1395642805.4302 1304863196.5312 1355626558.6037 2120540597.1089 1429432711.4650 1298003063.9771 
2095608515.6030 1742288535.1287 1364357754.5641 1497092723.3619 1853022772.0262 1452259127.7930 1881851856.6688 1472278909.9387 1686768572.6693 1224682122.9143 1228635883.9588 
1178785729.8559 1187899196.7187 1813881525.6271 1474214039.9796 1085407621.2543 1503401930.7010 1207674462.3034 1134876969.2632 1754237823.6000 1178397865.4104 1534869729.5063 
1590342602.4384 1484252341.4908 2107661867.2698 1089500997.8547 1913243205.1190 1576477607.2160 1967616423.9284 1493765087.1839 2112469778.2245 2117134627.4403 1944223240.2881 
1105100383.2382 1193970571.0356 2043554746.8578 1444270816.4591 1323635548.6294 1699921752.3437 1522065738.6329 1256312242.4185 1137870407.4232 1138905811.4547 1680060066.5621 
2069171362.6975 1462208409.4609 1984700469.1313 1476238009.8736 2097515011.5372 1241804143.5835 1669110441.3723 1095293719.5947 1567945568.6334 2026366556.2082 1314233417.3169 
1666480501.7280 1256826700.1623 1356148511.6529 1139429814.2802 2100108691.5543 1092234414.2433 2043131681.1327 1229286909.9478 1221872182.4912 1533183634.2508 2078534041.6970 
1648512218.9102 1895594733.1308 1638783406.1506 1943892526.0345 1345472567.8738 1151603012.7377 1252534925.5369 1302591894.5140 1266967374.2451 1128536307.8055 1562951725.2975 
1750794737.3679 1357011163.6299 1861021426.2037 2000474098.9040 1264042340.1262 2055449409.2764 1650342196.7431 1376914413.9698 1963304714.0691 1930746288.3458 1338697799.4802 
2088610266.5885 1324957031.9691 1735693868.7195 1697321152.2619 1153031157.4359 1185273220.6515 1653342006.4257 2035077044.0604 2012525504.1387 1602738080.2604 2040659509.5205 
1291519754.6577 1684413549.9792 1189363997.4501 2066943154.8268 1350876611.9185 1140411077.0213 1238619498.9317 1468208407.7609 1911220925.5211 1206171393.5440 1410427982.2563 
1120429398.0737 1682551914.9612 1510992831.1798 1769853157.2361 1168684325.6128 1532998676.4828 1218573162.9486 2117146340.9753 1586989998.5470 1379216688.1542 2026998048.1469 
1445036870.3810 1428343039.7224 1202050186.8595 1652038705.2272 1324636245.6986 1635457518.6155 1116331774.2341 1902449186.5965 1965888511.6007 1948269417.0839 1476648881.7511 
1440578200.6411 1235369534.1475 2096040917.9102 1103774390.4182 1867607583.7853 1261055577.2610 1769922230.6350 1618883684.5726 1190608927.0903 1579086791.1157 1521409133.9332 
1678046141.6725 1695042490.5874 2025689077.9150 1405210153.5994 1936901876.4974 1188890664.0165 1548016479.6390 1410536310.6622 1745954592.5041 1426606372.8140 1554406666.5959 
1547548376.8018 1983392218.5322 1740148306.8805 1529690444.9678 1316980422.1488 1443033377.0190 1205972802.8352 1077318381.3918 2067418698.4169 1222362299.5206 1331559323.8988 
1491643779.6642 1905191414.4294 1119144853.7738 1376961836.1233 1501572805.5102 1085831890.3745 1301189958.8332 1278157087.2835 1338939955.0763 1227161594.1814 1651419619.7578 
2103439431.0787 1321394704.0243 1207927279.8479 1252460041.8514 1281206352.9080 1638151570.2197 1278367531.4697 2065407904.8999 1588717306.6245 1967116098.7203 2117347902.3489 
1346720776.4008 1334636264.1771 1237916941.5091 1769729301.5433 1717821106.1548 1381086734.0885 1414033147.7117 1111324179.2806 1966408167.4648 1735314899.4526 2105764550.1763 
1343792208.2424 1500173429.9112 1605411828.4064 1821556508.2422 2092380957.6225 2084975855.6878 1573757630.7566 1553986611.7556 1320777372.3031 1379594754.1763 1952721172.0366 
1489652498.6043 1479320684.4482 1562929526.6655 1876229050.8110 1689970981.1353 1720366177.4391 1402577282.0272 1735950706.7045 1487793566.0769 1759873432.1608 1270094818.1022 
1129680320.2831 1292064130.4987 1716536091.7696 1456115739.6014 1263819790.2765 1692562537.6967 1956284533.4413 1897812936.8726 1956203660.3067 2066799721.8970 1652454744.0768 
2075914705.6544 1296660405.0826 1247158093.8046 1253782806.3874 1316777918.7936 1879590269.3407 1146562894.9353 1309012545.6437 1762991447.9575 2048055362.7295 1603016553.8304 
1585922300.7765 1092903683.0314 1321432840.1985 1906049792.2965 1427331853.2788 1769822895.4744 2035097795.6828 1167298817.0140 1985446745.0607 1464178449.2030 1208137458.8264 
1211172827.4579 1551955805.5312 1901912494.9505 1508849792.4747 1674943724.3755 1403314028.0350 1605519690.8490 1810118135.0758 1340449421.4013 2053268933.2644 1671517977.6976 
1151308554.4892 1424784686.3928 1453192816.2445 1495529664.1164 1158102927.1460 2060954488.6606 1609501970.2898 1245754866.2169 1379170801.5220 1364036277.6703 1768708816.0988 
1920753644.3571 1790824537.1951 2112524507.1215 1970262395.2318 1864916751.2379 2001263670.8909 1380993818.4146 1630168322.1858 1741969832.9216 1532021042.7259 1618061909.1693 

-1,-1 -1,1 -1,-1 -1,-1 -1,-1 -1,-1 -1,-1 -1,-1 -1,-1 1,1 -1,-1 
1,1 1,1 1,-1 1,1 1,-1 1,1 1,1 1,-1 1,-1 1,-1 1,-1 
1,-1 1,-1 1,1 1,-1 -1,1 1,-1 -1,1 1,1 -1,1 -1,1 -1,1 
-1,1 -1,-1 -1,1 -1,1 1,1 -1,1 1,-1 -1,1 1,1 -1,-1 1,1 

-1,1 1,1 -1,1 1,1 1,-1 -1,1 -1,-1 1,1 -1,-1 -1,1 -1,-1 
1,1 -1,1 1,1 -1,1 1,1 1,-1 1,1 -1,-1 -1,1 1,-1 -1,1 
1,-1 -1,-1 -1,-1 1,-1 -1,-1 1,1 -1,1 1,-1 1,1 1,1 1,1 
-1,-1 1,-1 1,-1 -1,-1 -1,1 -1,-1 1,-1 -1,1 1,-1 -1,-1 1,-1 

-1,1 1,1 1,-1 -1,1 1,-1 -1,1 1,-1 1,1 1,-1 1,1 -1,1 
-1,-1 1,-1 -1,1 1,-1 -1,1 1,-1 -1,1 -1,-1 1,1 -1,1 1,-1 
1,-1 -1,1 -1,-1 1,1 -1,-1 1,1 1,1 -1,1 -1,-1 -1,-1 1,1 
1,1 -1,-1 1,1 -1,-1 1,1 -1,-1 -1,-1 1,-1 -1,1 1,-1 -1,-1 

1,-1 -1,1 1,-1 -1,1 -1,-1 -1,-1 1,-1 1,-1 1,-1 1,1 -1,1 
1,1 1,1 1,1 1,1 1,1 -1,1 -1,1 -1,1 -1,-1 -1,-1 1,-1 
-1,1 -1,-1 -1,-1 1,-1 1,-1 1,1 -1,-1 1,1 1,1 -1,1 1,1 
-1,-1 1,-1 -1,1 -1,-1 -1,1 1,-1 1,1 -1,-1 -1,1 1,-1 -1,-1 

-1,1 -1,1 1,-1 1,-1 -1,1 1,-1 1,-1 1,-1 1,-1 1,-1 -1,1 
1,1 1,1 1,1 1,1 -1,-1 -1,-1 1,1 -1,1 -1,1 -1,-1 -1,-1 
1,-1 -1,-1 -1,-1 -1,1 1,-1 1,1 -1,1 1,1 1,1 -1,1 1,-1 
-1,-1 1,-1 -1,1 -1,-1 1,1 -1,1 -1,-1 -1,-1 -1,-1 1,1 1,1 

-1,1 1,1 1,1 -1,-1 -1,-1 -1,1 1,-1 -1,-1 -1,-1 -1,-1 -1,-1 
-1,-1 -1,-1 1,-1 -1,1 1,1 1,1 1,1 1,1 1,-1 -1,1 1,-1 
1,-1 1,-1 -1,-1 1,1 -1,1 1,-1 -1,-1 -1,1 -1,1 1,-1 -1,1 
1,1 -1,1 -1,1 1,-1 1,-1 -1,-1 -1,1 1,-1 1,1 1,1 1,1 

-1,1 1,-1 -1,-1 1,-1 1,-1 1,-1 1,-1 1,1 1,1 1,-1 -1,1 
1,1 1,1 1,1 1,1 1,1 -1,1 -1,-1 -1,-1 -1,1 -1,-1 -1,-1 
-1,-1 -1,-1 -1,1 -1,1 -1,-1 1,1 1,1 1,-1 1,-1 1,1 1,-1 
1,-1 -1,1 1,-1 -1,-1 -1,1 -1,-1 -1,1 -1,1 -1,-1 -1,1 1,1 

-1,1 -1,1 -1,1 1,-1 1,1 -1,1 -1,1 -1,1 1,1 1,1 1,-1 
1,-1 1,1 -1,-1 -1,-1 -1,-1 -1,-1 1,1 1,-1 -1,-1 -1,1 -1,-1 
1,1 1,-1 1,-1 1,1 -1,1 1,1 1,-1 1,1 -1,1 1,-1 1,1 
-1,-1 -1,-1 1,1 -1,1 1,-1 1,-1 -1,-1 -1,-1 1,-1 -1,-1 -1,1 

-1,-1 -1,1 1,1 -1,-1 1,1 1,-1 -1,1 -1,-1 -1,1 -1,-1 -1,1 
-1,1 1,-1 -1,1 1,1 1,-1 -1,1 1,-1 -1,1 1,1 1,-1 -1,-1 
1,-1 1,1 1,-1 1,-1 -1,-1 1,1 -1,-1 1,1 -1,-1 1,1 1,-1 
1,1 -1,-1 -1,-1 -1,1 -1,1 -1,-1 1,1 1,-1 1,-1 -1,1 1,1 

-1,-1 1,-1 -1,1 -1,-1 -1,1 1,1 1,-1 -1,-1 1,1 1,-1 -1,1 
1,-1 -1,1 -1,-1 1,-1 1,1 -1,-1 -1,1 1,-1 -1,1 -1,-1 1,1 
1,1 -1,-1 1,1 -1,1 1,-1 -1,1 1,1 1,1 1,-1 -1,1 -1,-1 
-1,1 1,1 1,-1 1,1 -1,-1 1,-1 -1,-1 -1,1 -1,-1 1,1 1,-1 

-1,-1 -1,1 -1,-1 -1,1 1,1 1,-1 -1,1 1,-1 -1,1 -1,-1 1,-1 
-1,1 1,1 -1,1 1,1 -1,-1 1,1 -1,-1 1,1 -1,-1 1,-1 1,1 
1,1 -1,-1 1,1 -1,-1 -1,1 -1,-1 1,-1 -1,-1 1,-1 1,1 -1,-1 
1,-1 1,-1 1,-1 1,-1 1,-1 -1,1 1,1 -1,1 1,1 -1,1 -1,1 

1,1 -1,1 -1,-1 1,-1 -1,-1 1,1 -1,1 1,-1 -1,1 1,1 -1,-1 
-1,1 1,1 1,-1 1,1 -1,1 -1,-1 1,-1 -1,1 1,-1 -1,1 1,1 
-1,-1 -1,-1 1,1 -1,-1 1,1 1,-1 1,1 -1,-1 -1,-1 -1,-1 -1,1 
1,-1 1,-1 -1,1 -1,1 1,-1 -1,1 -1,-1 1,1 1,1 1,-1 1,-1 

1,1 1,-1 -1,1 1,-1 -1,1 -1,-1 -1,1 -1,1 -1,1 -1,1 1,1 
1,-1 -1,1 1,-1 -1,1 1,-1 -1,1 1,-1 1,1 1,1 -1,-1 -1,-1 
-1,-1 1,1 1,1 -1,-1 -1,-1 1,-1 -1,-1 -1,-1 1,-1 1,-1 1,-1 
-1,1 -1,-1 -1,-1 1,1 1,1 1,1 1,1 1,-1 -1,-1 1,1 -1,1 

1,1 -1,-1 -1,-1 1,-1 -1,-1 -1,1 -1,1 -1,1 -1,1 1,1 -1,1 
1,-1 1,-1 1,1 1,1 1,1 1,-1 1,1 1,-1 1,-1 1,-1 1,-1 
-1,1 1,1 -1,1 -1,1 -1,1 -1,-1 -1,-1 -1,-1 -1,-1 -1,1 -1,-1 
-1,-1 -1,1 1,-1 -1,-1 1,-1 1,1 1,-1 1,1 1,1 -1,-1 1,1 

1,1 -1,-1 -1,-1 1,1 -1,1 -1,1 -1,-1 1,-1 1,-1 1,-1 -1,-1 
1,-1 -1,1 1,-1 1,-1 1,-1 1,-1 1,1 1,1 -1,1 -1,1 1,1 
-1,1 1,-1 1,1 -1,1 -1,-1 1,1 1,-1 -1,1 -1,-1 -1,-1 1,-1 
-1,-1 1,1 -1,1 -1,-1 1,1 -1,-1 -1,1 -1,-1 1,1 1,1 -1,1 

-1,-1 -1,-1 1,1 1,1 1,1 -1,1 -1,1 1,1 1,1 1,1 1,-1 
1,1 1,-1 1,-1 1,-1 -1,-1 1,-1 -1,-1 -1,-1 -1,-1 -1,-1 -1,1 
1,-1 -1,1 -1,-1 -1,-1 1,-1 -1,-1 1,-1 1,-1 -1,1 -1,1 -1,-1 
-1,1 1,1 -1,1 -1,1 -1,1 1,1 1,1 -1,1 1,-1 1,-1 1,1 

-1,-1 -1,-1 1,-1 1,-1 1,-1 -1,1 1,-1 1,-1 1,-1 -1,1 -1,-1 
1,1 1,1 1,1 1,1 1,1 1,1 1,1 1,1 -1,-1 1,1 1,1 
1,-1 -1,1 -1,1 -1,1 -1,-1 -1,-1 -1,1 -1,1 1,1 -1,-1 -1,1 
-1,1 1,-1 -1,-1 -1,-1 -1,1 1,-1 -1,-1 -1,-1 -1,1 1,-1 1,-1 

1,-1 1,1 1,-1 1,1 1,-1 -1,1 -1,-1 1,1 1,-1 -1,1 1,1 
-1,-1 -1,1 1,1 1,-1 1,1 1,-1 1,1 -1,1 -1,-1 1,-1 -1,1 
-1,1 1,-1 -1,1 -1,-1 -1,-1 -1,-1 1,-1 1,-1 -1,1 1,1 -1,-1 
1,1 -1,-1 -1,-1 -1,1 -1,1 1,1 -1,1 -1,-1 1,1 -1,-1 1,-1 

-1,1 1,1 -1,1 -1,-1 -1,1 -1,-1 1,1 -1,-1 1,1 1,-1 -1,-1 
1,1 -1,1 -1,-1 -1,1 -1,-1 -1,1 -1,-1 1,1 -1,1 -1,-1 -1,1 
1,-1 1,-1 1,-1 1,1 1,1 1,-1 1,-1 1,-1 -1,-1 1,1 1,1 
-1,-1 -1,-1 1,1 1,-1 1,-1 1,1 -1,1 -1,1 1,-1 -1,1 1,-1 

-1,1 -1,-1 1,-1 -1,-1 1,-1 1,1 -1,1 1,1 1,-1 1,1 -1,-1 
1,-1 -1,1 1,1 1,-1 1,1 -1,-1 1,1 -1,1 1,1 -1,1 1,1 
-1,-1 1,-1 -1,1 -1,1 -1,1 1,-1 -1,-1 -1,-1 -1,-1 -1,-1 1,-1 
1,1 1,1 -1,-1 1,1 -1,-1 -1,1 1,-1 1,-1 -1,1 1,-1 -1,1 

1,-1 1,1 -1,-1 1,1 -1,-1 -1,1 -1,-1 -1,1 1,1 -1,1 1,1 
-1,-1 1,-1 1,1 -1,-1 -1,1 1,1 -1,1 1,1 -1,1 -1,-1 -1,1 
1,1 -1,1 -1,1 -1,1 1,1 1,-1 1,-1 -1,-1 1,-1 1,1 1,-1 
-1,1 -1,-1 1,-1 1,-1 1,-1 -1,-1 1,1 1,-1 -1,-1 1,-1 -1,-1 

-1,1 1,-1 1,1 -1,1 -1,-1 1,-1 1,1 1,-1 1,1 -1,-1 -1,1 
1,-1 -1,1 -1,-1 1,1 -1,1 1,1 1,-1 1,1 -1,-1 1,1 1,-1 
-1,-1 -1,-1 1,-1 -1,-1 1,-1 -1,1 -1,-1 -1,1 -1,1 1,-1 1,1 
1,1 1,1 -1,1 1,-1 1,1 -1,-1 -1,1 -1,-1 1,-1 -1,1 -1,-1 

-1,-1 1,1 -1,-1 1,1 1,1 1,1 -1,-1 -1,-1 -1,1 1,-1 -1,1 
1,-1 1,-1 -1,1 -1,1 1,-1 1,-1 -1,1 1,1 1,1 -1,-1 1,1 
1,1 -1,1 1,-1 1,-1 -1,1 -1,-1 1,1 1,-1 -1,-1 1,1 -1,-1 
-1,1 -1,-1 1,1 -1,-1 -1,-1 -1,1 1,-1 -1,1 1,-1 -1,1 1,-1 

-1,-1 -1,-1 -1,-1 -1,1 -1,-1 1,-1 1,1 1,1 1,1 1,1 1,1 
1,-1 1,-1 1,1 1,1 1,1 -1,1 -1,1 -1,-1 1,-1 1,-1 -1,-1 
-1,1 1,1 1,-1 1,-1 1,-1 -1,-1 1,-1 1,-1 -1,-1 -1,1 -1,1 
1,1 -1,1 -1,1 -1,-1 -1,1 1,1 -1,-1 -1,1 -1,1 -1,-1 1,-1 

1,1 1,1 -1,-1 -1,-1 -1,1 -1,1 -1,1 -1,1 -1,1 -1,1 -1,1 
1,-1 1,-1 -1,1 1,1 1,-1 1,-1 -1,-1 -1,-1 1,-1 1,1 -1,-1 
-1,-1 -1,-1 1,1 1,-1 1,1 -1,-1 1,1 1,-1 -1,-1 -1,-1 1,1 
-1,1 -1,1 1,-1 -1,1 -1,-1 1,1 1,-1 1,1 1,1 1,-1 1,-1 


3 8 7 9 
4 2 3 5 
0 5 3 1 
1 8 6 2 
4 10 1 3 
9 3 10 6 
0 5 3 2 
8 7 3 4 
2 10 9 8 
4 3 7 5 
0 2 8 6 
3 8 1 10 
10 9 0 8 
8 2 4 7 
9 6 1 5 
10 0 5 4 
2 4 5 1 
7 4 8 0 
8 5 1 6 
3 8 4 0 
6 2 5 1 
1 7 3 4 
5 7 1 2 
1 4 5 2 
7 10 4 1 


