1350339725.4499 1435273625.5940 1101066903.0068 2045472335.7612 1263082608.7981 1211590492.9793 1113984481.8921 1551174456.3985 1934131688.3654 1398784123.5315 1351193684.6595 
1173334200.5335 1977255729.7882 1332073005.4740 1552460653.7411 2093615141.5802 1727466397.5140 1905367353.5644 1391677967.4046 1260053856.4592 1416282008.9658 1685884123.4161 
1158208206.9303 1486646103.9497 1516223515.4535 2134076570.5126 1460688288.9316 1365621555.1578 1545248385.2977 1350618802.9423 1944378700.7523 2029191869.3155 1148516685.7745 
2053403446.1281 1762778520.3353 2021459091.0382 1117760131.2263 1731635778.1162 1163768541.5049 1704542976.6698 1842562661.0988 1742873788.6989 1258901375.0463 1701068580.7113 
2132529938.6769 1348264424.7224 1428248559.8454 2008527207.8712 1576578145.4439 2066710634.8075 2067064451.2657 1508329055.5144 1474831946.6137 1201992973.6988 1283803166.4365 
1861512018.7513 2039340375.7797 1358898240.3964 1720652964.8419 1173692265.0585 2003761237.1152 2041090725.0763 1577313427.2987 1783117129.7980 1393400844.1308 2041853524.6712 
1489323963.6867 1979195575.3426 1302887574.1288 1325871299.1141 2077041308.6928 2084218799.1333 1493206792.7566 1417409862.7078 1373939635.9526 1494429680.3507 1238949518.1124 
1402291868.7824 1391287742.6497 1617871518.2384 1958028078.3835 2011260368.1239 1192267426.9767 1410800182.4390 2044954997.8477 1271151973.2568 1980499131.8492 1312548117.8399 
1519187209.9011 1604707190.2146 1770099311.6796 1423099907.2762 1090399184.2209 1839262505.0796 1268779409.4292 1291611926.1391 1760090525.2711 1126302242.6673 1630236548.3755 
1306318105.0498 1239749826.3825 2067844672.1658 1604112945.2099 1398766885.1829 1320783370.4962 1301540773.1505 1917268959.1243 1097091619.7766 1115476344.2830 1107641202.6613 
1789040492.4752 1396880144.4925 2024792652.8856 1775640062.4287 1563595035.7710 2051999235.6832 1240387210.8589 1310484608.4488 1571924230.8004 1810006002.6452 2068384179.7017 
1868761634.6788 1798303405.2934 1585391800.6630 1529680490.7863 1546949998.2851 1157980194.0804 2002216139.6453 1595239756.5685 1207496145.0600 1157345620.3886 2087314127.2581 
1705158297.1792 1622594079.2096 1374580778.3006 1422133741.3012 1436961962.9821 1488449680.5812 1437962754.4960 1274350889.7143 1767607650.6868 1258296450.6221 1849838494.1155 
1699320796.6017 1828635198.7151 1644244163.1056 1723490507.0671 1170349354.7631 2030901839.9776 1799481166.7636 1891773674.6659 1459563774.0786 1975863795.9252 1645965588.3726 
1588101004.4135 1821780624.7615 1638609905.9539 1145003411.4326 1287031410.9181 1090813083.2990 1536412911.0369 1979495530.3783 1266404784.9424 1604284316.8456 2103272038.6803 
1451957941.3359 2083653940.4995 2056483450.3604 1577304877.2678 1465099230.9349 1482246654.7880 1824865108.3092 1933146075.3686 1712348625.1098 1281453151.1661 1129279887.1773 
1139336097.2225 1398114727.1671 1490778453.0505 1617790096.8893 1949400995.2382 2050524089.1417 1223642994.7983 2090383207.6287 1835302941.8201 2000999350.6221 1093379409.5781 
1346281566.4448 1953261105.8158 1829673030.1467 1631802524.2165 1347818833.8444 1452326989.3805 1704424549.0347 1290285231.1576 1704598263.8362 1476831316.1909 1506314832.1301 
1466207680.8416 1472579538.9542 1845063226.1696 1290201880.3477 1188320373.2030 2082806350.6738 1811987569.9991 2081282790.2222 1214402363.5186 1599562787.8510 2143400314.2652 
1669432769.0971 1765687886.2417 1094903500.4451 1331893452.3595 1542851802.8269 2078288011.8635 1128784962.5007 1483369943.1694 1577338959.8699 1758583772.9749 1360100535.5927 
1130085486.7015 1732813048.0801 2078764962.5708 1299708922.3926 1782022686.6616 1154023480.3423 1126311031.8628 1814104077.6155 1469547210.2170 1094340782.7383 1084289764.2249 
1638177241.0777 1721950515.5837 2081592644.5592 1376701031.5948 1185747143.1749 2120207699.5696 1212905393.1580 1336030733.3898 1095459548.2901 2027724178.3594 1518275506.1322 
1686671523.1556 1919241899.8016 1731194077.3081 1437442516.3028 1227971860.5996 1860686770.2941 1261181495.5963 1716680551.5709 1205088360.9982 2055667010.3810 1122571764.4546 
1865159154.8982 1400458223.7285 1160347831.5838 1572450578.7751 2135808433.0680 1165662892.7111 1288523187.1083 1982974556.8050 2093041178.9404 2106505816.8750 1463696155.1555 
1452961933.2798 1840974187.6311 1118570154.6855 1086389926.3549 1990842006.3428 1890228654.8251 1571945758.0914 1122240545.1731 1189451295.6767 1104007655.6132 1283320468.5668 
1802969187.9190 2036378598.0991 2086203285.8938 1417636786.2175 1406726784.7591 1479851553.4415 1206562720.9884 1096443527.5265 1999824540.0344 1147802299.4343 1366016826.3968 
1843375018.1689 2049883673.8427 1570756668.6094 1760613853.9614 2142840001.2098 2028732850.0465 1483576344.4941 1785171206.6789 1920083558.1973 1369757549.0586 1550688834.6726 
1766660677.4088 1688608810.1114 1805379117.3575 1598315484.0522 2049913414.9163 1852347738.6045 1637989533.6829 1444135100.8559 1932046133.6339 1845995615.6257 1188234874.5500 
1332586260.8060 1537905685.7444 1455351725.0732 1741765239.2421 2012072825.5718 1970752425.5603 1925245343.6292 2116092872.6517 1766587279.4695 1451152669.8159 1800261841.4333 
1241064164.6698 1378849039.3106 1660843167.9285 1374113091.6516 1393092647.6139 2072082652.7872 1778411028.5402 2076113304.4349 1883325975.6833 1155997123.1811 1415800939.5789 
2076783831.0151 2039450997.5765 1301345621.7086 1280190401.5036 1609867638.7421 1730406770.5302 1176803216.3983 1315129083.8213 1645701302.2185 1382206274.6534 1158711717.7358 
1966062709.8368 1272644984.8180 1830996282.8948 1143837994.6183 1697897538.1798 1237978496.0261 1217354112.5106 1673895363.5217 1216234791.6559 1796745809.8759 1226994498.6389 
1784031952.5735 1883442872.7469 1956623204.8416 2112598084.7232 1372418202.7509 1500019760.4486 1935834257.5114 1743285860.6773 1343588961.8502 1437275897.7619 2024787653.5376 
1652368213.7747 2010251264.9160 1886702149.2258 2003346007.3935 1246517925.0865 1437826831.0486 1109968151.4974 2130088938.5044 1904768773.1365 1488324115.3099 1205740120.2970 
2062176668.4880 1295782129.0629 1284912515.4661 1461519209.0610 1105612652.4187 1690456575.0072 1494722980.5294 1451617582.6059 2074493364.3272 2118918815.7245 1319134716.6696 
1729806170.6464 1112829911.1382 1229426968.0628 2122809767.9264 1791261636.0613 2047865268.4822 1507884559.2541 1289187613.9620 1463203196.5210 1086308363.5802 1881652283.1028 
1565131828.9632 1875525031.5463 1329538060.2897 1427123675.7849 1323379998.4294 1739091883.8802 1433561414.6104 1213220527.2109 1399013655.4148 1633776928.7190 1993846155.3984 
1204067683.1976 1710442915.0713 1401688167.3633 1403657639.9364 1524901972.4632 1142530924.5100 1348894546.6252 1115017342.9852 2091050425.4849 1577453092.3019 1192947853.8414 
1115677711.4895 1901748497.4769 1791434999.4544 1728609092.0417 1920514331.5217 1355542689.4168 1169734096.0670 1369487235.0464 1538525204.0457 1655505301.6082 1187186214.2014 
1511011630.7649 1436237701.5726 2012978463.4013 1153373764.8869 1899851110.4983 1599811602.4263 1088959960.7305 1246914216.7640 1165394546.3965 1921889215.0979 1644474878.4462 
1166844385.3543 1095588402.1754 1319383997.2082 1312329385.2086 1186297352.8792 1777996210.5570 1555988530.2040 1173745362.8339 1775000167.3177 1836445994.5171 1136812237.2632 
1479755587.9905 2087872716.5581 1978554434.8055 1940134011.7045 2024004347.0902 1857564216.8354 1732020072.5965 1556235544.8780 1691222973.2491 1201647813.2546 2038161796.4377 
2057234186.3228 1905696891.4492 1820378244.3829 1576107163.4202 1142143236.2603 1086880822.8469 1861600474.0644 1341516001.3221 1138607840.2600 1795442628.8375 1127587051.8471 
1488602342.2990 1987814385.2029 1740601011.4904 2063581633.5081 1271125932.0357 2106535097.2628 1446958078.8691 1464102615.7918 1270721242.2912 1115010191.1721 1677677205.5439 
1499245065.0176 1436427347.9833 1328229879.2478 1995710955.5761 1563404783.1269 1207955037.4081 1596388962.8889 1240483331.0848 1121927644.0255 1466011371.9853 1502894056.4460 
2018101672.0833 1184053293.0116 1372421259.6165 1738429859.6946 2136523669.5838 1438842698.0632 1965155483.7445 1128431007.5834 1715226622.1152 2053822849.9097 1566776619.4352 
1958331997.4962 1652705079.6685 1169598681.2695 1103601888.2390 1799896839.3722 1121346607.2016 1989910523.4259 1572950687.2395 1418380524.8139 1873260985.0143 2040648758.7327 
2015736437.7480 1797009749.0713 1124483763.1091 2121551406.1010 1601435856.0362 1687125833.9996 1915591641.3538 1883148319.8813 1346003323.4677 2020291975.2006 1424535687.3777 
1930557256.7403 1658311486.7984 1977504286.8997 1769679481.8269 1402492341.4713 1981850953.7687 1548931043.1399 1753932845.6398 2110870844.3920 1597987100.9429 1321373764.6677 
1561156506.0129 1457679139.0449 1504797804.2367 1449733793.9534 1274299009.8388 1380096658.4199 1754699775.7803 1629535230.4460 1696075673.4240 2113302603.0827 2027821496.3751 
1506392441.3827 1500996921.9814 1210776472.4838 1208316579.1091 1315566740.4569 1362182950.8797 1836317795.1570 2041609247.1025 2086231770.8308 1103879241.6483 1726718683.4747 
1592428134.9211 1123798688.4772 1584224841.7389 1087913552.2418 1763203198.5553 1387507022.2715 1377015065.9247 2052322605.4398 2044731196.6388 1725292734.4282 1211325035.4061 
1774559010.9297 1299070465.0639 1164892975.5900 1977363309.2241 1910775927.8550 1234348014.0876 2136104357.4528 1570288494.4039 1463842280.5209 1506780695.4735 1797707502.7964 
1162769202.1056 2044564363.1653 1919472107.8033 1841001062.7121 1286194885.0520 1563765754.6925 2051256234.5186 1867177213.6277 1296162492.9255 1798696447.9215 1458896983.1213 
1517818912.7801 2118164238.4840 1556294851.9849 2072122794.0680 2044962602.1026 1870535994.3745 1561585656.4597 1473893786.9186 1361861323.0054 1330102404.6683 1559219404.3247 
1216113634.6594 1316143131.9801 1927002335.9168 1916879688.2171 1427099129.0373 1769376583.1526 1190488712.4032 2117175892.1760 1744137308.9247 1529644631.6872 1947359006.3773 
1726890181.8589 1664067911.8300 1788766299.2759 1953627436.8650 1690595907.8842 1612051505.2292 1663856161.5599 1516810440.3654 1598358929.6072 1459301239.2063 1389149431.3241 
1189873298.6046 1695512455.9669 1288253292.9063 1425073097.1732 1193878291.2602 1525321936.6529 1433858033.5681 1443390483.2467 2136633489.9968 1536902764.0140 1292591305.5724 
1573651922.2624 1205497406.6037 1927505004.4630 1707842004.4565 1370918298.9789 1524032507.2322 2068661611.5678 1421312230.9333 1204308969.3359 1123642818.9132 1091873453.0605 
2018336952.2846 1636730657.2746 1808444082.8427 1131463520.1049 1686807904.8223 1534528036.5107 1501342283.6813 1399368069.8624 1417774146.2916 1472395428.3953 1870953433.7528 
1708717469.3638 1864188328.7900 1819836273.5211 1218384190.3454 2064168167.4470 2097973201.8962 1884222410.7678 1462836057.9827 1974867949.0344 1620820685.5553 1893203516.9044 
2146421591.4088 1871184178.4306 1968898429.4120 1854236053.0530 2094649073.3868 1861902194.2311 1516403969.3463 2035834976.8334 1507033237.0998 1261533142.7735 1575711293.6917 
1575025815.0653 1949311394.5491 1295497782.2373 1693629654.6213 1333235040.7127 1581762948.3629 2106606699.4228 1165007707.1669 2036935252.1775 1089601320.3222 1268463371.3036 
1421557901.2867 2038419818.5355 1290952483.6285 1528468093.3943 1363339492.6254 1644774665.5301 1851664197.8384 1840977690.0223 1571910334.1351 1992814990.2067 1785864936.6692 
1296816283.5462 2134303076.8508 1671659565.4008 1380184613.8104 1694409228.9125 1203642821.6933 2049794320.0622 1867640162.1866 1772290104.9921 1563759080.0532 1087107025.5684 
1308175358.8193 1418377619.5844 1621415793.7571 1227540071.9420 1851590769.4063 1577961042.7027 1590782547.1873 1252763579.7183 1747505369.7179 1087845527.6354 1135559129.9384 
1503687977.7055 1185523143.5215 1122606906.8874 2008438880.3067 1641537142.8131 1747052250.9029 1579564214.5471 2017902133.1321 1358625891.1125 1181995566.7087 1959447329.0586 
1091259223.3746 2113661223.5661 1270517392.4765 1162012199.1205 2044053817.7402 1864031710.2560 1280662613.2932 2086640492.8818 1936771006.6228 1510295315.7916 1456179723.9850 
2079016279.5365 1691201153.2241 1943523347.7748 1510141588.6378 1650402688.4628 1201060118.2794 1822548429.6374 1221260137.5744 1435378457.8696 2035599213.1976 1916526390.1360 
1346621311.1974 1395052378.9549 1528478282.6186 2016802198.8137 1463353601.6016 2033403785.1394 1394370947.9675 1686292161.9324 1119053685.5873 1297355827.8356 2113117743.5538 
2006889432.4088 1862740932.3926 1102198433.5249 2086675097.1553 1505963882.4924 1206405215.8530 1398548329.0752 1593888706.0401 1863681852.5973 1178691087.9601 1189304841.9793 
1672608241.9966 2042626197.8521 1913189872.6287 2136785843.8204 2057465406.1912 1191388989.5936 1999700301.6125 2098080511.3469 1356535747.6162 1497907986.6447 1761848897.3219 
1907154947.6562 1737117881.7167 1740930348.9474 1690569307.2382 1674471333.5791 2044316756.4349 1680371555.6428 1295776216.4151 1892280169.4855 1957791948.5067 1972789818.2400 
2146499458.2807 1770143663.9459 1345746957.0513 1199171526.4294 1362160407.9278 1285792942.4678 1290153285.2919 2092808666.6651 1861270176.3268 1121228809.5319 1155897262.2272 
1426405719.3072 1516668539.4904 2075301283.9408 2139956911.5672 1565201109.0507 1742300640.4645 1933280876.1887 1410864668.8840 1855063958.6755 1790268095.5828 1790595319.9668 
1547835722.8017 1676885713.4956 1269436374.1090 1629236258.0952 1447833566.8530 2011852431.6538 1671650849.0569 1415915615.7755 1491364983.3674 1314736369.6975 2082280971.0516 
1259298802.8726 1271713933.4218 1927724579.1982 1372969076.8631 1099029743.8865 1210195805.0397 1812625732.1274 1905096830.5526 1397987588.7932 1454104071.0213 1424951327.6825 
1643361008.7258 1316502231.7762 1325110367.1667 1406581117.1130 1950678013.7399 1382458899.5139 1660642356.6804 1943679834.6105 1411042003.7702 1184816002.9392 1772700774.9585 
1828880441.0141 1838032672.2055 1241709358.7788 1146240572.6435 1259728050.0752 1703244522.6832 1268828802.9023 1531568848.7491 1406380986.4331 1471123470.2270 1639669660.5826 
1850824724.3839 1868047145.9775 1289470622.2277 2133466591.8602 1914937387.0808 1475528621.8813 1533400240.4599 1949486236.2721 1862832110.6340 1859073284.9434 1660890327.8408 
2065793591.1649 1264719317.3413 1245789426.3206 1263116979.1844 1253568160.2874 1187770462.9935 2059513234.3483 1761798536.1519 1102817786.0130 1566835749.5184 1733236625.7493 
2107167809.4123 1526439968.8950 1340127417.2309 1495562820.7249 1872511829.5708 1487789212.8546 1438264818.3272 1842722774.6077 1690565083.4033 1426185466.3148 1318129603.0817 
1930332102.9668 1243025317.1495 1585635709.3519 1926104506.5644 1902792872.1772 1172365124.5515 1733338895.4767 1685884146.8203 1353925617.6128 2084243774.2629 1828770172.7646 
2033833851.5248 1386134216.3257 1808614669.0826 1142476224.9503 1238852036.0946 1259132507.8861 1107475956.4674 1447357805.3637 1764046401.1995 1511149857.9859 1736049095.4336 
2144212152.9582 1541914043.3321 1411622668.9033 1089298175.8947 1360767016.0171 1926395083.1592 1452028286.0316 2138859154.6015 1505718651.4038 1972360800.1471 1977291480.2654 
1421612362.3372 1491346123.4522 1879706061.5761 1197167645.8887 1343534805.7273 1166212833.5856 1196139185.3263 1516702271.8395 2145458813.2701 1466184006.5184 1417611471.2177 
1666342859.8027 2063774601.3366 1310067362.0822 1181682476.1715 1461534695.1446 1093129727.0283 2025341545.6231 2143176019.5668 1234733379.4368 1331864612.7198 1435885537.0015 
2143131984.2664 1594931287.9277 1572631212.4858 1484741755.3753 1826937232.8387 1231965314.4327 2088774186.7608 1699118321.6005 1584564474.9031 1245969268.0471 1162456580.9982 
1957299220.1373 1077192284.5497 1090952310.5206 1917373724.4813 1359393245.8408 1567298370.0732 1899279386.5246 2006999491.3310 1544175379.4572 1844249161.0043 1699287279.3575 
1146134640.3171 2061292479.4926 1799666580.1122 1496449828.2489 1882425472.0221 1717338225.6562 1310418488.2435 2047480133.7258 1924417964.6278 1893578981.9691 1793429340.0186 
2025336219.4265 1992294568.8846 1727360493.0417 2026304166.8482 1149235037.1749 1768688615.9850 1784773923.5724 1291180568.5023 1091258963.7722 1825778105.7960 1228192134.3575 
1548754994.7276 1688872848.2014 1750630622.3729 1734751141.1973 1074182092.3034 2028682940.8351 1515278934.1330 1787835732.7975 1611898089.7638 1802289662.4882 1432384049.2184 
1097887613.8890 1738537010.0930 1651191377.9704 1141707406.3967 1915366193.2076 1889525928.6228 1379789804.4127 1977086991.0858 1355556607.6753 1691433844.6618 1353458654.5463 
1482594667.5480 1524786626.2534 1306856253.2603 2020107938.3210 1811262050.7975 1727987709.7149 1461227758.2308 1492391392.4979 1605417894.5013 1765704260.7377 1879834436.8043 
1689632403.8520 1214708847.8184 1155527946.3362 1405433647.8973 1877185001.1910 1794285986.7140 1921396892.0341 1475957523.9362 1147734039.4575 1861186499.8238 1933558390.6336 
1719045015.3429 1988284545.7328 1466243407.4146 1366401485.6349 1186351026.0675 1837487967.5325 1832006165.5655 1595527875.4427 1143529321.7553 1346398454.9367 1426589393.2401 
1670641845.5713 1225608377.7014 1301557016.2759 1131422451.0195 1276230193.1185 1466682521.1147 1406202527.1086 1110554232.4945 1697183583.1881 1105835764.8153 1099376930.7029 
1661279172.1770 1519176615.1991 1439143753.9775 1407555403.5813 1931839743.3475 1665403261.3422 1616168921.5661 1361649758.0029 1776460082.9283 1956159456.0544 2074558407.0583 
1286455789.9582 1277324706.4676 1219470292.4505 1967054380.8568 1723414090.4990 1906103790.8502 1090720338.3879 1596195982.8667 1965568583.2497 1546144597.7055 2016244797.5763 
1904341969.6499 1942813770.8928 1245295931.8377 1961068883.9722 1645422730.0816 1930418867.9837 2050883415.0809 1110389714.0050 1912793880.6013 1252446947.3977 1449640279.9624 

-1,-1 1,-1 1,-1 1,-1 1,-1 1,-1 -1,-1 -1,1 -1,1 -1,1 -1,-1 
1,1 -1,1 1,1 1,1 -1,1 1,1 1,1 1,-1 1,-1 1,1 1,1 
-1,1 1,1 -1,-1 -1,1 1,1 -1,-1 1,-1 1,1 -1,-1 -1,-1 -1,1 
1,-1 -1,-1 -1,1 -1,-1 -1,-1 -1,1 -1,1 -1,-1 1,1 1,-1 1,-1 

1,-1 -1,-1 -1,-1 -1,-1 -1,-1 -1,-1 -1,1 -1,-1 -1,-1 1,-1 1,-1 
1,1 -1,1 1,-1 -1,1 1,1 1,-1 1,1 1,-1 -1,1 -1,1 -1,1 
-1,1 1,1 1,1 1,-1 1,-1 -1,1 -1,-1 -1,1 1,1 1,1 -1,-1 
-1,-1 1,-1 -1,1 1,1 -1,1 1,1 1,-1 1,1 1,-1 -1,-1 1,1 

1,-1 1,1 1,1 1,1 1,1 1,1 1,1 -1,-1 -1,-1 -1,1 1,1 
-1,-1 -1,-1 -1,-1 -1,-1 -1,-1 1,-1 1,-1 1,-1 1,1 1,-1 1,-1 
1,1 -1,1 1,-1 -1,1 -1,1 -1,1 -1,1 -1,1 1,-1 1,1 -1,-1 
-1,1 1,-1 -1,1 1,-1 1,-1 -1,-1 -1,-1 1,1 -1,1 -1,-1 -1,1 

-1,-1 -1,1 -1,1 -1,-1 -1,-1 -1,-1 -1,-1 -1,-1 -1,-1 1,1 -1,1 
1,-1 1,1 1,-1 1,-1 1,-1 1,1 1,-1 1,1 1,-1 1,-1 -1,-1 
1,1 1,-1 -1,-1 1,1 -1,1 -1,1 1,1 1,-1 1,1 -1,1 1,1 
-1,1 -1,-1 1,1 -1,1 1,1 1,-1 -1,1 -1,1 -1,1 -1,-1 1,-1 

1,-1 -1,1 1,-1 -1,1 1,1 1,1 1,1 1,1 -1,-1 1,-1 1,-1 
-1,-1 1,1 1,1 -1,-1 -1,-1 -1,1 -1,1 -1,1 -1,1 -1,1 -1,1 
-1,1 1,-1 -1,1 1,-1 1,-1 1,-1 -1,-1 1,-1 1,1 -1,-1 -1,-1 
1,1 -1,-1 -1,-1 1,1 -1,1 -1,-1 1,-1 -1,-1 1,-1 1,1 1,1 

1,-1 -1,-1 -1,-1 -1,-1 -1,-1 -1,-1 -1,-1 -1,1 -1,-1 1,-1 1,-1 
-1,1 -1,1 1,-1 1,1 1,1 1,1 1,1 1,-1 1,1 1,1 1,1 
-1,-1 1,1 -1,1 -1,1 -1,1 1,-1 -1,1 -1,-1 -1,1 -1,1 -1,-1 
1,1 1,-1 1,1 1,-1 1,-1 -1,1 1,-1 1,1 1,-1 -1,-1 -1,1 

-1,1 1,-1 1,-1 1,-1 1,-1 -1,-1 1,-1 -1,-1 1,1 1,-1 1,-1 
1,1 1,1 1,1 -1,-1 -1,1 -1,1 1,1 -1,1 -1,1 -1,1 -1,-1 
1,-1 -1,1 -1,1 -1,1 1,1 1,1 -1,1 1,1 1,-1 -1,-1 -1,1 
-1,-1 -1,-1 -1,-1 1,1 -1,-1 1,-1 -1,-1 1,-1 -1,-1 1,1 1,1 

1,1 1,1 1,1 1,-1 1,1 1,-1 1,1 1,1 -1,1 -1,-1 -1,1 
-1,1 -1,-1 -1,-1 -1,-1 -1,-1 -1,-1 -1,1 1,-1 1,-1 1,1 1,1 
-1,-1 1,-1 1,-1 -1,1 -1,1 -1,1 -1,-1 -1,1 1,1 1,-1 -1,-1 
1,-1 -1,1 -1,1 1,1 1,-1 1,1 1,-1 -1,-1 -1,-1 -1,1 1,-1 

-1,1 -1,-1 -1,-1 -1,-1 1,-1 -1,-1 1,-1 1,-1 1,1 1,1 1,1 
1,-1 1,-1 1,1 -1,1 -1,1 -1,1 -1,1 -1,-1 -1,1 -1,-1 -1,-1 
-1,-1 1,1 -1,1 1,-1 1,1 1,-1 1,1 1,1 1,-1 1,-1 1,-1 
1,1 -1,1 1,-1 1,1 -1,-1 1,1 -1,-1 -1,1 -1,-1 -1,1 -1,1 

1,1 -1,1 -1,1 -1,1 -1,1 -1,1 -1,-1 -1,1 -1,1 -1,1 -1,1 
1,-1 1,-1 1,-1 1,-1 -1,-1 1,1 1,1 1,-1 1,-1 1,1 1,-1 
-1,-1 -1,-1 1,1 -1,-1 1,1 1,-1 -1,1 -1,-1 -1,-1 1,-1 1,1 
-1,1 1,1 -1,-1 1,1 1,-1 -1,-1 1,-1 1,1 1,1 -1,-1 -1,-1 

-1,-1 -1,-1 -1,1 -1,1 1,1 -1,1 -1,1 1,1 1,1 1,-1 -1,1 
1,-1 1,-1 1,1 1,-1 1,-1 -1,-1 1,-1 1,-1 -1,-1 -1,-1 -1,-1 
-1,1 -1,1 -1,-1 1,1 -1,1 1,1 -1,-1 -1,1 1,-1 1,1 1,-1 
1,1 1,1 1,-1 -1,-1 -1,-1 1,-1 1,1 -1,-1 -1,1 -1,1 1,1 

-1,1 -1,1 -1,1 -1,1 1,-1 1,1 1,1 -1,1 1,1 1,1 1,1 
1,-1 1,1 -1,-1 -1,-1 -1,-1 -1,-1 -1,-1 1,-1 1,-1 -1,-1 1,-1 
-1,-1 -1,-1 1,1 1,-1 -1,1 1,-1 -1,1 1,1 -1,1 1,-1 -1,-1 
1,1 1,-1 1,-1 1,1 1,1 -1,1 1,-1 -1,-1 -1,-1 -1,1 -1,1 

-1,-1 1,1 -1,-1 -1,-1 1,-1 -1,-1 1,-1 1,-1 1,-1 1,1 1,1 
1,-1 -1,1 -1,1 -1,1 -1,1 1,1 1,1 -1,-1 -1,1 -1,-1 -1,1 
1,1 -1,-1 1,-1 1,-1 1,1 -1,1 -1,-1 1,1 -1,-1 -1,1 1,-1 
-1,1 1,-1 1,1 1,1 -1,-1 1,-1 -1,1 -1,1 1,1 1,-1 -1,-1 

1,-1 1,-1 -1,-1 1,-1 -1,1 1,-1 -1,1 -1,1 -1,1 -1,1 1,-1 
-1,1 1,1 -1,1 1,1 -1,-1 1,1 -1,-1 1,1 1,1 -1,-1 1,1 
1,1 -1,1 1,1 -1,1 1,-1 -1,1 1,-1 1,-1 1,-1 1,1 -1,-1 
-1,-1 -1,-1 1,-1 -1,-1 1,1 -1,-1 1,1 -1,-1 -1,-1 1,-1 -1,1 

1,-1 1,-1 1,-1 1,-1 1,-1 -1,1 -1,1 -1,1 1,-1 1,-1 1,-1 
1,1 1,1 -1,-1 -1,-1 1,1 1,1 1,-1 1,1 1,1 -1,1 1,1 
-1,1 -1,1 -1,1 1,1 -1,-1 -1,-1 1,1 1,-1 -1,1 1,1 -1,-1 
-1,-1 -1,-1 1,1 -1,1 -1,1 1,-1 -1,-1 -1,-1 -1,-1 -1,-1 -1,1 

1,-1 1,-1 -1,-1 -1,1 -1,-1 -1,-1 -1,1 -1,1 -1,1 -1,1 -1,1 
1,1 1,1 1,1 1,1 1,-1 1,-1 1,-1 1,1 1,1 1,1 1,1 
-1,1 -1,1 -1,1 1,-1 1,1 1,1 -1,-1 -1,-1 1,-1 -1,-1 -1,-1 
-1,-1 -1,-1 1,-1 -1,-1 -1,1 -1,1 1,1 1,-1 -1,-1 1,-1 1,-1 

-1,1 -1,1 1,-1 -1,1 1,-1 1,-1 1,-1 -1,-1 1,-1 1,1 1,1 
1,-1 -1,-1 1,1 1,1 -1,-1 -1,-1 1,1 1,1 -1,1 -1,1 1,-1 
1,1 1,1 -1,-1 1,-1 -1,1 -1,1 -1,-1 -1,1 1,1 -1,-1 -1,1 
-1,-1 1,-1 -1,1 -1,-1 1,1 1,1 -1,1 1,-1 -1,-1 1,-1 -1,-1 

-1,1 1,1 -1,1 1,-1 -1,-1 1,1 1,1 1,1 1,1 1,1 1,1 
1,-1 1,-1 -1,-1 1,1 -1,1 -1,1 1,-1 1,-1 -1,-1 -1,1 -1,1 
1,1 -1,-1 1,-1 -1,1 1,1 1,-1 -1,1 -1,-1 1,-1 1,-1 -1,-1 
-1,-1 -1,1 1,1 -1,-1 1,-1 -1,-1 -1,-1 -1,1 -1,1 -1,-1 1,-1 

-1,-1 -1,-1 1,-1 -1,1 -1,1 -1,1 -1,1 -1,1 -1,1 -1,-1 -1,-1 
-1,1 1,1 1,1 1,1 -1,-1 1,1 -1,-1 1,1 1,-1 1,-1 -1,1 
1,-1 1,-1 -1,-1 1,-1 1,-1 1,-1 1,1 -1,-1 1,1 -1,1 1,-1 
1,1 -1,1 -1,1 -1,-1 1,1 -1,-1 1,-1 1,-1 -1,-1 1,1 1,1 

1,1 1,1 1,1 1,1 1,1 1,1 -1,1 -1,1 -1,-1 -1,-1 -1,-1 
-1,1 -1,1 -1,1 1,-1 -1,1 1,-1 1,-1 1,-1 1,1 -1,1 1,-1 
1,-1 -1,-1 -1,-1 -1,1 1,-1 -1,1 -1,-1 -1,-1 -1,1 1,-1 -1,1 
-1,-1 1,-1 1,-1 -1,-1 -1,-1 -1,-1 1,1 1,1 1,-1 1,1 1,1 

1,1 -1,-1 1,-1 -1,-1 -1,-1 -1,-1 1,-1 -1,1 -1,-1 -1,1 -1,1 
-1,1 -1,1 -1,1 -1,1 -1,1 -1,1 1,1 1,1 1,-1 1,1 1,1 
1,-1 1,1 -1,-1 1,-1 1,1 1,-1 -1,-1 -1,-1 -1,1 -1,-1 -1,-1 
-1,-1 1,-1 1,1 1,1 1,-1 1,1 -1,1 1,-1 1,1 1,-1 1,-1 

-1,1 -1,1 1,-1 1,-1 1,-1 1,-1 1,-1 1,-1 -1,1 -1,-1 -1,-1 
-1,-1 -1,-1 -1,-1 -1,1 1,1 -1,-1 -1,-1 -1,-1 1,1 1,1 1,1 
1,-1 1,1 1,1 1,1 -1,1 1,1 -1,1 1,1 -1,-1 1,-1 -1,1 
1,1 1,-1 -1,1 -1,-1 -1,-1 -1,1 1,1 -1,1 1,-1 -1,1 1,-1 

-1,1 -1,1 1,1 -1,1 1,1 1,1 -1,1 -1,1 1,-1 1,-1 -1,-1 
1,1 -1,-1 1,-1 -1,-1 1,-1 1,-1 -1,-1 -1,-1 -1,-1 1,1 1,1 
1,-1 1,-1 -1,-1 1,-1 -1,-1 -1,-1 1,-1 1,1 1,1 -1,1 -1,1 
-1,-1 1,1 -1,1 1,1 -1,1 -1,1 1,1 1,-1 -1,1 -1,-1 1,-1 

-1,1 1,1 -1,-1 1,1 1,-1 1,1 -1,-1 -1,1 -1,-1 1,1 1,-1 
1,1 -1,-1 1,1 1,-1 1,1 -1,-1 -1,1 1,1 1,-1 -1,1 1,1 
-1,-1 1,-1 1,-1 -1,-1 -1,1 1,-1 1,1 1,-1 -1,1 -1,-1 -1,1 
1,-1 -1,1 -1,1 -1,1 -1,-1 -1,1 1,-1 -1,-1 1,1 1,-1 -1,-1 

-1,1 1,-1 1,1 -1,1 1,-1 1,1 -1,-1 -1,1 -1,-1 1,-1 -1,1 
1,-1 -1,1 -1,-1 1,-1 -1,-1 1,-1 -1,1 1,-1 -1,1 -1,-1 1,-1 
-1,-1 1,1 -1,1 -1,-1 1,1 -1,-1 1,-1 -1,-1 1,-1 1,1 1,1 
1,1 -1,-1 1,-1 1,1 -1,1 -1,1 1,1 1,1 1,1 -1,1 -1,-1 


2 4 0 7 
8 4 7 1 
7 1 3 5 
8 10 4 9 
4 7 9 8 
4 9 10 3 
4 0 7 9 
5 6 3 2 
5 3 2 8 
1 2 3 7 
0 10 6 4 
7 2 10 4 
7 5 2 0 
7 6 9 4 
10 6 4 3 
10 3 8 7 
1 7 9 3 
1 6 4 0 
2 6 4 0 
2 6 3 9 
1 6 3 8 
8 6 3 1 
0 6 1 3 
7 2 9 3 
9 7 2 0 


