1535763526.2244 1621824934.9629 1232218758.1484 2009699880.1707 1965481899.9839 1352678624.3469 1652492162.1014 1820271253.2091 1877847458.8639 1279013918.9188 1812076540.2228 
2044303103.8840 1926426971.2651 1402611056.7351 2000146260.2148 1871936834.1266 1195168207.5820 1949515413.6433 1742172621.7500 1352748602.1461 2051000248.5202 1153706659.4598 
1268952681.0161 1828178429.4949 1752216935.6313 1956635058.8190 1432214609.1823 1607221390.0372 1355526623.9705 1770309221.5006 1490402555.4817 1133063210.4960 2082620798.7107 
1597957450.8476 1116464214.2449 1611812359.3623 1157300662.7165 1850853744.1861 1139713078.5263 1928354207.6113 1244639533.1712 1516903783.9213 1090041895.8643 1970218227.4053 
1445603790.0017 1078486234.3335 1638987895.6579 1077444081.3279 1637856676.5006 1912956056.2527 1696033343.0800 2124958929.2622 1684043037.2816 1415430900.7609 1837153197.8959 
1102789880.7664 1433738718.1761 1449916265.3190 1986705818.9303 2127898147.1751 1114080649.2542 1895289937.4717 1368402350.5133 1951871128.4399 1829351178.2679 1343136568.9287 
1921337070.1721 1790430089.2608 1430789725.8995 1697023145.4692 1836722991.2404 1292939222.0765 1931999322.8191 1095166879.0601 1957033156.0030 1141478231.5272 1544715432.5688 
1580323594.9852 1440935664.5380 1286696129.9929 1904394932.4326 1160857908.5791 1217243485.4363 1392813560.3942 2100688183.1296 1156997722.8389 1727287339.7001 1202065503.0080 
1937145508.1126 1722823822.4206 1804889256.6363 1099159539.7535 1379309778.2130 1710669943.0808 1962109602.6620 1236476718.3458 1237469218.2759 1784502222.0530 1260374527.8471 
1244119428.8151 1741244298.5597 1095326896.6409 1630646133.9514 1243451622.1968 1118650929.7534 2084620350.9167 1914404723.2915 1736201789.4552 1137091139.2153 1806578344.4776 
1957077463.2719 1237640958.4635 1354437927.9966 1418550728.6525 1352910920.8618 1153853758.4550 1434519529.3216 1776114422.2337 2133072464.0139 1572206736.6770 1196635652.2849 
1884063867.0672 1404674963.6877 1488429248.3912 1265976499.1759 2048528495.4074 1178993000.6385 1121082867.7787 1537916787.9408 1236937303.9567 2091997660.6764 1999974348.6088 
1102136157.0642 1770362773.3733 1730127535.6241 1416240635.9359 1443414219.8665 1733931245.3075 1490047821.2739 1151299486.7367 2028455250.8841 1861061774.6731 1683601922.9246 
2004597595.3573 1356936455.4847 2021918203.2688 1283094865.9734 1257831390.1457 1786438860.4167 1571164587.7934 1251663605.1799 1290641355.1836 1196213071.1499 1089384692.0198 
1766744265.0723 1505785832.5954 1629075329.8531 2137306390.7356 1200629224.4672 1084492312.0777 2101846496.0948 2080410270.2643 1534569249.9882 1786166558.2691 1565179635.6567 
1577602190.1430 1238338292.0506 1797223571.3665 1637099367.7600 1515602820.4557 1388016006.4600 1796481233.2989 1640160344.4530 1683897271.0687 1979732745.1456 1632863178.1402 
1522076828.3077 1660686878.8819 1568737156.6097 1456511739.3727 1186735207.3039 1590002339.3087 1607932457.4429 1742936103.3964 1713092550.4570 1816271938.4864 1772217490.9654 
1596082514.5150 1257446525.2022 1303115827.4544 1241101392.3215 2072503652.2480 1441340661.0212 2025034775.3502 1256184584.8398 1599171614.3538 1935158350.5098 1073763846.2638 
1698529391.2542 1336873605.5633 1135333609.9238 1714179929.1365 1662798428.8537 1819034327.3686 1856078902.6629 1766321887.0039 1145265559.9539 1144986209.8375 2044528898.9890 
1154713002.8135 1694374028.7884 1997905456.1575 2082771711.7856 1087333190.0531 1690613216.9456 1155872226.9398 1180958950.3827 1440695357.9626 1532612158.3412 1672623330.8464 
1556619063.0175 2067466371.1011 1868699363.4956 1820625503.3268 1365564626.1592 1943088624.2226 1364877514.6002 1670534867.0912 1837063815.9336 1939063365.8457 1291808127.0290 
1428457797.9978 1372261088.4162 1654539100.3629 1169554064.6232 1628179123.3783 2092790067.1801 1781618786.6071 1844654395.8245 1088496105.9602 1331269203.7123 1902103089.2758 
1248923209.2243 2088482253.4793 1224296804.3735 1350568625.5567 1434642202.3849 1133702807.5955 1525245495.1973 1550182185.0782 1649421296.3343 1989226564.8327 1671647721.9785 
1664095108.9821 1645366209.8552 1755281384.8783 1761442607.1207 1791805910.3690 1326037447.5697 1660844599.6055 1078002199.8871 2009396648.7147 1104758997.8090 2066763440.6767 
2033651083.1478 1462944886.9668 1171592740.6380 1481678986.1973 2127899642.1486 1434041269.0639 1212276804.9655 2107101422.1883 1743032033.5771 1541329450.5478 1402141348.3193 
1245535215.3359 1579523649.9896 1449662640.7854 1544863385.0339 1246605176.8323 1298435960.1017 1413430321.3556 1328917546.7653 1484455100.9819 1111562344.9290 1457630660.8549 
2031656077.3479 1083758662.5000 1676062263.4564 1716872129.5811 1734178706.9903 1572426561.2874 1687356448.4624 1961212230.7012 1605797500.1666 1696634702.6443 2121756774.4657 
1928874253.9484 1816603753.7740 1293203264.6162 2074647625.0184 1368881703.7333 2023510734.7582 1435691443.5793 1864639935.9880 1574786851.8273 1454881310.2184 2066874147.3633 
1149195063.1906 1572101015.4890 1612173129.3445 1990155832.3157 1223990430.8343 2010843224.7738 1979688909.4453 1579794240.7477 1183079503.6549 1262517028.3929 1838683837.6369 
2035387401.6143 1452211893.0459 1620601776.5558 1236793717.0798 1842060386.3199 1578009934.1144 1762085173.7295 1452318359.0818 1195727398.9934 1548061511.6459 1216566273.8340 
1601516510.2884 1791847656.7284 1846314149.3809 1741874188.0585 1678593344.6139 1420777271.6145 1441871826.3704 1670717064.6773 1528159491.0719 1740230266.0612 1971166753.0204 
1330213890.3177 1820887986.9409 1363447372.2116 2140448231.3360 1737647496.0565 1212927803.1006 1757073666.9573 1353439633.2678 1524968232.4386 1558804236.4162 1687641296.8493 
1621149387.1138 1180817350.8134 2117083604.9843 1254823778.2467 1648347178.2494 1761754871.2144 1967138569.4762 1657007648.5960 2049193713.2622 1832586136.4534 1815703318.6868 
1735508475.9809 1299699036.9406 1101689796.9506 1184347819.3342 1081135607.1502 1992004625.7217 1670073170.7191 1758888020.7474 1594105347.6918 1957591350.3802 1506300657.7356 
1504050561.7659 1179888364.8539 1550886726.1864 1144324926.8779 1608253256.4072 1079145771.2889 1720975770.8961 1575785692.4594 2034869000.0758 1695564526.2153 1800208044.7907 
1729359332.2035 1868857520.8452 1150027032.4401 1275885027.7245 2023644353.9320 1464645527.1520 2082185495.7959 2040785577.3532 1592396684.9245 1417065277.5042 1484046893.3582 
1589544218.1794 1128953547.9114 1190846183.7164 2139583208.4946 1423375993.9939 1892087219.6283 1493458258.0641 1880545453.6072 1770685513.9922 1883703152.7930 1358048209.8212 
1437562586.9256 2030615645.7868 2032464375.2407 1580000354.2882 1642418625.1958 1228084713.3184 1718964276.0454 1354249049.5104 1074700373.3540 2106801154.9641 1835304285.8130 
1543128487.2062 2007729210.4632 1950038917.0463 1726013249.8321 1243951470.0756 1837110678.3345 1272477696.5916 1274214357.5670 1374490031.2522 2011769353.1401 1752971218.9824 
1491109750.7888 1919226708.7629 1180775599.1766 1258172481.3576 1617785018.4291 1917925144.6691 1503570798.7907 1257513606.6714 1844572316.9837 1109728270.3376 1236397359.7947 
2007212485.3716 1169260510.7750 1748737611.6932 1919216144.5537 2114514494.4635 1945380908.7830 1435583121.1063 1860224413.1361 1297943400.5120 2085251460.1264 1372607783.7263 
1640495190.5632 1615129434.6253 1746514099.2259 2099264004.3193 1467137426.4816 1971600958.1954 2114691178.4466 1134835296.9109 1736034901.2569 2042496795.7524 1370174361.1102 
1612002777.4918 1506358336.0319 1294270219.0220 1720268580.5388 2060760815.8764 2000251542.1380 2003816572.5734 1416765250.9279 1865881649.8657 1173350009.6715 2077460858.5052 
1394909759.7749 1842921247.2952 2118829455.3555 1786175113.9052 1289327756.4668 1537237381.1868 1894005057.7513 1855388524.4109 1132593658.0105 1229496209.7412 1992944149.8474 
1474367445.3899 1343447101.6952 1402068153.1189 1301000351.8147 1309517947.8287 1820913433.9669 1883342166.3949 1646327396.2645 1425004995.5933 1364218343.8858 2036510695.2732 
1543320166.4220 2075790470.5267 1088118340.4161 1463754347.3792 1480313404.2607 1836253922.6895 1725127764.8079 1805875030.6688 1166953540.5316 1111189371.0442 1223069578.7174 
1290819421.3963 1139417272.4906 1569811459.4623 1328555146.1615 1643452918.7937 1613087415.7717 1397319685.4191 1489936585.8274 1856462252.0229 1648888437.3947 1786821550.4739 
1992381712.1808 1936680362.4187 1271348140.3597 1708384350.1311 1356419120.2100 1662433866.3852 1293137179.0256 1558181382.5202 1104111514.4312 1964867068.5143 1190348735.3838 
1548155182.5506 1809600666.6194 2066462614.5276 2062307199.3201 1710794557.4710 1995826312.6687 1143844097.6390 1214973643.7778 1542395317.2688 1878594737.1049 1913054276.3578 
2141250331.7634 1792705814.8854 1213230307.5076 1269237009.8704 1844853550.2357 1823856264.7037 1841722090.8878 1273477884.1832 1170015107.2978 1651135714.5080 1455948029.2537 
1761567019.9275 1815076592.3644 1409495087.7723 1380058185.0143 1284203017.5410 1896144129.4129 1424944709.2512 1465440215.5083 1153512227.1505 2009352962.1840 1264571045.1160 
1381741338.7868 1903742233.2909 2056824043.3053 1254918287.1332 1517459614.3671 1409552278.5120 1976289187.0172 1627145062.1843 1885031523.8937 1321913632.1839 1511421602.6918 
2102130784.9013 1394256040.8502 1444437900.3079 1955049898.0252 1419282644.2642 1451647279.1820 1455858286.4835 1697244648.6652 2009500871.1348 1528081177.5190 1343865451.0791 
1977380739.4288 1415601051.0302 1236762841.1684 1208600353.4883 1466022522.3180 1817152081.3260 1908517613.9806 2032153766.6562 2105986817.3471 1364316175.5011 2120521819.1171 
1393815079.7849 1228902927.1560 1847357540.0686 1266291583.2816 2087630297.4098 1280981367.2586 1434066998.7688 2074534502.9699 1760431685.7126 1121087758.8325 1218632802.1817 
1790548361.6379 1940343075.7997 1629168782.8587 1280278616.1688 1696222585.0129 1928109615.0600 1982415255.9441 1769463996.7618 1573693968.4442 1501507127.2085 1720158700.9512 
1402788410.4036 1469456542.6086 1733418021.1239 1812638545.0577 1676775248.9402 1793425947.2325 1505760548.4160 2055489536.0524 2115969953.9908 1922039592.6522 1265951891.7706 
1510899867.2141 1170840636.9507 1274202800.1179 1915684977.6657 1262512941.0338 1493563812.2835 1536281627.6127 1461501657.8684 1922258377.0419 1113931542.8413 1596343529.5263 
1978511809.9166 1440949915.9060 1524610952.3260 1802078303.8466 1154080352.8051 1948488401.5737 1985103510.9385 2019999763.0344 1596014638.7504 1775187641.6532 1654542000.3149 
1082764834.0650 1811536813.3045 2053363022.1684 1153864042.9518 2079585302.5028 1748802224.2312 1887726304.0300 1108738173.0757 1946297076.2070 1750229535.5696 1526803904.3646 
1921444320.1206 1635335286.9558 1917514296.5236 1423720820.5009 1280275891.2572 1965294134.2422 1729930320.2287 1865800127.3111 1625752012.4549 1421662883.0596 1179587089.5573 
1308453589.6027 2115373432.4110 1525917469.1147 1493595381.2846 1571573141.3926 1732116147.3249 1541194257.1159 1286260268.1533 1209865097.8746 1882841012.6045 1241142113.4649 
1750963025.2672 1853704883.9096 1460303411.1389 1363849955.1439 1877089513.2415 1192315794.4061 1741443976.1255 1530108264.1086 1289286879.8930 1957291552.2581 1867982776.7261 
1242969265.6806 1962383341.7641 1284985200.5334 1083843806.7781 2146796167.5612 1794519889.7908 2100196490.0313 1780486362.0714 1599907550.7338 1848021674.6884 1874372125.0457 
1821428039.2247 2032026006.0609 1389624787.1800 1643103349.2470 1400846640.3382 1188387964.1499 1590256032.2441 2071976624.8606 1373392941.3332 1525954666.6015 1229185287.3295 
1868531952.7982 1161601551.9029 1692174618.1986 1799501899.7593 1189463998.1741 1874425765.4302 1290408791.6500 1435887637.0530 1561926488.2415 1949861027.0294 1173824792.4256 
1733646756.9009 1515727071.5713 1821194761.3359 1232856154.9909 1420817334.1107 1941457023.1492 2037743888.4574 1640692507.1641 1778282681.8216 1185496179.6010 1584488780.1065 
1917907017.0805 1608250822.7463 1944136194.0754 1452334079.3803 1925439131.2960 1997742231.0582 1534154775.9972 1800763325.5389 1447542973.2869 1814267453.1955 1722253804.2310 
2004773187.8613 1462301728.9571 2071932599.4429 1478355493.5864 1371211440.4330 1920292567.8955 1827385892.1206 1473536877.1691 2109258266.4081 1719688583.9356 1079917463.4236 
2062012873.7532 1871288612.8169 2147431281.3956 1633479800.6115 1865178807.9532 1641299325.6067 1914206272.1973 2012446154.1594 1552295492.5924 1207504303.4623 1481711356.2545 
1866340846.1584 1444285543.5177 1660803332.5587 1786879456.7243 1762448731.4199 1558431666.0260 1615209895.8660 2094345864.1796 1988163277.4757 1843142796.3165 1185587457.7203 
1739096921.4649 1694712114.8930 1105931308.9728 1413833714.7435 1163502113.2683 2027053343.8850 1332861495.7093 2047612412.3732 1111185010.4057 2004122068.4107 1992562707.8551 
1394942965.3307 1507469445.2427 1981993192.8584 1268075808.4916 2109211951.3939 1348908672.7278 1335768590.8014 1858614420.4492 1614961193.2068 1500017575.6796 2128963705.1742 
1420007424.3786 1502884731.4021 1825097792.3306 1372000662.1670 1813917033.9731 1924219843.6766 2112354496.6223 1314998317.2910 1138523166.7227 1226564889.1450 1101934457.0760 
1401278029.9510 1232751082.0674 1270464344.1484 1414654388.9406 1611285737.6082 1957670746.8404 1806940442.1370 1966187454.1143 1379684441.3940 1513290376.8293 1884160028.8240 
1268918398.3139 1947960733.3381 1380385154.7456 2024698924.2896 2120148029.0160 1372705241.8398 1587937140.7770 1301343550.9944 1604481154.7894 1319746575.9911 2041802009.2256 
2058568000.3137 1784051368.2748 1749643018.2743 1207068573.9765 1707930016.0550 2096856167.8438 1494151948.6622 1910665902.5643 1210920371.7046 1684939638.6792 1368520935.2343 
1614368439.0537 1392486595.9404 1698826698.1964 1562744819.6005 1983099519.9649 1926372027.7632 1088084494.0122 1262435512.9268 2120928935.7618 1831744091.3790 1307142656.6230 
1627413853.6967 1325357951.4761 1873677132.4857 1228237028.7330 1169143866.2254 1406151551.9612 1886331416.3181 1288142069.3259 1224971555.6163 1896217139.8457 1724907859.6020 
2056979183.1816 1840005641.8923 1477659448.9398 2114285416.1776 2131283714.1633 1102893322.2405 1360965245.9179 1358908827.6821 1915135680.6059 1665351502.6100 1189662330.7638 
1269623297.9191 1778509721.6971 1914395132.0567 1425471696.0908 1904300409.5414 1490821656.1466 1246406742.3816 2081792264.2782 1392807684.6721 1207242365.7516 1096491979.8457 
1503564932.9514 1182574258.0557 1388556747.5560 1528256926.2811 1491954805.0925 2133525023.5762 1949376113.0701 1141613277.6005 2012666027.0615 1784422159.5294 1809779846.2322 
1939502291.3117 1913353532.0431 1940588766.4186 1952808919.5830 1730310452.5152 1269835700.7312 1823209535.9011 1192778212.2219 1614565459.6264 1694828372.2639 1652262002.8915 
1451870139.0647 1480480445.2506 1199888423.4041 1460314308.1299 1078830333.4637 1684863032.8937 1188565036.4672 1932182859.9483 1204736718.5985 1461528865.0756 1382385306.7520 
1101345659.0836 2074335654.9697 1704389465.6041 1848155469.4025 2085608527.2895 2024151994.6276 1268240733.4421 1829415257.9241 1076194301.1816 2074084551.1256 1350583155.8094 
2099998380.6183 2026501769.7501 1710910360.7446 2073670956.6475 1767800190.4610 1730657364.5689 1349636885.0205 1253193990.9238 1341485980.2083 1220841990.1016 2085491348.7025 
1163638258.4091 1408936148.3749 1165810284.4403 1399979957.8656 1190379992.3687 1497998535.2485 1867955380.6294 2082111450.7477 1577953328.3426 2131375842.1304 1775798849.0882 
1402527308.3637 1942848360.0060 1804831567.1296 1422937614.1035 1815709384.1262 1397180979.2133 1175950681.9494 1309876897.1442 1514931805.9912 1896664704.6821 2034964559.8935 
2093420375.8337 1536672156.3120 2009318011.9350 1810685577.8510 1763755648.7366 1638394500.8289 1365646664.4522 1219027109.1904 1297978678.2651 1849221778.6826 1929566247.9895 
1516317555.4101 1592541515.7443 1952636023.6365 2036501245.9472 1756865586.5469 1463550302.7418 1205474855.4078 1264661807.1692 1666771367.2626 1910772313.5477 1356034652.1726 
1511397418.2355 1724952450.8608 1986713487.9651 1619582904.7617 1947007353.2671 1246749768.6596 1826919450.7255 1221337929.2837 1623530738.6537 1629859212.3690 1429096639.2110 
1870724617.3802 1673712067.0404 1396227456.8890 1874256856.1372 1329006871.8640 1726961599.9069 2020021076.2205 1520592211.3470 1152979346.2899 2034943411.0373 1391381029.0144 
2047096843.8682 1669259553.3904 1874112173.9871 2080058935.4311 1902224293.5809 2120960708.4850 1509927931.8279 1716542383.3522 1606426930.7906 1472780679.3620 1868056583.2652 
2122427133.5773 1082531102.9067 1758860361.4262 2089205242.4364 1886028741.6482 1932330829.5570 1378130239.4181 1956943994.5787 1986518358.1164 1687013083.7974 1087493724.2001 
1233804306.7765 2101362460.1651 2027106148.9264 1158210502.9599 1509756413.9891 1646581992.9447 1554882641.2068 1833040327.7929 1483494956.9321 1717026177.9784 1087693298.0939 
1282189012.3835 1331336006.6246 1083614023.0364 1688648150.8362 1295039176.6901 1653108388.9944 1972324273.1735 1589053268.1180 1178154787.1149 1658422485.7189 2112680014.8943 
1138305053.1740 1940916382.1033 1562463860.7835 1499016084.3152 1105141895.3826 2045794439.6538 2009788586.0145 1301984674.0602 1392626977.6098 1638710513.2391 1548774604.5960 
1594438301.7669 2027842884.5515 1283014842.8421 1153848984.9225 1658648743.9930 2063008066.1189 1699976686.9461 1441798706.9881 1719464655.1505 2025685976.0519 1340315731.5147 
1437162617.6443 1808663056.9498 1895153506.0299 1587997469.1501 1252922078.9214 1979182141.6741 1275234381.4979 1805732547.1369 1243324722.9876 2021568002.6011 2143856497.0343 
1245967277.2730 1536188960.8307 2079517682.2188 1424525460.8999 1562928572.8179 1904039203.3294 1577816811.6833 1962894912.4051 1108501102.3728 1312847620.7616 1437931244.6694 

1,1 1,-1 -1,1 1,-1 -1,1 -1,-1 -1,1 1,1 -1,1 1,1 1,-1 
-1,1 1,1 1,-1 1,1 1,-1 1,1 -1,-1 1,-1 1,1 -1,1 1,1 
-1,-1 -1,1 -1,-1 -1,-1 -1,-1 1,-1 1,1 -1,-1 1,-1 -1,-1 -1,-1 
1,-1 -1,-1 1,1 -1,1 1,1 -1,1 1,-1 -1,1 -1,-1 1,-1 -1,1 

1,1 -1,-1 -1,1 1,-1 -1,-1 1,-1 -1,-1 1,1 -1,-1 1,1 1,-1 
1,-1 1,1 -1,-1 1,1 -1,1 -1,-1 1,-1 -1,-1 1,1 -1,-1 -1,1 
-1,-1 1,-1 1,1 -1,1 1,-1 -1,1 1,1 1,-1 -1,1 -1,1 1,1 
-1,1 -1,1 1,-1 -1,-1 1,1 1,1 -1,1 -1,1 1,-1 1,-1 -1,-1 

-1,1 1,-1 -1,1 -1,-1 -1,1 1,1 1,-1 -1,1 -1,-1 1,-1 -1,-1 
-1,-1 -1,1 -1,-1 -1,1 1,1 1,-1 -1,1 1,1 1,-1 -1,1 1,1 
1,1 1,1 1,1 1,-1 -1,-1 -1,-1 -1,-1 -1,-1 1,1 -1,-1 -1,1 
1,-1 -1,-1 1,-1 1,1 1,-1 -1,1 1,1 1,-1 -1,1 1,1 1,-1 

1,1 -1,-1 -1,1 1,1 1,-1 -1,1 -1,-1 -1,1 1,1 -1,1 1,-1 
-1,-1 1,1 -1,-1 -1,1 1,1 -1,-1 -1,1 -1,-1 1,-1 -1,-1 -1,1 
1,-1 -1,1 1,-1 -1,-1 -1,1 1,1 1,-1 1,-1 -1,1 1,-1 1,1 
-1,1 1,-1 1,1 1,-1 -1,-1 1,-1 1,1 1,1 -1,-1 1,1 -1,-1 

-1,1 1,1 -1,-1 1,-1 1,1 1,-1 1,1 -1,-1 -1,1 1,-1 -1,-1 
1,1 -1,-1 1,1 -1,1 1,-1 1,1 1,-1 1,1 -1,-1 -1,1 1,1 
1,-1 -1,1 1,-1 1,1 -1,1 -1,1 -1,-1 -1,1 1,1 -1,-1 -1,1 
-1,-1 1,-1 -1,1 -1,-1 -1,-1 -1,-1 -1,1 1,-1 1,-1 1,1 1,-1 

1,1 1,-1 -1,-1 1,-1 -1,1 1,1 -1,-1 -1,1 -1,-1 1,1 1,-1 
1,-1 -1,-1 1,-1 -1,1 1,-1 -1,-1 -1,1 -1,-1 1,-1 -1,1 1,1 
-1,1 1,1 -1,1 -1,-1 -1,-1 -1,1 1,1 1,-1 -1,1 -1,-1 -1,-1 
-1,-1 -1,1 1,1 1,1 1,1 1,-1 1,-1 1,1 1,1 1,-1 -1,1 

1,1 1,-1 -1,-1 1,-1 1,1 1,-1 1,1 -1,1 1,1 -1,1 1,1 
-1,-1 -1,1 1,-1 1,1 1,-1 -1,-1 1,-1 1,1 -1,-1 1,1 1,-1 
-1,1 1,1 1,1 -1,1 -1,-1 -1,1 -1,1 1,-1 1,-1 1,-1 -1,1 
1,-1 -1,-1 -1,1 -1,-1 -1,1 1,1 -1,-1 -1,-1 -1,1 -1,-1 -1,-1 

-1,-1 1,1 -1,-1 1,-1 -1,-1 1,1 1,-1 1,1 -1,1 1,1 1,-1 
-1,1 -1,-1 -1,1 -1,-1 1,1 1,-1 1,1 -1,-1 1,1 1,-1 1,1 
1,1 -1,1 1,1 -1,1 1,-1 -1,1 -1,1 1,-1 1,-1 -1,1 -1,-1 
1,-1 1,-1 1,-1 1,1 -1,1 -1,-1 -1,-1 -1,1 -1,-1 -1,-1 -1,1 

1,1 1,-1 -1,1 1,-1 -1,-1 1,-1 -1,1 1,-1 1,1 1,-1 -1,-1 
1,-1 -1,-1 1,-1 -1,-1 1,-1 1,1 1,-1 1,1 -1,1 1,1 1,-1 
-1,1 1,1 -1,-1 -1,1 1,1 -1,-1 1,1 -1,1 1,-1 -1,-1 1,1 
-1,-1 -1,1 1,1 1,1 -1,1 -1,1 -1,-1 -1,-1 -1,-1 -1,1 -1,1 

-1,1 -1,-1 1,1 1,-1 1,1 1,-1 1,1 -1,1 1,1 1,-1 -1,1 
1,1 1,-1 -1,-1 1,1 -1,-1 1,1 1,-1 1,1 1,-1 -1,1 -1,-1 
-1,-1 1,1 1,-1 -1,1 -1,1 -1,-1 -1,-1 -1,-1 -1,-1 -1,-1 1,-1 
1,-1 -1,1 -1,1 -1,-1 1,-1 -1,1 -1,1 1,-1 -1,1 1,1 1,1 

1,1 1,1 1,1 1,-1 -1,-1 -1,1 1,1 1,1 1,1 -1,-1 -1,1 
1,-1 -1,1 -1,-1 -1,1 1,1 1,-1 1,-1 -1,-1 -1,1 1,-1 1,-1 
-1,-1 1,-1 1,-1 1,1 -1,1 -1,-1 -1,1 -1,1 -1,-1 1,1 1,1 
-1,1 -1,-1 -1,1 -1,-1 1,-1 1,1 -1,-1 1,-1 1,-1 -1,1 -1,-1 

-1,1 -1,-1 -1,-1 -1,-1 -1,-1 1,-1 -1,1 -1,1 -1,-1 -1,1 1,1 
1,1 1,-1 1,-1 1,-1 1,1 1,1 1,1 1,1 1,1 1,-1 -1,-1 
1,-1 1,1 -1,1 -1,1 -1,1 -1,-1 -1,-1 1,-1 -1,1 -1,-1 1,-1 
-1,-1 -1,1 1,1 1,1 1,-1 -1,1 1,-1 -1,-1 1,-1 1,1 -1,1 

1,-1 1,1 1,1 -1,1 1,1 1,-1 1,-1 1,-1 -1,-1 -1,-1 1,-1 
-1,-1 -1,-1 1,-1 1,-1 -1,-1 -1,-1 1,1 1,1 1,1 -1,1 -1,1 
1,1 -1,1 -1,-1 -1,-1 1,-1 -1,1 -1,1 -1,-1 1,-1 1,1 -1,-1 
-1,1 1,-1 -1,1 1,1 -1,1 1,1 -1,-1 -1,1 -1,1 1,-1 1,1 

1,-1 1,-1 1,1 1,-1 1,-1 1,-1 -1,-1 -1,1 -1,1 -1,1 1,-1 
-1,1 -1,-1 -1,-1 -1,-1 -1,-1 -1,1 1,1 1,1 1,-1 -1,-1 1,1 
-1,-1 1,1 -1,1 1,1 1,1 -1,-1 1,-1 -1,-1 -1,-1 1,-1 -1,1 
1,1 -1,1 1,-1 -1,1 -1,1 1,1 -1,1 1,-1 1,1 1,1 -1,-1 

-1,1 1,-1 1,-1 1,-1 1,1 1,1 1,1 -1,1 -1,1 -1,1 1,-1 
-1,-1 1,1 1,1 -1,-1 -1,-1 1,-1 -1,-1 1,-1 1,-1 1,1 1,1 
1,-1 -1,1 -1,-1 1,1 1,-1 -1,-1 1,-1 -1,-1 -1,-1 1,-1 -1,1 
1,1 -1,-1 -1,1 -1,1 -1,1 -1,1 -1,1 1,1 1,1 -1,-1 -1,-1 

1,-1 1,1 1,1 1,1 -1,-1 -1,-1 1,1 1,-1 -1,-1 -1,-1 -1,-1 
-1,-1 -1,-1 -1,-1 1,-1 1,-1 -1,1 -1,1 -1,1 -1,1 1,1 -1,1 
-1,1 1,-1 -1,1 -1,1 1,1 1,-1 -1,-1 -1,-1 1,1 1,-1 1,-1 
1,1 -1,1 1,-1 -1,-1 -1,1 1,1 1,-1 1,1 1,-1 -1,1 1,1 

-1,-1 -1,-1 -1,1 -1,1 1,-1 1,1 1,1 1,1 1,1 1,1 1,1 
1,1 1,-1 1,-1 -1,-1 -1,-1 -1,1 -1,1 -1,1 1,-1 -1,1 -1,-1 
1,-1 1,1 -1,-1 1,1 -1,1 -1,-1 -1,-1 -1,-1 -1,1 1,-1 -1,1 
-1,1 -1,1 1,1 1,-1 1,1 1,-1 1,-1 1,-1 -1,-1 -1,-1 1,-1 

1,1 1,1 -1,-1 -1,-1 1,-1 -1,-1 -1,-1 -1,1 1,1 -1,1 -1,1 
-1,1 -1,1 -1,1 1,1 1,1 1,1 1,1 1,-1 -1,-1 -1,-1 1,-1 
-1,-1 -1,-1 1,-1 1,-1 -1,-1 1,-1 1,-1 1,1 -1,1 1,1 -1,-1 
1,-1 1,-1 1,1 -1,1 -1,1 -1,1 -1,1 -1,-1 1,-1 1,-1 1,1 

1,1 -1,1 1,-1 1,-1 -1,1 1,1 1,1 -1,-1 -1,1 -1,1 -1,1 
1,-1 -1,-1 -1,-1 -1,-1 -1,-1 1,-1 1,-1 1,-1 1,1 -1,-1 -1,-1 
-1,1 1,1 -1,1 -1,1 1,-1 -1,-1 -1,-1 1,1 1,-1 1,-1 1,1 
-1,-1 1,-1 1,1 1,1 1,1 -1,1 -1,1 -1,1 -1,-1 1,1 1,-1 

-1,1 -1,-1 1,-1 1,-1 -1,1 1,-1 1,1 1,1 1,1 1,1 1,1 
1,1 1,1 1,1 -1,-1 -1,-1 -1,-1 -1,-1 -1,1 1,-1 -1,-1 -1,1 
1,-1 1,-1 -1,-1 -1,1 1,-1 1,1 -1,1 1,-1 -1,1 1,-1 -1,-1 
-1,-1 -1,1 -1,1 1,1 1,1 -1,1 1,-1 -1,-1 -1,-1 -1,1 1,-1 

-1,-1 -1,1 -1,-1 -1,1 1,-1 -1,1 1,-1 -1,1 -1,1 -1,1 1,1 
1,-1 1,-1 1,1 1,1 -1,-1 1,1 -1,-1 -1,-1 1,-1 1,-1 -1,-1 
1,1 -1,-1 -1,1 -1,-1 1,1 -1,-1 1,1 1,-1 -1,-1 -1,-1 1,-1 
-1,1 1,1 1,-1 1,-1 -1,1 1,-1 -1,1 1,1 1,1 1,1 -1,1 

1,1 -1,-1 -1,-1 1,1 -1,1 -1,1 -1,-1 1,-1 -1,-1 1,1 -1,-1 
-1,1 1,-1 1,-1 1,-1 1,-1 -1,-1 -1,1 -1,-1 -1,1 -1,-1 1,-1 
1,-1 -1,1 -1,1 -1,-1 -1,-1 1,-1 1,-1 -1,1 1,1 1,-1 -1,1 
-1,-1 1,1 1,1 -1,1 1,1 1,1 1,1 1,1 1,-1 -1,1 1,1 

1,1 -1,-1 -1,1 -1,-1 1,-1 1,1 -1,1 1,-1 -1,-1 1,-1 -1,1 
-1,-1 1,-1 -1,-1 1,-1 -1,-1 1,-1 1,1 -1,-1 1,1 -1,-1 1,1 
1,-1 1,1 1,-1 -1,1 -1,1 -1,1 -1,-1 -1,1 -1,1 -1,1 -1,-1 
-1,1 -1,1 1,1 1,1 1,1 -1,-1 1,-1 1,1 1,-1 1,1 1,-1 

-1,-1 -1,1 1,1 1,-1 -1,-1 1,-1 -1,1 1,1 -1,-1 -1,1 1,1 
-1,1 -1,-1 -1,1 1,1 1,-1 -1,1 1,-1 -1,-1 -1,1 -1,-1 -1,1 
1,-1 1,1 1,-1 -1,1 -1,1 1,1 1,1 1,-1 1,1 1,-1 1,-1 
1,1 1,-1 -1,-1 -1,-1 1,1 -1,-1 -1,-1 -1,1 1,-1 1,1 -1,-1 

-1,-1 -1,1 1,-1 1,1 -1,-1 -1,1 -1,-1 1,1 -1,1 1,1 1,-1 
1,1 -1,-1 -1,1 1,-1 -1,1 1,-1 1,1 1,-1 1,1 1,-1 -1,-1 
1,-1 1,-1 -1,-1 -1,-1 1,-1 1,1 -1,1 -1,-1 -1,-1 -1,-1 1,1 
-1,1 1,1 1,1 -1,1 1,1 -1,-1 1,-1 -1,1 1,-1 -1,1 -1,1 


7 10 9 6 
4 6 5 7 
5 0 2 7 
8 2 5 10 
2 6 8 7 
6 4 7 1 
4 9 2 6 
8 10 0 6 
7 5 0 9 
5 8 0 2 
3 6 1 7 
10 2 5 0 
5 2 8 10 
7 2 5 8 
7 8 0 5 
7 1 2 10 
4 2 5 6 
8 6 3 5 
8 2 5 4 
10 7 0 9 
1 5 2 6 
1 10 0 7 
5 6 7 2 
2 4 6 3 
6 0 1 3 


