1922600624.1849 2001655400.8466 1879167995.4444 1172439283.6545 1253590625.6103 1180062362.6622 1147291515.1723 1585964423.1041 1523433482.7620 1300348728.6640 2138678331.5011 
1382312619.3737 1987812387.8403 1210748470.9814 1733645430.3792 1548205674.5912 2037231624.2266 1341603300.3764 1390651790.6780 1146616490.3223 2025250799.2302 1941545056.6688 
1461944469.6101 1804735954.8980 1227516721.1732 1909310755.7773 1127192460.0208 2006362822.6930 1616609085.0419 1647718963.7142 1878128158.9062 1616451861.9299 2009711419.8208 
1708441589.3348 1552818368.3409 2038031261.3280 1303587336.0993 1638773922.3821 1934480642.4515 1693684546.5372 1991434184.7553 1568269183.1598 2102690394.3120 2029597460.8217 
1382162196.1664 1183633977.4141 1730183132.1679 1503511153.4523 1104239540.0619 1442738238.5300 1494839650.7944 1481129727.0465 1453637606.7220 2050776793.6146 1633777635.6580 
1987868027.3984 1774532261.9419 1289846933.3460 1310108353.5385 2107769060.3548 2013186179.0539 2092754091.3874 1344678365.9186 2065531511.8731 1570203876.5747 1681192957.0611 
1877139950.8851 1198668834.8067 1516718305.6375 1236847932.0494 1458056340.3866 2043803926.1908 1487823116.4499 1775783117.9069 2001792756.7987 1888677467.0283 1918733826.7742 
2022383933.1029 1485112769.3066 1528287000.9642 1489760948.3258 1924612655.7117 1299824193.9399 1906890153.1800 1773963384.6786 1671442923.7491 1286275116.0274 1366799659.1370 
1962638926.4067 1468772372.7049 1285637808.8523 1467413226.2429 2092291667.4664 2065426660.4708 1852330402.0168 1842292228.7375 1684627305.0282 1962253117.3428 1549290711.2604 
1610450607.8210 1629079973.9983 1839854429.4949 1138808866.4407 1828512305.4416 1345384936.3655 1465819238.8445 1898850946.3111 1899728262.8779 1409911947.7880 2115282198.4615 
2130297850.9636 1523368300.9163 1523457788.8617 1638531463.6692 2031532923.6443 1429520517.3582 1957335732.2783 1523269055.7509 1592640545.1494 1139579222.6543 1807234416.9509 
1582366385.5576 1750194511.3136 1570844657.1315 1358330111.7754 2007833602.1630 1793296119.7173 2102352644.4556 1196491155.4024 1205945818.8047 1258404391.8493 1605366497.7326 
1448526951.0400 1362654941.4759 2021848758.0237 2052543406.6465 1347142177.2172 1527249278.6545 2085996046.2595 1792488870.9447 1569903867.1419 1496397828.5410 2098860576.8167 
1550833181.4022 1808184867.0771 1777230495.6776 1788605783.4279 2126281711.2696 1294222342.7712 1713514438.6578 1344111232.8485 1162722946.5937 1301192591.1110 1723670593.7190 
1697885882.1638 1872648827.0259 1161653326.1231 1269576074.7103 1544499535.1096 1194601946.9362 1619484020.4042 1843044141.3964 1485184482.2272 1462576386.9643 1869673625.4041 
1323594573.4889 1139709483.5013 1115857259.3265 1572722926.5757 1177011132.8065 2123717813.7016 1495708292.3928 1871111388.2080 1536464295.9396 2128195322.9190 1775420442.6959 
2071983640.0257 2024837943.9948 1869553143.3706 1461482211.6744 2030497724.4905 1887475663.1828 1618211507.5886 1886778653.4780 1429351542.9576 1888653626.8919 1143772834.3659 
1551773510.5337 1513025629.1616 1238698529.1509 1320884488.7423 1095018032.2496 1945969865.8278 1793912949.0494 1720793249.4278 1630764338.0821 2013278487.8389 1139092709.2217 
2001169820.8239 1623259759.4057 1535236484.6601 1894191023.5917 1976312967.9790 1842193715.5707 1152282768.7614 1468823135.0584 1687154152.6235 1955582997.6127 1911250162.3946 
1786661868.3135 1526192481.4969 1570822592.0089 1613246344.8401 1760527472.0012 1075078096.0393 1780277987.1162 1199177798.2297 1372913360.9869 1615705323.4317 1960203938.9321 
1748146556.4079 1633300486.6616 1721419587.4159 1878047111.7144 2026869201.6778 2124457772.0054 1505173831.1928 2007783426.9161 1989747745.0076 1521739080.9178 1675006321.2519 
1126126282.7668 1868174147.2200 1140503912.5829 1114280322.0425 1991436883.1239 1471033924.5904 1388396520.6477 1731879575.2168 1202715174.9492 1760833980.5330 2041740114.8384 
2132380820.3980 1954582323.6200 2030194182.1738 1223779848.6891 2031238383.1447 2061119978.1412 1873193459.8306 1849212687.5259 1263777576.7983 1326588843.5255 1468067117.2414 
1825631585.8356 1407037285.3773 1726288705.6011 1903662462.3458 1195902210.8791 1298568757.7817 1317201227.3053 2016582979.2813 1145208514.0896 1920456469.1133 1129484743.7534 
1935830804.5676 1313826801.2503 1947234736.8072 1295390813.4845 1767374487.3528 1664029729.1751 1914188414.5938 1076032115.1475 1885733511.6809 2144516157.9440 1853910052.5019 
1268504455.0660 1491821804.6736 1936832840.3521 1526599107.2908 1826099576.4290 1267970570.4105 1521341286.0228 1515159640.9898 1707603676.2892 1074624429.8377 1161878605.9897 
1843263443.5077 1485217494.4436 1228996902.0051 1198542299.1998 1087669133.7476 1185806541.1046 1221571966.1975 2073049880.9040 1846593931.6736 1538813011.5591 1788565566.9846 
1075181108.4759 1717211124.8636 1129147708.5800 1209064716.2529 2071431502.5161 2141873875.7826 2004383154.4626 1294534199.7483 1670558244.5585 1889982788.6659 2139765127.1960 
1760772137.7319 1771880353.6031 1980374463.2343 1990057690.4952 1619481644.4346 1770492204.8103 2016228304.4035 2005832379.1153 1907110108.6610 1687977976.8200 1927191665.5338 
1881790345.6662 1427425547.9155 1626070498.5738 1442629750.5717 1985410652.4022 1404868048.8653 1573453531.9815 1674100408.9875 1713460384.7238 2109473781.1383 1432809838.8552 
2117541795.6710 2038479670.5625 1934544624.6963 1802692912.6395 1675197301.6005 1453721640.5665 1291617321.0653 2074411334.1060 2022794475.4930 1168120057.2244 1252947777.3058 
1600899884.0229 1533824129.1621 1639624369.8010 1898149268.0735 1388889974.9106 1546077769.9057 1141561754.7387 1537087518.7153 1718393282.4149 1951176221.0975 1624236216.1383 
1522344950.7902 1103632661.4616 1396931260.2377 1208340483.5252 2056570293.8341 2010891728.3513 2072260921.4111 1873298882.0238 1799179816.3044 1938533332.8510 1574281926.6438 
2061162784.8313 1169523521.0103 1219725489.2589 2072110937.9519 2019157954.4858 1320857308.4059 1604292436.5111 1216017098.4175 1965359473.8292 1973258214.4667 1802008722.6257 
2020363051.0673 1810717808.7936 1966584711.6777 1106681897.2488 1953057618.1201 1194737743.9628 1484227935.8410 1439241642.4563 1486528367.9210 2089548341.0660 1850754458.8005 
1721045933.7906 1760103116.1802 1539242970.1504 1337773000.9298 1124029077.9523 1423681991.8925 1462797147.6233 1542997080.3277 2037522262.4625 1224434977.0419 1146626852.9481 
1081065876.4320 1430426890.1529 1385855526.3397 1237002584.3691 1775413215.8925 1806565590.2219 1671569559.4062 2045561777.2257 1127959087.3723 1975610266.6643 1195726221.9691 
1934658723.9967 1579050188.3242 1139888468.2915 1740798203.8093 1559542356.0820 2057404123.4705 1267620613.6849 1512845145.2759 1311379616.3061 1298529030.0505 1890048178.0279 
1474469941.5882 1552039751.6917 2054734875.2498 1173787466.2070 1133467529.0498 1355043380.1974 2099103020.5248 1652857083.8947 1749309559.9990 1435716445.0797 1095862825.9676 
1448672189.4763 2116514540.8146 1285659932.3217 1631171707.5685 1976743321.4931 1299974860.4339 1559335541.5355 1151410977.0081 1272541181.5526 1653202849.4168 1167526638.1633 
1204195325.6161 1165742642.5630 1444936282.3781 1164130084.1891 1847433628.6325 1294194120.4031 2088839024.2865 1873791919.7706 2074037387.9191 1817722932.8753 2002294378.0357 
1207055542.3193 1418693630.1836 1239593235.3747 1780547595.1727 1641032430.7513 1317277822.0526 1095557160.0230 1311702085.4565 2069485836.2922 1781366656.2193 1581534957.1062 
1179201822.2748 2019217949.7494 1556220763.0946 2065281471.4818 1122351922.7007 1941068244.2483 1759136850.1552 1555568259.6033 1276842139.1408 1516725456.9506 1650221152.4904 
1536264367.6708 1800324432.0489 1275270948.1915 1681820659.8077 1156081148.1262 1335589697.1618 1169117370.9070 2137443291.9349 1532919221.3481 1431762864.0253 1525392095.4255 
1562016285.2365 1302957115.6297 2045480524.3285 1471771226.5566 1547897717.5667 2074548007.3512 1301495285.8909 1360277696.7496 1916247535.3202 1552471000.7066 2139772977.7041 
2055848885.0681 2057196459.2484 1849576106.1017 1834278743.1739 1204114462.3642 1079494070.8498 1819419364.7137 1815496131.1386 1766687979.3885 1140338807.3145 1946902099.5258 
1649221862.2107 1758929249.5574 1821091063.2258 1865172256.7682 1203105016.6473 1662920125.4928 1149953079.1979 2104713747.9176 1909385049.5452 2133143182.5391 1905218749.5406 
1302623480.6586 1809370827.4975 2037065631.2014 1659286465.3732 2010526448.0610 1807577256.8058 1400446610.0713 1989056187.2647 1500924140.9860 1314373558.0107 1175564187.8676 
1168377900.4876 1463204032.5196 2086157182.0179 1734571746.1519 1672247820.4564 1941889366.9375 1121792653.9880 1925526817.8568 1113537347.4210 1372648770.7328 1295443153.0626 
2029501751.5066 1703929561.7170 1300722814.2933 2020599640.3189 1582567006.4328 2129925833.2374 1825947564.7866 1790920795.7078 1318342059.1353 1913834585.1142 1183814743.9787 
1999864948.8338 1673317711.2399 2147391269.0022 1440250973.6183 1845682832.6549 1652115429.0340 1409437372.8780 1084405974.7873 1793073114.1315 1638533424.2783 1773477661.9193 
1823763374.0896 1462308101.3075 1339181217.3104 1518385912.3408 1817749060.1417 1331830261.6157 1533466107.8236 1948394511.2866 1665777726.4063 1182027251.0924 1193395948.5932 
1887502915.7152 2119802209.2690 1591972621.8375 1827120074.5672 1374753174.4967 1612239149.8275 1325600064.7135 1891932260.3976 1570525268.4231 1954005015.3305 1348588552.0207 
1459228962.4110 1193847112.0765 1992473912.3440 1472967346.2084 1361893228.2547 1787797114.3443 2058421343.8774 2059730677.3838 1700095349.2962 1662528970.1223 1872535928.8096 
1476891498.0331 1951200498.5154 1428067119.1456 1261592700.2555 1708463013.2815 1693635698.1397 1222903006.6573 1264090587.0678 1633822226.2613 1635127083.4189 1642907690.1384 
1288983564.7027 1132205475.1158 1943650734.8683 2089934444.6748 1207334717.2231 1551848070.9926 1562960741.2917 1632034379.3278 1764151347.0467 1079388775.9051 1236586859.3468 
1674533415.5449 1106284323.5471 2084452828.6309 1971645214.0338 1763259911.4656 1178296939.0205 1215807279.4192 1692263095.4328 1947423887.0895 1163097604.3417 1556445178.2809 
1104768189.3436 2130285401.3078 1352227837.6595 1599011887.5236 1783722422.1187 1975069882.9098 1517120637.5391 2012903889.9210 1726227710.3368 1587149588.0736 1486249149.5029 
1479880626.8129 1632010770.1122 1816463464.4106 1571238593.7771 1435379377.9302 2067307006.2344 1826592715.7091 1223036680.2281 1514322587.8470 1351234142.4062 1722730732.3618 
2121217361.7024 1655828632.4725 1571176099.0896 1675250911.1645 1829646085.8362 1300738436.1973 1628807308.0763 1159589697.7274 2067496817.8027 1579361806.9644 1372320268.4468 
1453324848.6387 2060345808.1758 1638158257.0527 1478490058.2084 2051303601.6196 1975433963.0992 2113921728.4444 1669372411.3867 2071024101.0537 1729135661.2097 1463816828.7175 
1721993303.9748 1662077341.5034 1271838989.2155 2120212196.8562 1267522945.7440 1442638821.9462 1437899260.9633 1715548252.6283 1118742714.0560 1290300135.8953 1856494665.5943 
1863842914.3486 1692442007.6991 1420262100.9988 1682204004.0623 1632517476.5701 1928664685.9808 1577834523.9115 1527607690.1383 1347165193.8765 1753314219.5452 1549310852.5274 
1327755614.7154 1417836594.3262 1123564323.0591 1898362673.1973 2079689707.2241 2043012194.3223 1109689545.9013 1805315278.0215 2013582631.4393 2060442683.9601 1326266660.0205 
1886898962.6099 1815369709.2587 1327562488.4901 1703724785.5810 1627411558.4949 1443485266.0681 1162048660.3310 2042536594.5242 1525717267.0665 1218155180.9612 1198530882.3485 
1588189095.1244 1382180671.0416 1528597042.8799 1861581828.0986 2085409239.3690 1159309916.2624 1338053793.9336 1961861413.9302 1953022068.0707 1906910989.8478 1458050370.5475 
1441230290.5828 1184410342.2035 1375615906.4138 1309530563.2976 1638304996.8955 2099678123.9353 1173054474.4488 1892803497.0203 1618112633.2861 1386342461.2381 1853546425.2543 
1931455989.3376 1338231781.0341 1996861613.3558 1439839315.5173 1667889569.7675 1660689593.5663 1837376212.8812 1961402695.3114 1131310545.7154 1842774688.2703 2018558130.1151 
1131869984.5354 1419488762.2545 2108383197.9068 1558705138.9371 1545992163.9418 1446240528.8525 1593204760.7962 1480827453.8879 1836243173.2126 1940553121.9244 1740874898.6066 
2042495851.1320 1934015732.6279 1193136946.9325 1920926861.7193 1964875499.2129 2112312731.3084 1870142826.4811 1670916900.4845 1355635988.4752 1908674563.4854 1581354376.9647 
1910308793.0424 1439079961.1223 2073019747.7018 1571350698.6815 1529309861.3951 2009409297.3151 1653899190.4195 1500243582.4230 2044964608.8648 1721440304.7514 1092338369.6448 
1133748198.0993 1666920816.1845 1246985564.5992 2007937303.2395 2008405765.7292 2053670464.4378 1811920045.9709 1098580143.7785 1447387161.7418 1599353154.7759 1797350898.3023 
1233267010.8804 1612985657.0052 1208309413.9467 1383744952.9644 1945879247.0112 1100654233.6946 1900527384.8965 1926030744.5229 1923561151.6193 1277525385.6896 2017876328.7647 
1859302812.3769 1746076774.7165 1675284555.0018 1596806018.8827 1506281325.5964 1743451214.8376 1986589858.7431 1724854173.3922 1546534659.2860 1644622334.7830 1385581342.2121 
2047305846.4779 1223302976.1108 1344805550.7733 1278661266.1357 1392024332.0716 1303478797.2104 1681750930.0726 2091958110.9521 1455045716.7918 1352548842.9847 1284302005.2428 
1171524554.0128 1122705365.8294 1104526049.7354 2142628939.4242 1752478249.1374 1238453912.6953 1862942800.8326 1823722399.2767 2117075281.0966 1425444567.3404 2069902232.4833 
1512073400.7274 1172777470.1370 1906833416.3654 1787456057.2471 1235053040.4414 1333787969.2233 1564349687.6741 1525646304.5992 1754400940.4052 1284458966.2858 1821706881.3468 
1516461174.2630 1218010346.0195 1680542788.1639 1390927404.3438 1481497862.2912 1805047717.4304 1334195084.7125 1719803450.5051 1692684199.3933 2137987806.0627 2033158104.0756 
1747999654.8740 1422020494.3151 1952585996.0760 2022120982.0423 1500295406.2627 1505009560.7675 1410295124.5740 1589250353.4705 1446539124.4073 1789956144.8164 1191919495.9678 
1251528965.5677 1832246189.1342 1939753143.1418 1809119819.9092 2098575262.7942 1395170081.5243 1155909027.1928 1516766471.4835 1557045697.7246 1119299867.5570 1803647992.2339 
1912923258.7967 1599745048.2337 1376825676.4777 1245024359.7057 2003585589.8864 1573209909.7658 1534960844.4512 1731145942.2826 1284042881.2832 2035210673.7892 1645006606.8423 
2006043808.7974 1840061836.7533 2048900203.9116 1779628948.1070 1941179242.3411 1753074953.5182 1505463826.1140 1580160543.2874 1442154749.2630 1670429162.3913 1403496158.7025 
1698126506.3607 1118311181.7066 1654165704.8568 1989522137.9645 1852946310.4606 1287787416.5414 1716362332.2983 1584322956.3609 1655525205.0383 1179879215.3504 1540165165.1048 
1317450691.6283 1893706857.1192 1567210851.3087 1779706419.2283 1790327392.3070 1352988672.5233 1712918513.5842 1940750673.2403 1572480978.4959 1596273679.8034 1088375971.5409 
2060037555.4508 1955900793.9362 1371565272.8792 1586193862.8535 1446859957.9864 1207885491.7852 1894362389.6221 1127204251.0294 1924887284.7094 1495717587.2717 1106050561.0682 
1864978245.5970 1539005093.4417 1877518883.0707 2008563659.0267 1971533903.0970 1542636022.8890 1597411592.2268 1074096194.9333 1454967592.1285 1730656738.2254 1687531888.8303 
2080012596.1849 1194489347.0591 1286742336.7131 1832619009.2274 1905274067.5275 1103690266.9063 2041294211.2887 1788535839.5880 1527018054.6641 1670402951.0628 1968359476.0235 
1314569078.3324 1893052747.0661 1175075340.8242 1483799391.4554 2019315577.1426 1997339560.7695 1776991147.5719 2062870831.8101 1651471616.8269 1180816203.1264 1173024250.0961 
1682116369.0875 1099307954.8876 1767633379.2362 1838078899.3634 1591966923.4668 1680907074.3865 1121829495.9442 1099155289.8755 1302860201.1086 1145751445.2321 1797737135.7482 
1934308637.5561 1355993675.8765 1742451724.1300 1407542136.8815 1832912900.1515 1274614575.2402 1998323468.9654 2094443477.0680 1554616434.3359 1231813136.1495 1750493863.2547 
1785499033.1742 2076215746.4084 1729403083.8417 1816325659.6387 1431877494.0688 1904755500.1759 1700791800.4039 1929010422.8212 1535441594.0779 1142479728.4969 1974667464.8073 
2076759406.4109 1372710159.7644 1238054488.9896 1112415957.5076 2102265219.6359 2001025455.4675 1724652580.8703 1478768125.6451 1801990413.5636 1321651085.2733 1971209169.5653 
2130346486.8949 1462946982.2407 1325494647.2977 1206857728.9345 1525520508.7350 1909884645.5655 1602296334.4547 1414107336.9798 1589640615.8067 2017866889.4937 1676375251.6326 
1319596775.6607 1126044671.7003 2017578553.2204 1364021732.0851 1161191196.9192 1286185342.1089 2068183356.5876 1196109035.4806 1808088923.8749 1498040828.6667 1209628876.8472 
1908926567.2801 1686072617.0345 1197011870.4417 1634053059.7787 1265801439.8815 1246111448.7900 1536668455.9595 1601690977.0265 1798899937.1004 1443803318.6998 2069067165.1649 
1658316514.3281 1561386143.5515 1476630094.8597 2083908798.5932 1965452887.7702 1910855788.1397 1465763242.4281 1705609920.6929 1743418972.3567 1756520902.7765 1667132944.2338 
1994145019.4552 2083495779.8557 1738418548.8263 1440907142.3474 1886287696.3281 1648709686.8195 1904075263.6841 2120358031.4708 1799164659.3805 1469834534.2959 2089571565.4139 
1493395649.6495 2130493305.8500 1992339049.3828 1440855040.1230 1998801388.5251 2038481101.2562 1214720859.0371 2015323249.7309 1076298562.6663 1702781382.5958 1459524006.4552 
2128356645.7560 1927025530.0997 1675197996.6735 1279265994.9095 1853918061.7346 1379989206.2325 1616873301.3109 1407699086.0585 1240875885.3285 1660206546.0991 1837981618.6012 
1318015965.9503 1802275022.4581 2048242811.6774 1875424099.5512 1604345388.2557 1480563167.0783 1347873194.6894 1366282380.7258 1598116430.0188 1786028370.1127 1544484718.0559 

1,-1 -1,1 -1,-1 1,1 -1,-1 -1,1 -1,-1 1,1 -1,1 1,1 -1,-1 
1,1 -1,-1 1,1 -1,-1 1,1 -1,-1 -1,1 -1,-1 1,-1 -1,1 1,1 
-1,1 1,1 1,-1 1,-1 1,-1 1,-1 1,-1 1,-1 1,1 -1,-1 -1,1 
-1,-1 1,-1 -1,1 -1,1 -1,1 1,1 1,1 -1,1 -1,-1 1,-1 1,-1 

1,1 1,-1 1,1 -1,1 -1,-1 -1,1 -1,-1 1,1 -1,-1 1,1 -1,1 
-1,-1 1,1 -1,1 -1,-1 1,1 -1,-1 -1,1 -1,-1 1,-1 -1,-1 1,1 
-1,1 -1,-1 1,-1 1,-1 1,-1 1,-1 1,-1 -1,1 1,1 1,-1 1,-1 
1,-1 -1,1 -1,-1 1,1 -1,1 1,1 1,1 1,-1 -1,1 -1,1 -1,-1 

1,1 -1,1 -1,-1 1,1 -1,-1 1,1 -1,1 1,1 1,-1 1,1 -1,-1 
1,-1 -1,-1 1,1 1,-1 1,1 -1,1 1,1 -1,1 1,1 -1,-1 -1,1 
-1,-1 1,1 -1,1 -1,1 -1,1 1,-1 -1,-1 1,-1 -1,1 1,-1 1,-1 
-1,1 1,-1 1,-1 -1,-1 1,-1 -1,-1 1,-1 -1,-1 -1,-1 -1,1 1,1 

1,-1 -1,1 1,1 1,-1 -1,-1 -1,-1 -1,-1 -1,-1 -1,-1 -1,-1 1,1 
1,1 1,-1 -1,1 1,1 1,1 1,1 1,-1 1,-1 1,-1 1,-1 -1,1 
-1,1 -1,-1 1,-1 -1,1 1,-1 -1,1 1,1 -1,1 1,1 -1,1 1,-1 
-1,-1 1,1 -1,-1 -1,-1 -1,1 1,-1 -1,1 1,1 -1,1 1,1 -1,-1 

1,1 1,1 1,1 1,1 1,1 1,1 1,-1 -1,-1 -1,-1 1,1 1,1 
1,-1 -1,1 1,-1 1,-1 -1,-1 -1,1 -1,1 1,1 1,-1 1,-1 -1,1 
-1,1 -1,-1 -1,1 -1,1 1,-1 1,-1 -1,-1 1,-1 1,1 -1,1 1,-1 
-1,-1 1,-1 -1,-1 -1,-1 -1,1 -1,-1 1,1 -1,1 -1,1 -1,-1 -1,-1 

-1,-1 1,1 -1,-1 1,1 1,1 1,1 1,-1 1,-1 1,-1 1,-1 1,-1 
-1,1 -1,1 -1,1 -1,1 -1,1 -1,-1 -1,-1 -1,-1 -1,-1 1,1 -1,-1 
1,-1 -1,-1 1,1 1,-1 1,-1 1,-1 1,1 1,1 -1,1 -1,1 -1,1 
1,1 1,-1 1,-1 -1,-1 -1,-1 -1,1 -1,1 -1,1 1,1 -1,-1 1,1 

1,1 -1,-1 -1,-1 -1,-1 1,1 1,-1 1,-1 1,-1 1,-1 -1,1 1,-1 
-1,1 1,-1 -1,1 -1,1 -1,1 -1,1 -1,-1 -1,-1 -1,-1 -1,-1 1,1 
-1,-1 1,1 1,1 1,1 1,-1 -1,-1 -1,1 -1,1 1,1 1,-1 -1,1 
1,-1 -1,1 1,-1 1,-1 -1,-1 1,1 1,1 1,1 -1,1 1,1 -1,-1 

-1,-1 -1,1 -1,-1 1,-1 -1,-1 1,-1 1,-1 -1,1 -1,1 1,-1 1,-1 
1,1 1,1 1,1 1,1 1,1 1,1 -1,-1 1,1 1,1 1,1 -1,-1 
1,-1 1,-1 1,-1 -1,-1 1,-1 -1,1 1,1 -1,-1 -1,-1 -1,-1 -1,1 
-1,1 -1,-1 -1,1 -1,1 -1,1 -1,-1 -1,1 1,-1 1,-1 -1,1 1,1 

1,-1 1,1 1,1 1,-1 1,-1 1,1 -1,-1 -1,-1 -1,-1 -1,-1 -1,-1 
-1,-1 -1,-1 -1,-1 -1,-1 -1,-1 -1,1 -1,1 1,1 -1,1 -1,1 1,1 
-1,1 -1,1 -1,1 1,1 1,1 1,-1 1,-1 -1,1 1,-1 1,1 -1,1 
1,1 1,-1 1,-1 -1,1 -1,1 -1,-1 1,1 1,-1 1,1 1,-1 1,-1 

-1,-1 -1,-1 -1,1 -1,-1 1,1 1,-1 1,1 1,-1 1,-1 1,-1 -1,1 
1,1 1,-1 1,-1 1,-1 -1,1 -1,1 -1,1 -1,-1 -1,1 1,1 1,1 
1,-1 1,1 1,1 1,1 -1,-1 1,1 1,-1 1,1 -1,-1 -1,-1 1,-1 
-1,1 -1,1 -1,-1 -1,1 1,-1 -1,-1 -1,-1 -1,1 1,1 -1,1 -1,-1 

-1,-1 1,-1 1,1 1,1 1,1 1,-1 1,1 -1,-1 -1,-1 -1,-1 1,-1 
1,1 -1,1 -1,-1 -1,1 -1,-1 -1,1 -1,1 1,-1 1,1 1,1 1,1 
1,-1 -1,-1 -1,1 -1,-1 -1,1 -1,-1 1,-1 -1,1 -1,1 -1,1 -1,1 
-1,1 1,1 1,-1 1,-1 1,-1 1,1 -1,-1 1,1 1,-1 1,-1 -1,-1 

-1,-1 1,-1 1,1 1,-1 1,-1 -1,1 -1,-1 1,-1 1,1 -1,1 -1,1 
1,1 -1,1 -1,1 -1,1 1,1 1,1 1,1 -1,1 -1,-1 -1,-1 1,-1 
-1,1 1,1 1,-1 1,1 -1,1 1,-1 -1,1 1,1 1,-1 1,-1 1,1 
1,-1 -1,-1 -1,-1 -1,-1 -1,-1 -1,-1 1,-1 -1,-1 -1,1 1,1 -1,-1 

1,1 -1,1 1,-1 -1,-1 1,-1 1,-1 1,-1 -1,-1 1,1 1,-1 1,1 
1,-1 -1,-1 1,1 -1,1 -1,1 1,1 -1,1 -1,1 -1,1 -1,1 -1,1 
-1,1 1,1 -1,-1 1,-1 1,1 -1,1 -1,-1 1,1 -1,-1 -1,-1 -1,-1 
-1,-1 1,-1 -1,1 1,1 -1,-1 -1,-1 1,1 1,-1 1,-1 1,1 1,-1 

1,1 1,-1 1,-1 1,-1 1,-1 1,-1 -1,-1 -1,-1 -1,-1 1,1 -1,1 
-1,-1 -1,-1 1,1 1,1 -1,-1 1,1 -1,1 1,-1 1,-1 1,-1 1,-1 
-1,1 -1,1 -1,1 -1,-1 -1,1 -1,-1 1,-1 -1,1 1,1 -1,1 -1,-1 
1,-1 1,1 -1,-1 -1,1 1,1 -1,1 1,1 1,1 -1,1 -1,-1 1,1 

-1,-1 1,-1 -1,-1 -1,-1 -1,1 1,1 -1,1 -1,1 -1,1 -1,1 1,1 
1,1 1,1 -1,1 1,-1 1,-1 1,-1 1,-1 -1,-1 1,1 1,-1 1,-1 
-1,1 -1,-1 1,-1 1,1 1,1 -1,-1 1,1 1,-1 -1,-1 1,1 -1,-1 
1,-1 -1,1 1,1 -1,1 -1,-1 -1,1 -1,-1 1,1 1,-1 -1,-1 -1,1 

-1,-1 1,1 -1,-1 1,-1 1,1 1,-1 1,1 1,-1 -1,1 1,1 -1,-1 
-1,1 -1,-1 1,1 -1,-1 1,-1 -1,-1 1,-1 -1,-1 1,-1 -1,1 1,1 
1,-1 -1,1 1,-1 1,1 -1,1 -1,1 -1,1 -1,1 -1,-1 -1,-1 1,-1 
1,1 1,-1 -1,1 -1,1 -1,-1 1,1 -1,-1 1,1 1,1 1,-1 -1,1 

1,1 -1,1 1,1 -1,1 -1,-1 1,1 -1,1 -1,-1 -1,1 -1,-1 -1,1 
-1,1 1,-1 -1,1 1,-1 1,1 -1,1 1,1 -1,1 1,1 -1,1 1,-1 
-1,-1 -1,-1 1,-1 1,1 -1,1 1,-1 1,-1 1,1 1,-1 1,-1 1,1 
1,-1 1,1 -1,-1 -1,-1 1,-1 -1,-1 -1,-1 1,-1 -1,-1 1,1 -1,-1 

-1,-1 1,-1 -1,1 1,1 1,-1 -1,-1 -1,1 -1,-1 1,1 -1,-1 1,1 
-1,1 -1,-1 1,1 -1,1 1,1 1,-1 1,1 -1,1 -1,-1 1,-1 -1,-1 
1,1 -1,1 -1,-1 1,-1 -1,-1 1,1 -1,-1 1,-1 1,-1 1,1 1,-1 
1,-1 1,1 1,-1 -1,-1 -1,1 -1,1 1,-1 1,1 -1,1 -1,1 -1,1 

-1,-1 1,1 -1,1 -1,-1 1,-1 -1,1 1,-1 -1,1 -1,-1 1,-1 -1,-1 
1,-1 -1,1 -1,-1 1,-1 -1,1 1,1 -1,1 -1,-1 1,-1 -1,1 1,1 
-1,1 -1,-1 1,1 1,1 -1,-1 -1,-1 1,1 1,-1 -1,1 1,1 1,-1 
1,1 1,-1 1,-1 -1,1 1,1 1,-1 -1,-1 1,1 1,1 -1,-1 -1,1 

1,1 -1,1 1,1 -1,-1 1,1 1,-1 -1,-1 1,-1 -1,1 -1,-1 1,-1 
-1,-1 1,1 -1,1 1,1 -1,-1 1,1 1,-1 -1,1 -1,-1 1,-1 -1,-1 
-1,1 1,-1 -1,-1 -1,1 -1,1 -1,-1 -1,1 1,1 1,-1 -1,1 -1,1 
1,-1 -1,-1 1,-1 1,-1 1,-1 -1,1 1,1 -1,-1 1,1 1,1 1,1 

-1,-1 1,-1 1,1 -1,-1 1,1 -1,1 1,-1 -1,1 -1,-1 1,1 -1,1 
1,-1 -1,-1 1,-1 1,1 1,-1 -1,-1 -1,1 1,1 1,-1 -1,1 1,-1 
-1,1 1,1 -1,1 1,-1 -1,1 1,-1 -1,-1 1,-1 -1,1 -1,-1 1,1 
1,1 -1,1 -1,-1 -1,1 -1,-1 1,1 1,1 -1,-1 1,1 1,-1 -1,-1 

1,1 -1,1 1,1 -1,-1 1,1 -1,-1 1,-1 -1,1 1,1 -1,1 1,1 
-1,1 -1,-1 -1,1 1,1 -1,1 1,-1 -1,1 1,1 -1,-1 1,1 1,-1 
-1,-1 1,1 1,-1 -1,1 1,-1 1,1 -1,-1 -1,-1 -1,1 1,-1 -1,-1 
1,-1 1,-1 -1,-1 1,-1 -1,-1 -1,1 1,1 1,-1 1,-1 -1,-1 -1,1 

-1,-1 -1,1 1,-1 1,1 -1,-1 1,1 -1,-1 1,-1 -1,1 1,-1 -1,-1 
1,1 -1,-1 -1,1 1,-1 1,1 -1,1 1,-1 1,1 1,-1 -1,1 1,-1 
1,-1 1,1 -1,-1 -1,1 1,-1 1,-1 1,1 -1,1 -1,-1 -1,-1 -1,1 
-1,1 1,-1 1,1 -1,-1 -1,1 -1,-1 -1,1 -1,-1 1,1 1,1 1,1 

1,-1 -1,1 1,1 -1,1 1,1 -1,1 1,1 -1,-1 1,1 -1,1 1,-1 
1,1 1,-1 -1,1 1,1 -1,-1 1,1 -1,-1 1,1 -1,1 1,-1 -1,1 
-1,1 -1,-1 1,-1 1,-1 1,-1 1,-1 -1,1 -1,1 1,-1 -1,-1 1,1 
-1,-1 1,1 -1,-1 -1,-1 -1,1 -1,-1 1,-1 1,-1 -1,-1 1,1 -1,-1 

-1,-1 -1,1 -1,-1 -1,1 -1,-1 1,1 -1,-1 1,-1 1,1 -1,1 -1,-1 
1,-1 -1,-1 1,-1 1,1 -1,1 -1,-1 -1,1 1,1 1,-1 -1,-1 1,1 
-1,1 1,-1 1,1 -1,-1 1,-1 -1,1 1,-1 -1,1 -1,-1 1,1 1,-1 
1,1 1,1 -1,1 1,-1 1,1 1,-1 1,1 -1,-1 -1,1 1,-1 -1,1 


9 10 4 0 
10 8 6 7 
7 4 0 8 
6 8 10 1 
3 1 7 8 
0 10 3 8 
4 6 0 2 
0 6 4 3 
2 8 7 5 
1 0 10 5 
1 3 9 10 
0 5 10 7 
0 3 2 8 
5 3 9 0 
5 6 0 4 
0 4 7 10 
6 0 9 3 
9 6 4 8 
3 2 7 4 
10 9 0 3 
1 5 10 8 
7 10 1 0 
0 8 4 10 
10 9 3 8 
6 10 8 3 


