1534769903.1671 1682667060.7431 1618696723.1813 1185931860.6228 1758101874.1780 1654736345.0956 1536821655.0089 1510650007.6407 1243905423.5633 1075265654.7646 1845212416.6446 
1694749087.3921 1709099600.8239 1289285116.7453 1095891844.9420 1652842321.8936 1189184471.8618 1235469062.6474 1577954489.7067 1661379564.2018 1179073764.1680 2092073399.3151 
1945787497.6511 2117931752.4239 2071727121.1454 1075914962.6035 1927125308.8026 2123942916.8723 1604638092.7560 1915449117.7741 1256690152.1825 2094611275.2719 1077391551.7047 
1392523276.8610 1564838492.3587 2089928613.4503 1214115047.1838 1790392174.7801 2097650928.7239 1717581411.0904 1346946317.6808 1687415424.2708 2117105652.3079 1284062181.4465 
1346536639.7988 1532362762.9201 1817701186.5297 2031264242.8924 1131692023.4780 1212652272.1690 1386555469.4558 1138317748.2552 1666511946.9471 1698667513.3199 1900317288.1690 
1507968259.4892 1887554892.6743 1990124943.0550 2145823655.4511 1487018310.8932 2129354586.4375 1682359465.1821 1765342387.4105 1794412635.3926 2057894495.6524 1156482624.4193 
1904742798.3340 1212848939.8500 1833123934.4109 1298992592.9146 2001040893.2593 1970763785.2203 1288525917.1251 1120033229.5227 1265959650.4726 1588057470.3467 2109395204.6887 
1907382183.1822 1855353191.6052 1938611997.4846 1261469554.4682 2025305589.1128 1845793837.5084 1334659003.1071 1319015775.2626 1222872176.2434 1530856701.0749 1820884660.7457 
1374864760.6962 1130403397.2521 1183051839.5562 1418982500.8221 1137370232.0403 1184103036.0822 1553229945.6742 2025145272.5372 1463943640.8981 2013533333.2388 1812088828.8430 
1834085064.2844 1114991987.7654 1789074775.5052 1418335465.2807 1815354438.6078 1942681832.9434 1604587055.1398 1142650590.1550 1565695777.2636 1816571799.9051 2026606883.5491 
1631588501.4933 1107232450.9453 2145567670.1082 2129764830.4883 2013346608.7011 1108310894.7262 1369029569.8253 2092982842.9802 1413641207.7731 1281652204.3717 1251927307.8494 
2028469112.4346 1596533107.5352 1271561492.2419 1386639590.0012 1190947197.9626 1405426181.6014 1604679696.3787 1770212681.4645 1150955524.9100 2026983580.6907 1395752204.2219 
1383710592.9608 1648666223.4655 1705100250.6586 2034439669.6389 1299670762.4865 1820686963.3989 2036565818.7652 1163784020.5000 1862216955.9378 1725292966.5043 1247331569.9415 
1574479261.0438 1940161396.2630 1157622269.4976 1652560398.0184 1920650744.3366 1278864581.9130 1900836472.1367 1110682327.6825 1479731735.9881 1144434206.9928 1499780174.6615 
1694220724.9113 1420074514.4195 1224155366.1676 1475811175.0664 1311464711.9646 1886619438.7642 2023838754.2652 1348713690.0655 1192366880.6418 1323144174.6358 1164959823.9998 
2059100390.3234 1575808891.7476 1199317530.9792 1596212393.7884 1249686048.2115 1347105066.2591 1670944094.9979 1579789600.3968 1395453012.8164 1550414719.2745 1666661473.1703 
1451876092.2603 1575942141.3861 1939128188.2111 1383082659.6213 1683689540.5837 1098190977.6988 1372524757.6264 1519380603.8006 1860258086.9661 1090663839.5825 1193063036.5491 
1870051781.0935 1834790542.9245 1289952975.4497 1374812631.9287 1414753380.1089 1734091909.9974 1389036906.9373 1782918268.7762 1960147681.6023 1775813738.9934 1612262269.1756 
1514348793.0702 1380240603.1383 2057807158.6891 1981539271.5041 1632931931.2788 1774509681.0809 1816422678.6597 1785499035.1575 1426186795.8030 2133076747.8511 1447900743.5947 
1471170164.1760 1694386592.9990 1226465400.5374 2040374986.1714 1094241701.2472 1167277322.0267 1116239558.0829 2141525512.5974 1148630424.4392 1861669065.3397 2145094551.6073 
1139732750.8635 1235011723.6196 1877546481.4064 1462342751.7340 2091075490.2818 1424747493.3558 1914999706.8835 1335850019.7389 1697084599.9361 2027852137.3993 1538895441.1528 
1990660415.3179 1721679737.7469 2138653569.4931 1084435160.4025 1784731970.3522 1495565241.3643 1630310464.3642 1837065232.1226 1418315783.8718 1181399128.3633 1527688379.9886 
1957319570.0763 1708528239.7969 1155773336.1493 1529627891.9335 1138177240.9927 1568226933.2559 1090046522.0382 2098158526.5607 1327138593.1994 1110001731.2105 1139939735.3451 
1843415142.3061 1809323307.9327 1801006349.1096 2035216499.7362 1299591855.0662 1137748708.1454 1101798936.4676 1116549722.6252 1824321843.2295 1124670886.3638 1575082774.5566 
1577031662.1481 1257249582.1030 1276531754.3883 1966400109.4402 1882424277.5265 1455585873.9031 1616257563.9578 1947089420.2419 2130781910.6252 1913627457.0682 1916144211.0396 
1388852077.2456 1505071462.5709 1307563024.9628 1289604068.6721 1471347030.7879 1969708220.1396 1964250241.4932 2136858628.9378 2010027493.2167 1942690542.5266 1880250582.4647 
1386011999.8262 1619454432.4499 1971730853.7847 1399063191.7967 1324267540.3185 1334429002.9496 1982002114.0800 1157712382.9586 1288501444.3846 2068103594.2142 1662484997.2907 
1633825899.7431 2073352784.3558 1323490158.0571 2033239069.5163 1796932014.5533 2146272772.4523 1179493271.6217 1208726335.2756 1237585779.5912 1088983282.8175 1728584222.8952 
1462556286.9005 2063931393.4277 1607810466.5866 2042414554.7206 1801314598.3681 1943790039.5635 1672911136.8766 1265966454.4993 1551787601.3662 1369581949.1383 1474242840.7271 
1845761610.6878 1187989112.7183 1495535716.5343 1442564487.9582 2017840461.4216 2147393475.8645 1951630262.6119 1870413445.4210 1938685595.8518 1226896474.0120 1943130769.9545 
1991124724.5133 1173306601.3701 1308497187.9493 1793801413.4528 1435243546.7889 2120843411.7212 1535835541.4340 1105531262.5457 2131102871.7806 1913670876.5802 1497368325.4894 
1086922426.4697 1716364037.7548 1235781374.0496 2144721970.1788 2113803281.3547 1118774367.9470 1572430073.4058 1602986022.4113 1487183808.9456 1572860221.2145 2067903791.2108 
1351777680.4376 1263795781.6883 1638904147.4588 1952650380.9876 1078279579.6671 1905619826.2889 1907043698.3605 1850090255.4512 2023267858.8738 1710927852.4348 1629617092.8708 
1722236040.0891 1568753542.3162 2127444944.6258 1641436161.6984 2139216083.4778 1689146521.8681 1550621294.3285 1491825540.6242 1776150603.7317 1562876260.7660 1893788522.4104 
1780321987.1463 1548526786.3994 1600127077.8327 2054218125.5985 2062300048.9902 1721134210.9246 1247550124.8937 2092640500.7369 1466818482.1434 1425988868.1911 1176238120.9109 
1503764785.0744 1375925069.7999 1702444050.0832 1380737773.7417 1430527253.4959 1585142667.8108 1736325387.5289 1797525939.2977 1246096868.2623 1779935358.0719 1927574821.2266 
1724991588.5188 2115956469.8918 1446792406.1041 1979552286.4752 1392470350.5040 1919722708.2750 1561202577.9128 1765212622.6918 1933334418.0064 2047062630.3955 1952481215.3864 
1817657915.0318 1306704039.3790 1176395061.8439 1873151250.1467 1398160541.2755 2075379317.4535 1826405121.3859 1726411522.2287 2068001610.4600 1267311287.1245 1106126857.9763 
1591932281.9398 1323806395.7828 1490026248.4854 2012580621.3700 1534596463.1283 1867403159.0577 2093546583.4364 1655636476.9105 1121386627.6668 1362953496.1552 1374533167.7575 
1109392939.1373 1884860464.2742 1776598463.7686 1592506807.2987 1997046485.4062 1911724145.9036 1230906750.5055 1729783677.1417 1659928003.4717 1988041844.5610 1782524510.3097 
1697827032.7762 2016394228.6992 1524709855.9658 2045599753.8475 1868435971.3591 1818274857.2632 1847572525.7111 1732623783.8984 1288630290.8536 1388682692.5898 1585654205.8203 
1901834484.1865 1735643744.5754 1126387322.3379 1993690266.8799 1787137506.0206 1106805987.3288 2004877870.6395 2042715430.3170 1796539602.2184 2132269383.3681 1575557236.3949 
1826717629.5940 1964990608.8967 1714584070.3389 1261730017.6431 1438856008.6051 1608091400.5161 1907067705.7932 1621273396.9260 2115700176.6547 2060249937.1696 1296091871.4838 
2022238001.0769 1329421689.5194 2105848749.5063 1163388034.7334 1740225355.2251 1077150676.1494 1971296149.5149 1393357355.3892 1223448227.5686 1475876092.5321 1535579936.6814 
1714690052.1125 1557788532.2483 1778762965.4849 2107350046.7184 1779127369.5566 1884334991.3627 1656019503.0437 2106244573.0817 1695287708.3266 1741284927.0693 1488371325.8250 
1130035164.5960 1207592362.1971 1666579846.1159 1376643808.0514 2146488785.1218 1978851475.0568 2048279012.1300 1303548509.3019 1312503852.2743 1334587257.3827 1867957209.2124 
2118287143.7957 1882393972.2505 1845486070.5291 1355181521.2176 1587125492.1291 1412068412.2452 1193022278.9799 1544922229.9717 1979204802.4751 1871842087.7309 1742681390.3504 
1960844925.1942 1491888912.1859 1232711214.7216 1233957328.8024 1404326298.2136 1083259576.2850 1314139928.7133 2018075723.8238 1810483651.3919 1838536417.2259 1389578797.8590 
2091199615.3044 1699525049.5832 1802525246.7893 1999428854.0903 1875285542.0150 1503240469.0771 1661694858.9626 1482177563.9179 1800058009.7454 1145149161.9852 1713072325.4556 
2134603757.1246 1345044012.4499 1704437054.3985 1173912285.1471 2025056014.8570 1893667826.5997 1598048454.5320 2114769621.3868 1604522858.4623 1504747628.9898 1646185419.2437 
1767427271.3010 1858611824.2694 1674880239.7423 1165563160.8167 1231213088.2743 1779055974.5851 1582861613.0231 2029319431.9494 1910591860.4826 1595513870.9833 1957524299.4038 
2064146499.2304 1611434194.7735 1325052923.4131 1426051917.6816 2017565376.1879 1850567733.9351 1949772199.5423 1876317616.8847 1208386364.8799 1307155817.9953 2131210610.7690 
1376277602.9230 1511462906.1644 2039923705.1666 1084425475.7061 2047349308.0209 1931069314.6101 1608320243.7594 1911474442.5883 1346695617.6590 1636976419.7617 1927969876.3775 
1138006552.0640 1594530440.9445 1513008855.2931 1421538908.6899 1541403391.9240 1478576935.4691 1351630682.6479 1710941672.4543 1312288026.6835 1818493090.6443 1603016760.1913 
1935002750.6032 1546564418.9864 1783296393.6450 1230803695.3823 1457574890.5817 1253311914.6866 1260158615.5555 1989978164.3200 1104281488.8324 2114698592.9842 1892250807.6743 
1501375524.3518 1145635946.8862 1975497557.0098 2144199479.4703 1447085390.6446 2050613017.8344 1133862908.9107 1163221647.1131 1216830609.4354 1831292360.0712 1817503753.5629 
1171999192.0470 1837148901.2094 1708647306.7970 1821108529.2008 1734192308.2829 1811281352.1163 1321788925.4877 1259785748.4815 1774260042.7009 1106987531.0452 1781991966.3528 
1354554102.7887 1209251672.8668 1737474146.6683 1333107795.8558 1667483230.4468 1662697061.3880 1482438594.2618 1389542910.9059 2098494415.5303 1533558200.0204 1183363284.7948 
1101578281.4640 1179593979.4570 1942735018.2474 1255110707.7305 1802500050.1386 1231385958.1778 1644701471.3130 1257100383.7118 1974645651.3708 1574736211.7726 1296844617.1749 
1975218248.9244 2022800743.6713 1122713837.7312 1938052820.5780 1463847272.7803 1800209448.2859 1972638432.4410 1257812855.2682 1814067655.7973 1891418533.8249 1683224071.5075 
1466531441.3989 2129338063.0997 1899526993.2550 1172358218.9915 2089400225.7542 1238163876.5708 1305261085.5433 1224601057.0957 1781970234.8397 1325685409.0917 1949399319.1190 
2142150928.7139 1872996730.5085 2142789784.7597 1239879875.9188 1903732092.0307 2077271407.7449 1468994700.8612 1357282789.6590 2039782636.9960 1572553276.0567 1281105287.0757 
1642239354.4325 1419601141.5937 1358616415.0880 1284902028.2304 1597273982.6053 1397813276.6578 1207300622.4272 2022390211.6640 1184471193.5757 1817882217.8020 1994959399.2755 
1392304840.5856 1233997730.8410 1167494414.3092 1904951183.0165 1075868086.8534 2001520587.0050 1729699184.7501 1753204628.8973 1996048647.0858 1977836374.1558 1747025890.9048 
1931546547.6686 1980369483.3409 1865106455.3399 1452714551.8648 1949274698.7959 1487324547.6287 1424676520.1779 1491501373.4336 1324816100.2743 2126987511.9809 1158158510.6683 
1697272239.2569 1350961618.7375 1284266264.8205 1759254040.2804 1369580064.3473 1725580556.4464 1145309116.5973 1985593240.4613 1880882462.7376 1595546068.4666 1287367108.0316 
1822817881.6080 1479153064.4234 1854883026.6256 2015572804.3766 1821370535.3133 2141613418.2129 1996962956.9172 1580717638.4416 1536827891.2112 2089712232.2288 1549326291.8025 
1997579692.4600 1631268049.8155 1146924047.9743 1881963908.0038 1486169100.8286 1547734512.2496 1665489309.6929 1893973928.9982 1696392669.5192 2011705647.9690 1506453710.2542 
1906316730.3384 1285794127.2361 2089616242.5457 2093681252.0582 1789621100.0893 2097667052.1892 1394443374.9156 1444446515.7740 1447843782.6202 1419737022.6823 1328961129.6239 
2011988216.8143 1367917246.8367 2077691103.7605 1218882722.4129 1627366963.4419 1598829413.3638 1156394064.6063 2074932886.2994 1585742135.1678 2013380227.4786 1471019992.3271 
2139514779.7382 1424868819.9597 1956775032.3719 1153809571.0185 1808152529.3237 1555558472.7181 1576775688.8435 1927235994.7237 1749957609.3903 1431072049.6472 2145269205.0962 
1215069617.8006 1988383115.4353 1852312159.5456 1674573322.9385 1845620689.0480 1182809774.6106 1142133243.6698 1320209171.9860 1729652110.0553 1449600177.7461 2092770674.0553 
1969898426.6307 1625593043.1664 1570605195.9542 1925146728.4291 1903539798.1820 1159365595.3851 1107212236.6544 1276159933.1403 1799553355.3748 1925316022.7621 2028750784.6235 
1622006262.2634 2130467209.9041 1755859472.9583 1582926814.9788 2087006234.5134 1708517241.2726 1760584419.6265 1608062670.9814 1733865948.9070 1581995575.8485 1691737069.8571 
1451834261.0111 1882568839.8443 1308479907.8975 1851828324.3716 1490477604.9804 1874441675.7738 2003326658.9384 1120044263.3173 2099085320.3349 2115384199.1869 2100079300.7337 
2107712181.9590 1643640962.7646 1380801826.5271 1194183651.7771 1406686975.4323 1720781628.3543 1414650148.7899 2070867379.5031 1086040588.8842 1814607765.4447 1481217184.1699 
1239614311.2071 1330484211.4184 1662894713.4094 1926757413.2225 1638382436.0408 1499552892.9825 1467025842.9209 2085883009.4286 1498373077.2861 1709571412.9131 1518849838.1517 
1388042105.3724 1806644733.5126 1231694072.6159 1932584417.9925 1314540120.3435 1740003627.6969 2054426431.8242 1225848618.8415 1880865002.6956 1273893863.5304 1220143604.1001 
1763991242.4372 1526491075.5685 1343861102.6344 1994406546.9107 1544238179.9003 2001220317.6420 1115783314.3283 1440128166.8735 1426108328.3030 1185196526.3542 1170388511.3757 
1084723610.9029 2087009171.3912 1194656363.8170 1387163627.1137 1551477877.8997 1704318901.5260 2066658863.0538 1189605093.5433 1496936923.6829 1806585990.7636 1535520058.9391 
1384171826.3361 1937304198.3441 1287677778.2573 1630427680.8602 1620478370.8383 1124515550.5094 1459421438.2331 1841403089.6860 1806645777.6831 2071832014.9065 2061568286.3424 
1750200385.2247 1899339975.9834 1596432186.4228 1291133463.9702 2118311079.8601 1857691456.4148 1307665368.6972 1370394186.0483 1170219373.3008 2075978529.0023 1730498391.9862 
1583657649.4943 1772676297.4405 1364574559.3901 1604807022.1590 1083905075.3218 1337136526.7867 1377065715.7067 1672648693.4826 1829675433.9703 2097468668.6690 1551651848.5094 
1190084731.9087 1684623356.6115 1293982858.1896 2084613644.6291 1715961583.5543 1289987589.4504 1480036727.2976 1877893444.0629 1848500304.8091 1868590793.2862 1696804380.3618 
2128301578.7998 1086544067.3860 1703513366.2816 1439224473.6650 1760795037.0420 1951862440.4500 1184454563.5993 1874969160.7250 1239702527.3556 1840552031.5839 1190529397.4486 
1290202712.2243 2132010019.0884 1217176652.0312 1112000295.6096 1684952730.9942 1567640709.0222 1931180564.2336 1636585494.6564 2121608761.9983 1561442708.9478 1337014276.1724 
1106185799.9976 1807343649.1018 1873725058.1838 1258872290.6366 1248380638.5620 1896817994.0544 1738129860.3168 1555255560.6945 1846323492.2238 1650723431.5468 2039762644.0708 
1926891629.7302 1727593883.1744 1317943000.5151 1328796194.9461 1755753690.7849 1947343278.9903 1167335353.2147 1835974351.7074 1400924363.3179 1213100886.7812 1942880333.9849 
1352223810.4583 1163775250.5867 1817907664.8279 1441112368.9588 1971925830.0140 1995097054.8778 1318784955.5945 1110646386.8324 1265748619.5076 1478601000.5931 1259013288.7500 
1529317679.4272 1855212663.7327 1559531121.0318 1355070050.7284 1408855975.0907 1498975845.1231 1214540955.1696 1782387386.1060 1583086471.0962 1651289931.3572 1161901843.1869 
2078095025.9082 1232760543.5871 1366634065.8120 1453788399.6368 2002861005.7501 2126288263.1101 2014891900.9936 1876002420.0352 1603073755.7806 2068155571.1733 1532807731.0767 
1113935108.8567 1733251020.6817 2078091569.4979 2103359385.3709 1162932512.7503 2048753146.9473 1666862499.3510 1484945768.8644 1793740025.9045 1916345084.7565 1294119220.7295 
1842816792.4711 1518263115.9787 1142939199.5522 1543143357.0014 1936668308.5134 1150019012.6523 1560873257.9271 1712832689.0657 1586633855.2388 1748043642.2104 1461654339.6963 
1679164046.0104 1951702001.5755 1632866540.7613 1083587792.9257 2113953230.0270 2106175065.0401 1848664737.4255 2056171023.2478 1670642666.4096 2142058130.5613 1993977133.8949 
1466456490.4671 1294484212.7356 1285265506.3084 1795183288.1343 1897428078.0344 1952752673.7914 1785217528.1261 1838231315.9836 1654859252.2183 1354129448.8007 1106416952.9475 
1494546887.1195 1560073262.3287 1415203295.5274 1497270262.2980 2040646592.0904 2065948874.2778 1441577986.2213 1392753477.1187 1562327132.1580 1575324482.8162 2083186060.0112 
2129314673.7664 1678130502.8658 2037234444.5663 1346610067.9032 1654141785.1082 1306357144.1411 1462468192.3954 1514867975.2269 1491745997.3054 1827580333.6571 1269167815.0005 
1292412165.6796 1188462146.5017 2097491748.2970 1178808851.8428 2082836048.7332 1617065366.0500 2063282287.1722 1536343601.9399 1437130464.8308 1090325122.0291 1943060141.0966 
1169843732.6957 1172946637.2214 1591167955.3954 1716303683.6664 1597276761.4140 1350019644.6350 1979088098.0954 1760610263.7139 1668977474.7404 1912825415.3155 1347256406.7328 
1518166925.5400 1818085756.4282 2003746854.3766 1306140282.2792 1501029677.7341 1395501992.4122 1883477317.4680 1568170452.7494 1476500764.4561 1478016568.5167 1489652845.8908 

-1,1 -1,-1 1,-1 1,1 -1,1 -1,-1 1,-1 1,1 -1,-1 1,-1 -1,-1 
1,1 -1,1 -1,-1 1,-1 -1,-1 1,1 -1,-1 -1,1 1,1 -1,-1 1,-1 
1,-1 1,1 -1,1 -1,1 1,-1 -1,1 -1,1 1,-1 1,-1 -1,1 1,1 
-1,-1 1,-1 1,1 -1,-1 1,1 1,-1 1,1 -1,-1 -1,1 1,1 -1,1 

1,1 -1,1 1,1 -1,-1 1,-1 1,1 1,-1 -1,-1 -1,1 1,-1 1,1 
-1,-1 1,-1 -1,1 1,1 -1,1 1,-1 1,1 -1,1 1,1 -1,1 1,-1 
1,-1 1,1 1,-1 1,-1 1,1 -1,-1 -1,1 1,-1 -1,-1 1,1 -1,-1 
-1,1 -1,-1 -1,-1 -1,1 -1,-1 -1,1 -1,-1 1,1 1,-1 -1,-1 -1,1 

-1,1 -1,-1 -1,1 -1,-1 1,-1 -1,-1 1,1 -1,-1 1,1 -1,1 1,-1 
1,1 -1,1 1,-1 -1,1 -1,-1 1,-1 -1,-1 1,1 -1,1 -1,-1 -1,1 
-1,-1 1,-1 1,1 1,1 1,1 -1,1 1,-1 -1,1 -1,-1 1,-1 1,1 
1,-1 1,1 -1,-1 1,-1 -1,1 1,1 -1,1 1,-1 1,-1 1,1 -1,-1 

-1,-1 1,1 1,-1 -1,1 1,1 -1,-1 1,1 -1,-1 -1,1 1,-1 1,1 
1,-1 -1,-1 1,1 1,-1 -1,1 1,-1 -1,-1 1,-1 1,1 -1,1 1,-1 
-1,1 -1,1 -1,1 -1,-1 1,-1 1,1 1,-1 1,1 -1,-1 1,1 -1,1 
1,1 1,-1 -1,-1 1,1 -1,-1 -1,1 -1,1 -1,1 1,-1 -1,-1 -1,-1 

-1,-1 1,-1 -1,-1 1,-1 -1,-1 1,1 1,-1 1,1 -1,-1 1,1 -1,-1 
1,1 -1,-1 1,1 -1,-1 1,1 -1,-1 -1,1 1,-1 1,1 -1,-1 1,1 
-1,1 -1,1 1,-1 -1,1 1,-1 -1,1 1,1 -1,-1 1,-1 -1,1 -1,1 
1,-1 1,1 -1,1 1,1 -1,1 1,-1 -1,-1 -1,1 -1,1 1,-1 1,-1 

1,1 -1,-1 1,1 -1,-1 1,-1 -1,1 1,-1 -1,1 1,1 -1,1 1,-1 
1,-1 1,1 -1,-1 1,1 -1,1 1,-1 -1,-1 1,-1 -1,1 1,-1 1,1 
-1,-1 -1,1 1,-1 -1,1 -1,-1 1,1 1,1 -1,-1 -1,-1 -1,-1 -1,-1 
-1,1 1,-1 -1,1 1,-1 1,1 -1,-1 -1,1 1,1 1,-1 1,1 -1,1 

-1,1 -1,-1 1,1 1,-1 -1,-1 -1,1 -1,-1 -1,1 -1,-1 1,1 1,-1 
-1,-1 1,1 -1,-1 1,1 1,-1 -1,-1 1,1 -1,-1 1,1 -1,-1 1,1 
1,-1 1,-1 1,-1 -1,1 -1,1 1,-1 1,-1 1,1 -1,1 -1,1 -1,-1 
1,1 -1,1 -1,1 -1,-1 1,1 1,1 -1,1 1,-1 1,-1 1,-1 -1,1 

-1,-1 1,-1 -1,-1 1,-1 -1,-1 1,-1 -1,-1 1,-1 -1,1 1,1 -1,1 
1,-1 -1,1 1,-1 1,1 1,-1 1,1 1,-1 -1,-1 1,-1 -1,1 1,-1 
-1,1 1,1 -1,1 -1,1 1,1 -1,1 1,1 -1,1 -1,-1 -1,-1 1,1 
1,1 -1,-1 1,1 -1,-1 -1,1 -1,-1 -1,1 1,1 1,1 1,-1 -1,-1 

1,1 1,-1 -1,-1 -1,1 -1,-1 -1,1 1,-1 -1,-1 -1,1 1,1 1,-1 
-1,1 -1,-1 1,-1 -1,-1 -1,1 1,-1 -1,-1 1,-1 -1,-1 -1,1 1,1 
1,-1 -1,1 -1,1 1,1 1,-1 -1,-1 1,1 -1,1 1,1 -1,-1 -1,1 
-1,-1 1,1 1,1 1,-1 1,1 1,1 -1,1 1,1 1,-1 1,-1 -1,-1 

-1,1 -1,-1 1,1 -1,1 1,1 1,-1 -1,-1 1,1 -1,-1 -1,1 1,-1 
1,-1 -1,1 -1,-1 1,1 1,-1 -1,-1 1,1 -1,-1 -1,1 -1,-1 -1,1 
1,1 1,-1 -1,1 -1,-1 -1,1 1,1 -1,1 -1,1 1,1 1,1 -1,-1 
-1,-1 1,1 1,-1 1,-1 -1,-1 -1,1 1,-1 1,-1 1,-1 1,-1 1,1 

-1,-1 -1,1 -1,-1 1,-1 -1,-1 -1,1 1,-1 1,1 1,-1 -1,1 1,-1 
1,-1 -1,-1 -1,1 1,1 1,-1 -1,-1 -1,1 1,-1 -1,-1 1,-1 -1,1 
-1,1 1,-1 1,-1 -1,1 -1,1 1,1 -1,-1 -1,1 -1,1 -1,-1 -1,-1 
1,1 1,1 1,1 -1,-1 1,1 1,-1 1,1 -1,-1 1,1 1,1 1,1 

-1,1 1,1 -1,1 -1,-1 1,-1 1,1 -1,1 -1,-1 -1,1 1,-1 1,1 
1,-1 -1,1 -1,-1 1,-1 -1,1 1,-1 -1,-1 1,1 1,-1 1,1 -1,1 
1,1 -1,-1 1,1 1,1 -1,-1 -1,-1 1,1 -1,1 1,1 -1,-1 1,-1 
-1,-1 1,-1 1,-1 -1,1 1,1 -1,1 1,-1 1,-1 -1,-1 -1,1 -1,-1 

-1,-1 -1,1 1,1 1,1 1,1 1,1 1,1 1,1 -1,1 1,1 -1,-1 
1,-1 -1,-1 1,-1 1,-1 -1,-1 -1,-1 1,-1 1,-1 1,-1 1,-1 1,-1 
1,1 1,-1 -1,-1 -1,1 -1,1 1,-1 -1,-1 -1,-1 -1,-1 -1,1 -1,1 
-1,1 1,1 -1,1 -1,-1 1,-1 -1,1 -1,1 -1,1 1,1 -1,-1 1,1 

-1,-1 1,1 1,1 1,-1 -1,-1 -1,-1 -1,-1 -1,-1 1,1 -1,-1 1,1 
1,-1 -1,1 -1,-1 -1,1 1,1 1,-1 1,1 -1,1 1,-1 -1,1 -1,1 
-1,1 1,-1 1,-1 1,1 -1,1 -1,1 1,-1 1,-1 -1,1 1,-1 -1,-1 
1,1 -1,-1 -1,1 -1,-1 1,-1 1,1 -1,1 1,1 -1,-1 1,1 1,-1 

1,1 1,1 1,1 1,1 1,1 1,1 1,1 1,1 -1,1 1,1 -1,1 
1,-1 1,-1 -1,1 -1,-1 1,-1 1,-1 -1,1 1,-1 1,-1 -1,-1 -1,-1 
-1,-1 -1,1 -1,-1 1,-1 -1,-1 -1,1 -1,-1 -1,1 1,1 -1,1 1,-1 
-1,1 -1,-1 1,-1 -1,1 -1,1 -1,-1 1,-1 -1,-1 -1,-1 1,-1 1,1 

1,-1 1,-1 -1,-1 1,-1 1,-1 -1,-1 1,-1 -1,-1 1,-1 -1,-1 -1,1 
-1,-1 -1,1 -1,1 1,1 -1,1 1,1 1,1 -1,1 1,1 1,1 1,-1 
1,1 1,1 1,-1 -1,-1 -1,-1 1,-1 -1,1 1,1 -1,1 1,-1 1,1 
-1,1 -1,-1 1,1 -1,1 1,1 -1,1 -1,-1 1,-1 -1,-1 -1,1 -1,-1 

-1,-1 1,1 1,1 1,-1 1,-1 1,-1 1,-1 1,-1 1,-1 -1,1 -1,1 
1,-1 -1,1 -1,-1 -1,-1 -1,-1 1,1 -1,1 -1,-1 -1,-1 -1,-1 1,-1 
-1,1 1,-1 1,-1 -1,1 1,1 -1,-1 1,1 -1,1 -1,1 1,1 -1,-1 
1,1 -1,-1 -1,1 1,1 -1,1 -1,1 -1,-1 1,1 1,1 1,-1 1,1 

-1,1 1,1 1,1 -1,1 1,1 -1,1 -1,1 -1,-1 -1,1 -1,1 -1,-1 
1,-1 1,-1 -1,-1 -1,-1 1,-1 1,-1 1,1 1,-1 1,-1 1,1 1,1 
1,1 -1,-1 1,-1 1,-1 -1,-1 -1,-1 1,-1 1,1 1,1 -1,-1 -1,1 
-1,-1 -1,1 -1,1 1,1 -1,1 1,1 -1,-1 -1,1 -1,-1 1,-1 1,-1 

-1,1 1,1 1,1 1,1 -1,1 1,1 -1,1 1,1 1,1 1,1 -1,1 
1,-1 -1,-1 1,-1 1,-1 1,-1 1,-1 1,-1 1,-1 -1,-1 1,-1 1,-1 
-1,-1 1,-1 -1,-1 -1,1 1,1 -1,-1 1,1 -1,1 -1,1 -1,-1 1,1 
1,1 -1,1 -1,1 -1,-1 -1,-1 -1,1 -1,-1 -1,-1 1,-1 -1,1 -1,-1 

-1,1 -1,1 -1,-1 -1,-1 -1,-1 -1,1 -1,1 -1,1 -1,1 1,-1 -1,1 
1,1 1,1 1,1 -1,1 1,1 1,1 1,1 1,1 1,1 1,1 1,1 
-1,-1 -1,-1 -1,1 1,-1 1,-1 -1,-1 1,-1 1,-1 1,-1 -1,-1 -1,-1 
1,-1 1,-1 1,-1 1,1 -1,1 1,-1 -1,-1 -1,-1 -1,-1 -1,1 1,-1 

-1,-1 -1,1 -1,1 -1,1 -1,-1 -1,-1 -1,1 -1,1 -1,1 -1,1 -1,1 
1,1 1,1 1,1 1,-1 1,-1 1,1 1,1 -1,-1 1,1 -1,-1 1,1 
1,-1 1,-1 1,-1 1,1 -1,1 -1,1 1,-1 1,-1 -1,-1 1,1 -1,-1 
-1,1 -1,-1 -1,-1 -1,-1 1,1 1,-1 -1,-1 1,1 1,-1 1,-1 1,-1 

-1,-1 -1,-1 -1,-1 -1,-1 1,1 1,1 1,-1 1,1 1,-1 1,1 1,-1 
1,1 -1,1 -1,1 1,-1 1,-1 -1,1 -1,1 -1,-1 -1,-1 -1,-1 -1,-1 
-1,1 1,1 1,-1 1,1 -1,-1 -1,-1 1,1 1,-1 -1,1 1,-1 1,1 
1,-1 1,-1 1,1 -1,1 -1,1 1,-1 -1,-1 -1,1 1,1 -1,1 -1,1 

-1,1 1,-1 1,-1 1,-1 1,1 -1,1 -1,1 1,-1 1,-1 1,-1 1,-1 
-1,-1 1,1 -1,1 -1,-1 -1,-1 -1,-1 -1,-1 -1,-1 -1,1 -1,1 1,1 
1,1 -1,-1 -1,-1 1,1 -1,1 1,-1 1,1 -1,1 1,1 1,1 -1,1 
1,-1 -1,1 1,1 -1,1 1,-1 1,1 1,-1 1,1 -1,-1 -1,-1 -1,-1 

1,-1 -1,-1 -1,-1 1,1 -1,-1 -1,-1 -1,-1 -1,-1 -1,-1 -1,-1 1,-1 
1,1 -1,1 -1,1 -1,1 1,-1 1,1 1,-1 1,-1 1,-1 -1,1 -1,1 
-1,-1 1,-1 1,-1 1,-1 -1,1 -1,1 -1,1 1,1 -1,1 1,1 -1,-1 
-1,1 1,1 1,1 -1,-1 1,1 1,-1 1,1 -1,1 1,1 1,-1 1,1 

1,-1 -1,1 -1,1 -1,1 -1,1 1,1 1,1 1,-1 1,-1 -1,-1 -1,1 
-1,-1 1,1 -1,-1 1,-1 1,-1 -1,-1 -1,1 -1,1 1,1 1,1 1,-1 
-1,1 1,-1 1,-1 1,1 1,1 -1,1 1,-1 1,1 -1,1 1,-1 1,1 
1,1 -1,-1 1,1 -1,-1 -1,-1 1,-1 -1,-1 -1,-1 -1,-1 -1,1 -1,-1 


10 5 0 3 
9 0 7 6 
5 4 9 8 
4 3 1 10 
3 2 6 8 
9 7 1 0 
7 8 2 0 
1 7 2 9 
0 9 2 8 
5 0 2 9 
9 5 1 10 
3 7 10 8 
9 3 10 7 
10 1 8 2 
8 0 4 3 
5 7 8 3 
6 3 4 1 
9 5 10 1 
3 5 6 1 
3 4 0 5 
5 6 7 3 
2 0 6 8 
10 9 0 3 
10 6 9 5 
3 9 6 10 


