1660098029.9590 1794200787.7112 1088147445.5913 1405971577.5531 1998747520.5142 1657148787.4795 1074476320.4590 1170397694.3385 1968431426.2978 1623499420.6832 1628894846.6230 
1418720903.1538 1089475599.9483 1275991905.8267 2014455626.7599 1698291134.9552 1910207217.7325 1403432728.7941 1822891180.9805 1810084589.8053 1479814104.2686 1154170417.1465 
1701785953.0488 1114957351.8436 1911846143.3485 1835013219.5229 2093716294.9410 1602663335.6894 1554886108.9832 1130919003.6661 1695360348.0687 1395887576.8161 1738033164.8503 
1314322074.2134 2052843980.2817 1934187863.6164 1689229015.7416 1718758703.1308 1242680700.2976 1387707210.4704 2134006699.1965 2013527362.8997 1209515193.2351 1530672290.0381 
1788566600.7723 1096812582.5041 1167962994.6480 1996298735.7689 1093352374.2893 2012277783.3535 1232476222.4768 1462277290.1759 1745505569.9477 1584496854.9468 2136671953.8474 
1330130679.1225 1913964061.8764 1437637460.2284 1233494719.1304 2056790005.7007 1861659892.4319 1938655579.8433 1789002669.8006 1207918667.0205 1392112455.9140 1595627472.6722 
1862624076.7045 1145639326.1508 2044120461.1001 1087897015.5547 1388180334.5766 1456427176.7683 1766601425.1822 1952699780.3937 1939346173.3557 2092863118.4884 1851907086.7443 
2016694048.0869 1726298849.5000 1515661396.5638 1296701295.3334 1560531939.4165 1110372593.8333 2069704044.6135 2132360055.7540 1275114419.3247 1728119845.1257 2129965314.8877 
1416170263.7140 1136332423.0297 2042291036.2592 2122825624.7008 1350397386.2749 1650885543.2461 1584802279.4158 1842841928.9641 1302680798.9746 1913974077.5435 1258788897.1402 
1470568923.6163 2026146850.6024 1152070724.4464 1759768678.6698 1176270709.1950 1759763956.5678 1847993917.7836 1812918453.2712 1773352895.7208 1944719380.7257 1586090001.0691 
2065371259.2495 2086900441.3017 2045693812.2587 1325221530.0894 1696799270.2533 1788789972.4436 1726120255.8384 1958114439.5781 1442009336.7696 1158000118.2760 1484438428.3190 
1907115463.0394 1299469435.5001 1588171394.1067 1703470161.7023 1386894954.2781 1224730103.9926 1904261936.4635 1161562522.5389 2005487471.1850 2045766936.0908 1473870736.8001 
1336551952.3014 1083429759.3581 1304260577.0360 1922300375.9152 2092248266.5811 1267543710.3880 2122106726.2415 1739973598.0113 1883104611.4296 1733810833.9868 1141345867.0068 
1687397089.1657 1590229977.1737 1605822198.2225 1095965401.2782 1565468841.8879 1615307133.9416 2033021172.8835 1390149151.4691 1098739431.3439 2146240305.6393 2099477951.2244 
1714441355.8864 1584569914.8269 1386774399.7208 1284256836.1046 1179853498.6670 1128860234.0205 1583486099.8518 1112204901.9827 1514616089.9368 1715585860.0426 1637571972.3335 
1194761262.3556 1637709547.6680 2004303950.6863 1683288673.9905 1831514581.7445 2011543397.9828 1493297733.9721 1940881382.4071 2084697273.4959 1444701380.4561 1186656315.8716 
1131700774.2645 1399878574.4119 1702889393.5526 1378491368.7250 1119198497.1248 1693368335.8378 1712781764.5210 1595025584.3480 1686532976.8299 1704139249.5169 2009287772.0943 
1375361760.2089 1591979795.0716 2012497831.7960 1646885207.5849 2049731228.5407 2047254331.8601 1933784636.8693 1642133173.5420 1960522346.7665 2002147046.6365 1937986359.3470 
1178365557.4943 2130024788.3077 1443321184.2047 1197795443.5801 1546583270.3298 2038512556.0303 1260088691.3255 1671510370.4761 1851982434.5822 2110092658.7636 2028696978.7537 
1574270210.7978 1853445527.5461 2146745371.7484 1593759116.2063 1902410704.6191 1241835783.6252 1359049986.8311 1503689399.8275 1285885232.6261 1553150739.2591 1707711623.1216 
1310024479.9018 2033307586.1290 1815961535.6072 1291067330.0879 1860438966.6023 2141535912.4768 2066095128.3750 1286244245.7213 1213211672.2523 1899132515.8112 1962517629.6401 
1170082304.4774 1532486934.4234 1268934114.9904 1547771469.0884 1111516711.9662 1535184161.0700 1856700449.6473 1589384310.7035 1389105078.4022 2058492823.5664 1675538279.0854 
1295144117.5875 2097692333.7297 1335582870.0586 1150907453.8366 1698388882.5085 1888617542.4774 1196780779.1329 1206704259.5721 1442676091.9567 1251850073.5817 1480220094.8195 
1352548811.0087 1908770449.3241 1865582203.4798 1108330190.7674 1697938188.2827 1261789836.8664 1491937144.6227 2083902040.3918 1969444704.2210 1294707070.8073 1818678991.0494 
1475423393.5274 1481560794.5881 1809025543.9266 1332965161.3433 2039764754.1772 2022954977.3362 1194541967.0051 1326282006.6617 1123824447.5194 1115825973.0043 1879794317.1168 
2127589566.9459 1121738334.8463 1923134201.9295 1292817979.8624 2137062421.0612 1826826020.1410 1850370241.1383 1321861384.4118 1467213482.7418 1408992490.2667 1243743900.9538 
1478165038.3757 1166750164.7520 2048710916.8256 1867518690.2074 1432555342.7250 1244159814.8658 1279775724.4460 1190305504.1059 1385186704.5605 1523602555.4016 1134317824.3326 
1332147097.3308 1332985899.6165 1676089500.0008 1993826140.5522 1786401500.0833 1963007504.8660 1470162065.0908 1452388082.3838 1786224414.0890 1961394485.4785 1433092640.4322 
1223745292.0519 1920976128.7716 1905193598.5429 1717281981.3479 1789038437.7491 1945807587.9876 1387642764.9010 2094222888.6551 1074911925.6627 1350728334.4156 2011470391.6720 
1249493756.1737 2067891577.4254 1131565299.6369 1365347463.8195 1923441841.0048 1622685589.0773 1423957829.5628 1580129084.3914 1340627743.9222 1295692879.4545 1968192670.4039 
1901862660.0739 1110121962.2133 2041466773.6257 1766129972.4176 1126276217.4342 1980909203.4984 1093699241.3455 1191852819.8041 1437152655.2187 1926314287.9814 1246743823.2080 
1843776100.1947 1919196488.8600 1167485268.9277 1950388794.4873 1967543013.7953 2020335628.5997 1606716835.3890 1250951524.9243 1303633889.1227 1592928214.7037 2019502596.2252 
2138216091.8644 1323919753.7017 2123146173.4622 1867259355.2650 1891001840.1223 1667992982.2321 1986068489.1787 1100290103.7301 1138607549.8371 1340761379.9118 1690521277.8681 
1257439410.3148 1536412784.6160 1679856707.0983 1225083573.8198 1178358701.0539 1294987789.4764 2013199922.4276 1640904946.0742 1254673224.4965 1562112596.4908 1521319159.5868 
1577717236.3749 2089546519.2437 1503184236.9626 1376288126.2567 1881140685.5910 1772214593.1521 1315318043.7308 1388964333.4583 1444329228.8929 1218516036.4887 1486957899.9413 
1422146308.8061 1654185279.7827 1672130287.8221 2016868894.5874 1558525774.7122 1237114198.7504 1827929295.8149 1817624207.2424 1714739170.4952 1285225646.8789 1729756993.2615 
1757984657.3542 1730085581.7483 1338150059.5349 2071263886.2855 1275007099.1634 1296062415.8834 1997931383.3238 1825574440.7489 1993507679.9763 1593598341.9114 2069657110.0166 
1788080619.5661 1243725163.8375 1212872556.4820 1751892537.5201 1751769270.0894 2107607444.4560 1774453544.5667 1663856637.5783 1757301027.0931 1206363267.9102 1941567423.7526 
1688949378.9965 2078541691.7773 1141876362.9982 1194461109.3585 1719905481.3955 1546788531.0559 1132128544.2926 1227293908.5990 1202381593.8751 1746002200.9084 2106900875.8201 
1865374491.6215 1157613236.6877 1405446441.2176 1368067556.3169 1818204008.1952 1158762517.0151 1940507407.2106 1204036273.7489 1632797029.7531 1463280898.7353 1621491998.6868 
1951554413.2127 1708360538.6765 1115809960.2996 1345430285.9938 1837169409.5452 2015153641.2429 1233193116.4850 1786747267.0887 1804937457.4249 1642314609.1365 1153842983.4352 
1821781177.0979 1872382946.6760 1520539936.8764 2071874092.2366 1591871938.2342 1430066426.9094 1373555921.0071 1446374676.3029 1377739225.1454 1565110034.6535 1230584825.7751 
1221519191.1489 1199519555.1774 1286718616.0813 1386216120.1260 1605100185.5341 1252169672.7729 1289784813.6434 2110261934.7975 1364320776.4597 1487794209.0638 1929090367.8235 
1081191046.7805 1754075813.4340 1313566768.7684 1732711132.0723 1423317736.6627 1757455563.0469 1901350163.7670 1848768045.3903 1853915631.8680 1086159352.4399 1574308942.6504 
1255608329.7925 2011259896.2276 2081677837.3013 1447603182.3276 1296050254.1841 1434046421.2034 1604588810.8712 2032969576.9979 1909951561.5494 1564997524.4437 1483315988.1300 
1316721923.7049 1827586868.3541 1482725433.7506 1890727137.1176 2043767633.4321 1841779562.4955 1647121291.4809 1838004582.1912 1464040614.2660 1184453477.2256 1123268443.5164 
2111487969.5801 1218476801.4193 1733665552.3640 1125952443.3554 1946939736.9328 1119869802.5123 1639400886.5414 1985106036.4055 1372928484.4515 1211417867.6735 1735298286.1197 
1596221607.5718 1226450170.2619 1352077656.4111 1649346480.3951 1707567507.4849 1954535775.3741 1340932487.1675 1768508891.7798 1790279550.6709 1427954210.2187 1690828603.7716 
1219383609.1846 1773588407.9982 1359661455.0241 1822033074.9095 2099495850.8589 1629913969.9478 1816576239.5004 1945024971.0079 2012252900.8577 1256069610.8040 1758828493.1026 
1204438885.3630 1903790144.1565 2145297863.7626 1592385718.3763 1397407916.4001 1942165846.4391 1125866276.6556 1623051876.4568 1599634009.0931 1753800047.9598 1133358113.9423 
1984063492.9269 1660620351.0601 1826004206.3287 1785825056.1464 1600623076.5170 1219665654.7031 2076868360.9880 1801577974.5165 1721503995.4177 1537932062.0583 1469243707.2925 
1924740894.1363 1747885484.8608 2132252810.5830 1768843643.9452 1871146271.3662 1533098528.2095 1745678988.7210 1910231469.1074 1379099921.9612 1723407586.9503 2000581927.8873 
1453359536.6464 1593901858.5128 1972685015.3017 2028794229.8508 1963898285.9218 1174797073.2873 2146379425.8947 1105378730.3874 1513336363.0115 1803617464.6089 1729106315.3866 
1232037094.2719 1621552432.3874 1498263027.7635 1349188735.7162 2125099269.2284 1712364077.4063 1328488171.3308 1262077014.4144 1906733241.2565 2080166377.2357 1221544299.7878 
1664564854.8070 1322876657.2312 1894589750.0857 1121365509.8033 1760216480.3599 1860968365.8373 1152134571.1986 1315582251.7558 2110367935.1979 1517462279.9320 1795547839.3924 
1463581133.4835 1079946365.5322 1570071201.5213 1088397501.9706 2078460221.6365 1391843408.5934 1782339475.2404 1494612650.6388 1313822500.1141 1281953541.1539 1545481457.4811 
2083183453.4487 1370727252.0395 1739185914.4374 1570974589.4743 1430609927.3596 2132959192.9680 1609638109.8253 1221507449.2598 1163638589.0521 1351467298.3239 1345916732.8356 
1112240946.1772 1973758244.1466 1317614436.5880 1153081628.2110 1923374891.2339 1719502344.6435 1152661335.0338 1971991880.9898 1356101793.7996 1962737296.1813 2126870345.5876 
1681101741.2383 1264861497.1010 1196288427.8873 1577576897.0642 1269958903.8821 1501328800.5655 1347833757.7088 1461306380.0056 2059282820.6412 1585386350.6843 1785348339.9817 
1239389574.4496 1528280489.3438 1330683115.6267 1431423524.7505 1595701552.3352 1333434179.7914 1301219842.1601 1801548421.5048 2073148011.0139 1565100449.6795 1682202028.1207 
1948411297.3488 1792652489.1558 1462144015.3221 1318768828.0072 1377625249.9548 1523441083.7227 1984811201.3610 1493687523.7565 2045402484.0550 2096717545.5278 1427004468.5147 
1913699239.5462 1081368755.3240 1502872281.0908 1371482079.8107 1536352926.6560 1488896719.4520 1483647748.0373 1266458730.2546 1328870134.0113 1267238779.4086 1157293252.9564 
1432072655.2381 2004123452.2959 1955045944.8309 1486119787.2955 1357219216.1862 1357796548.8633 1585090639.0934 1277171034.6941 2058684047.5294 2066380064.4460 1107941374.2853 
1563927547.6148 1822242237.5716 1611184901.5412 1432814567.0624 1925690633.5293 2033806175.0601 1374122171.5979 1099137225.9112 1091107536.7700 2099270552.8656 1199143612.2833 
1908011606.7177 1801656071.9813 1232757141.5738 1384769000.3023 1823695027.4120 1145688852.4777 2131084053.5687 1316461518.8768 1758969338.7521 1357573394.1079 1982132259.2167 
1126440494.9481 1334498777.6821 1946351298.5929 1337306210.1094 1863482566.4877 1952541332.6211 1081521571.3167 1671735118.4441 1540188425.0507 1465524434.9482 1253903916.9032 
1547183399.9560 1550600745.7727 1697469305.1549 1621025342.0313 2029223245.6328 1568155765.9109 1700924706.0502 2134099538.5524 1804109734.4312 1958821001.4533 1662482918.5048 
1704560683.2927 2001145216.3850 1933056879.0017 1260689623.9910 1310461123.8430 1358924672.9182 1447031538.2939 1752679769.1355 1227859540.2626 1164119867.7663 1083331963.8409 
1725682005.6631 2096296975.2769 1613130601.3965 1451328591.8074 1565683015.5916 1559983175.5663 1889901207.2645 1099750590.5889 1467828638.4212 1966485682.6004 2060976322.8625 
1601054452.4528 1604342580.9375 1926509166.4717 2077490696.0069 1950579146.0259 1785607627.6156 1463250080.1874 2056735630.8509 2146780685.2719 1721924363.1020 1991388852.2705 
1704030951.9315 1550560709.3195 2099789642.7162 1092729862.2468 1257281418.7783 1853262355.6746 2061426361.7354 1890187704.7443 1489926149.1945 1224831570.3529 1214878085.6156 
1427014716.9135 2053332460.2564 2103306869.0969 1509789505.1623 2112473084.6376 1966159000.8255 2001477741.7504 1080510823.3102 1550852986.9210 1103086677.0755 1337399666.4092 
1995118164.3417 1600470201.0220 1423394678.6964 1286072833.2101 1812123192.9686 1113715436.3825 1229095132.9929 1388523931.6455 1433648017.4362 1357244874.0228 1350426766.0572 
1681909707.5049 1394859165.0455 1652606501.7220 1744953409.0338 1505815375.5521 1673904294.6261 1924377834.3853 1654267301.4322 1514698658.3174 1312055224.3130 1259813825.8020 
1242213645.4251 1641880784.0518 1409519790.2780 2050527505.3321 1938936076.4912 1551044086.2742 1759240137.6822 2005021205.8302 1975850306.8765 2047063429.1406 1090680407.0901 
1734884031.1833 1195872142.4568 2063109910.7584 1485796431.5437 1427540871.2210 1266027759.1411 1247560513.5626 2050361111.7788 1868173484.1230 1764232938.6586 2005405580.4061 
1626492361.5594 1283542960.2252 2029656594.3714 2004492572.2088 1371702210.1765 1350174588.2055 1818622022.6586 1452909531.5606 1245250660.6662 1215447465.9235 1537785896.4729 
1927575043.5755 1224966904.0549 1148846556.1133 1915843547.0816 2081341944.5374 1326262027.0858 2070353192.2445 1974152070.6871 1460899194.3036 1316676825.7628 1773039094.9503 
1537863326.8909 1865160418.6233 1825649933.6344 1169886278.3001 1905164355.7363 1589423659.5000 1132321107.4710 1895372233.2283 1299777655.0935 1612422052.0416 1519508937.8255 
1367418245.5115 1962607192.7479 2069705008.5162 1708076922.3664 1573028757.5057 1892736536.3667 1970164745.0899 1510555792.6436 1603158159.6605 1671881349.4648 1330374898.9998 
1180856789.6050 1513268279.7306 1689802881.4701 1715669917.6192 1215367535.0982 1651722635.9534 1146546465.0591 2026574466.6834 1501712476.1187 2049276485.3649 2145689652.3928 
1576730409.9280 2143038055.5703 1278964275.8983 1961505343.4735 1467705728.8320 1301752141.0193 1657862050.0369 2087262819.9845 2114691457.6590 1703514277.4427 1076138672.3340 
1396303028.5590 1891343656.2445 2141710576.3485 1886196639.0745 1644105811.6026 1830228413.0837 1312669952.7659 1318222302.6675 1902827084.1666 1539172412.6609 1386119490.4226 
1753922133.9164 2040462179.2426 1468680315.7783 1341122139.1835 1563632354.0733 1607355918.5612 1530186232.1860 1800959103.9798 2029201776.3608 1459616488.1418 1724531284.1037 
1180078057.4177 2048839538.6348 1123171974.5208 1426688971.1873 1176436537.8903 1145800741.2939 1339902868.2076 1111614734.6099 2026114294.2944 1345344933.3716 1667384005.7191 
1080171480.5689 1847478520.0415 1140899068.6116 2072512224.5276 1672600721.3037 1548842975.8333 1315508386.0422 1744739552.7793 1193955341.5880 1496495041.7291 1418105600.4435 
2099031370.0729 1119659760.3373 1725091568.4773 1360167968.4704 1103602413.7046 2064268546.1225 1165679959.3135 2125314554.5212 2095666921.4482 1807325927.6464 1772981061.4513 
1326919859.2403 1709616074.5570 1894498750.3511 1394198724.3452 1904785148.2880 1481988476.4321 1474680905.9625 1130503161.9502 1830872942.9403 1421315262.9114 1897030608.5048 
1396802721.6629 1917050373.6793 1627111698.0595 1612808747.3790 1530216337.8619 1824325753.2371 1796299919.0199 1192864659.6174 1857103350.5289 2032583424.7696 1596985983.2357 
1790338202.2694 1188684328.4549 1729939667.1936 1830808543.8517 1631728649.1034 1661138681.5580 1928003540.9803 1468437597.1352 2082795501.9746 1838413062.4388 1724894625.2059 
1474821520.0358 1247631136.1598 2109294807.8864 1908850611.8978 1646414374.4031 1196807190.5615 1302315920.3679 1246469595.5661 1103824264.3593 1471710066.3069 1726371368.2542 
1491734894.6091 2045994754.7736 1992677218.0663 1304510642.6426 2057078414.4978 1178632494.0529 1564774188.8704 1359440867.2667 1624803815.9994 2129612883.2980 1287359945.8357 
1664680017.4047 1796454864.0736 1456111458.0752 1953076281.8849 1240431695.1514 2012642527.9509 1770498785.3325 1123766046.1238 1248185377.6705 1608450177.2577 1192487682.9356 
1383023042.6370 1923529681.8404 1431233736.5865 2038649872.2624 1781748261.8861 1674764238.1796 2065935861.2474 2083166413.7170 1577079042.5983 1957696723.1262 1432386666.4915 
1742477304.0098 1774443601.4234 1921066107.2400 2061681676.8928 2041327115.3832 2044904719.5842 1363682185.9495 1956162028.0022 1677684325.2088 1604582529.6714 1627423029.5710 
1305480846.5294 2031754541.0674 1592222078.2441 1733163231.9321 1925870841.1690 1166130030.1624 1789979362.7313 1287192839.7382 1120023506.0896 1390698136.5127 1684194532.6857 
1164140187.2125 1689107412.5641 1814492520.2682 1325751052.1232 2024619404.7028 1434790969.7553 1095324471.2240 1534213077.3426 1338166431.0643 2008769075.3554 1899140547.1372 
1704769292.9629 2070327802.0821 1449219116.4995 1188491888.7308 1587816242.5552 2041128190.7372 1854342420.8499 1904487704.5422 1211713795.3525 2054845435.7333 1997618034.3396 
1322253938.3278 1864254760.6838 1288490907.0461 1897501998.4728 1607154773.0481 2101062652.6435 1993994673.5492 1696312697.3184 1281575412.6631 1144924446.6487 1682873139.6688 
1996316165.6458 1530681697.3330 1522220781.0979 1143608407.0270 1702827702.8876 1095196515.4784 1428514690.2427 1260254871.7572 1704587041.8075 1225450009.8689 1566915865.2836 

-1,-1 1,1 1,1 1,-1 -1,-1 1,1 -1,-1 1,1 -1,-1 -1,-1 -1,1 
1,-1 -1,1 -1,1 -1,1 -1,1 -1,1 1,-1 -1,1 -1,1 1,-1 1,-1 
-1,1 1,-1 1,-1 1,1 1,-1 1,-1 -1,1 1,-1 1,-1 1,1 1,1 
1,1 -1,-1 -1,-1 -1,-1 1,1 -1,-1 1,1 -1,-1 1,1 -1,1 -1,-1 

-1,-1 -1,1 -1,1 -1,1 1,-1 1,-1 1,-1 1,1 -1,-1 1,1 -1,-1 
1,-1 1,-1 -1,-1 1,1 -1,-1 -1,1 -1,1 -1,1 -1,1 1,-1 -1,1 
-1,1 -1,-1 1,-1 -1,-1 1,1 1,1 -1,-1 1,-1 1,1 -1,-1 1,1 
1,1 1,1 1,1 1,-1 -1,1 -1,-1 1,1 -1,-1 1,-1 -1,1 1,-1 

1,-1 1,-1 1,1 -1,-1 1,1 -1,-1 -1,-1 -1,-1 -1,1 -1,-1 -1,-1 
-1,1 -1,1 -1,1 1,-1 -1,1 -1,1 1,-1 1,-1 1,-1 1,-1 1,-1 
-1,-1 1,1 1,-1 -1,1 1,-1 1,1 -1,1 1,1 1,1 1,1 1,1 
1,1 -1,-1 -1,-1 1,1 -1,-1 1,-1 1,1 -1,1 -1,-1 -1,1 -1,1 

-1,1 1,1 1,1 1,-1 -1,1 -1,1 -1,-1 -1,1 -1,1 -1,1 -1,1 
1,-1 1,-1 -1,-1 -1,-1 1,1 1,-1 1,-1 1,-1 -1,-1 1,1 -1,-1 
-1,-1 -1,1 1,-1 -1,1 1,-1 -1,-1 -1,1 -1,-1 1,-1 -1,-1 1,-1 
1,1 -1,-1 -1,1 1,1 -1,-1 1,1 1,1 1,1 1,1 1,-1 1,1 

-1,1 -1,-1 -1,1 1,1 1,1 1,1 1,1 1,1 1,1 1,-1 1,-1 
1,-1 1,1 1,-1 1,-1 -1,1 1,-1 -1,-1 -1,-1 -1,1 -1,-1 -1,1 
-1,-1 -1,1 -1,-1 -1,-1 1,-1 -1,-1 -1,1 1,-1 1,-1 1,1 1,1 
1,1 1,-1 1,1 -1,1 -1,-1 -1,1 1,-1 -1,1 -1,-1 -1,1 -1,-1 

1,-1 1,-1 1,-1 1,-1 -1,1 -1,1 -1,-1 1,1 1,1 -1,1 -1,-1 
-1,-1 -1,-1 -1,1 1,1 1,1 1,-1 1,-1 1,-1 1,-1 1,-1 1,-1 
-1,1 1,1 -1,-1 -1,1 -1,-1 -1,-1 1,1 -1,1 -1,1 -1,-1 -1,1 
1,1 -1,1 1,1 -1,-1 1,-1 1,1 -1,1 -1,-1 -1,-1 1,1 1,1 

-1,-1 -1,1 -1,1 -1,1 -1,-1 1,-1 1,-1 1,-1 1,-1 -1,-1 -1,-1 
1,-1 1,-1 1,-1 1,1 1,1 -1,1 -1,-1 -1,-1 -1,1 -1,1 1,1 
-1,1 1,1 -1,-1 1,-1 -1,1 1,1 1,1 -1,1 1,1 1,-1 1,-1 
1,1 -1,-1 1,1 -1,-1 1,-1 -1,-1 -1,1 1,1 -1,-1 1,1 -1,1 

-1,1 -1,1 1,1 1,1 1,1 1,-1 1,-1 -1,-1 -1,-1 -1,1 -1,1 
1,1 -1,-1 1,-1 -1,1 -1,1 -1,-1 -1,1 1,1 1,-1 1,-1 -1,-1 
1,-1 1,1 -1,1 -1,-1 -1,-1 -1,1 -1,-1 1,-1 -1,1 1,1 1,1 
-1,-1 1,-1 -1,-1 1,-1 1,-1 1,1 1,1 -1,1 1,1 -1,-1 1,-1 

1,-1 -1,1 1,1 1,1 1,1 1,-1 1,-1 -1,-1 1,1 1,1 -1,1 
-1,-1 -1,-1 1,-1 -1,1 -1,1 -1,1 -1,1 -1,1 -1,1 -1,-1 -1,-1 
1,1 1,-1 -1,-1 1,-1 1,-1 1,1 -1,-1 1,-1 -1,-1 1,-1 1,-1 
-1,1 1,1 -1,1 -1,-1 -1,-1 -1,-1 1,1 1,1 1,-1 -1,1 1,1 

-1,1 -1,1 -1,1 1,-1 -1,-1 -1,-1 -1,-1 1,-1 -1,-1 -1,1 1,-1 
-1,-1 1,1 -1,-1 1,1 -1,1 -1,1 1,1 1,1 1,1 1,1 -1,-1 
1,-1 -1,-1 1,1 -1,-1 1,-1 1,1 -1,1 -1,-1 1,-1 -1,-1 1,1 
1,1 1,-1 1,-1 -1,1 1,1 1,-1 1,-1 -1,1 -1,1 1,-1 -1,1 

1,-1 -1,1 -1,-1 -1,1 -1,1 1,1 -1,1 1,-1 -1,1 1,-1 1,-1 
-1,-1 1,1 1,-1 1,-1 -1,-1 -1,-1 -1,-1 -1,-1 -1,-1 -1,-1 1,1 
-1,1 1,-1 1,1 1,1 1,-1 -1,1 1,1 1,1 1,1 -1,1 -1,1 
1,1 -1,-1 -1,1 -1,-1 1,1 1,-1 1,-1 -1,1 1,-1 1,1 -1,-1 

1,-1 1,-1 -1,-1 -1,-1 1,1 1,1 1,1 1,1 1,1 1,-1 1,1 
1,1 -1,1 -1,1 1,-1 -1,1 -1,-1 -1,-1 -1,1 -1,1 -1,-1 -1,-1 
-1,1 1,1 1,1 1,1 -1,-1 1,-1 -1,1 -1,-1 -1,-1 -1,1 -1,1 
-1,-1 -1,-1 1,-1 -1,1 1,-1 -1,1 1,-1 1,-1 1,-1 1,1 1,-1 

1,1 1,1 1,1 -1,1 -1,1 1,-1 1,1 1,1 1,1 -1,1 -1,1 
-1,-1 -1,1 1,-1 1,-1 -1,-1 -1,-1 -1,-1 1,-1 1,-1 1,-1 1,-1 
-1,1 1,-1 -1,1 -1,-1 1,1 -1,1 -1,1 -1,-1 -1,1 1,1 -1,-1 
1,-1 -1,-1 -1,-1 1,1 1,-1 1,1 1,-1 -1,1 -1,-1 -1,-1 1,1 

-1,1 1,-1 -1,1 -1,1 -1,1 -1,-1 -1,1 -1,-1 1,-1 1,-1 -1,1 
1,1 1,1 1,1 1,-1 1,-1 1,1 1,1 1,1 1,1 -1,-1 -1,-1 
-1,-1 -1,-1 1,-1 -1,-1 1,1 1,-1 1,-1 1,-1 -1,1 1,1 1,-1 
1,-1 -1,1 -1,-1 1,1 -1,-1 -1,1 -1,-1 -1,1 -1,-1 -1,1 1,1 

1,1 1,1 -1,1 -1,1 -1,1 1,1 -1,-1 -1,1 1,1 -1,1 1,-1 
1,-1 1,-1 1,-1 1,1 -1,-1 -1,1 1,1 1,-1 -1,-1 1,-1 -1,1 
-1,-1 -1,1 1,1 1,-1 1,-1 -1,-1 -1,1 1,1 1,-1 1,1 -1,-1 
-1,1 -1,-1 -1,-1 -1,-1 1,1 1,-1 1,-1 -1,-1 -1,1 -1,-1 1,1 

1,1 -1,1 1,1 1,-1 1,1 1,-1 1,1 1,-1 -1,1 -1,-1 1,1 
-1,-1 1,-1 -1,1 1,1 -1,1 1,1 1,-1 1,1 1,-1 1,1 -1,1 
1,-1 1,1 1,-1 -1,1 -1,-1 -1,1 -1,1 -1,1 -1,-1 1,-1 -1,-1 
-1,1 -1,-1 -1,-1 -1,-1 1,-1 -1,-1 -1,-1 -1,-1 1,1 -1,1 1,-1 

1,-1 1,1 1,-1 1,1 -1,-1 1,-1 1,1 1,-1 1,1 1,-1 1,1 
1,1 -1,-1 1,1 -1,1 1,-1 -1,1 1,-1 1,1 1,-1 -1,-1 1,-1 
-1,-1 -1,1 -1,-1 1,-1 1,1 1,1 -1,1 -1,-1 -1,1 1,1 -1,1 
-1,1 1,-1 -1,1 -1,-1 -1,1 -1,-1 -1,-1 -1,1 -1,-1 -1,1 -1,-1 

1,-1 -1,-1 1,1 -1,-1 -1,1 1,-1 1,1 1,-1 -1,1 1,1 -1,1 
1,1 1,-1 -1,-1 1,1 1,-1 -1,1 1,-1 -1,1 -1,-1 -1,1 -1,-1 
-1,1 -1,1 -1,1 -1,1 1,1 -1,-1 -1,1 -1,-1 1,1 -1,-1 1,1 
-1,-1 1,1 1,-1 1,-1 -1,-1 1,1 -1,-1 1,1 1,-1 1,-1 1,-1 

-1,-1 1,-1 1,1 -1,1 1,1 -1,-1 1,-1 -1,1 1,-1 -1,-1 -1,1 
-1,1 1,1 -1,-1 1,1 -1,-1 -1,1 1,1 1,-1 -1,-1 1,-1 -1,-1 
1,-1 -1,1 -1,1 -1,-1 -1,1 1,1 -1,-1 1,1 -1,1 -1,1 1,1 
1,1 -1,-1 1,-1 1,-1 1,-1 1,-1 -1,1 -1,-1 1,1 1,1 1,-1 

-1,-1 -1,1 1,1 -1,1 -1,-1 -1,1 1,-1 -1,1 1,-1 1,1 -1,-1 
1,-1 1,1 -1,1 -1,-1 -1,1 1,1 -1,1 -1,-1 -1,1 1,-1 -1,1 
-1,1 1,-1 -1,-1 1,-1 1,1 -1,-1 1,1 1,1 -1,-1 -1,-1 1,-1 
1,1 -1,-1 1,-1 1,1 1,-1 1,-1 -1,-1 1,-1 1,1 -1,1 1,1 

-1,1 -1,-1 -1,1 -1,-1 1,-1 -1,-1 1,-1 -1,1 1,1 -1,-1 1,1 
1,-1 -1,1 1,1 -1,1 -1,-1 1,1 -1,1 1,-1 -1,1 1,1 -1,-1 
1,1 1,-1 1,-1 1,-1 1,1 1,-1 1,1 1,1 -1,-1 1,-1 1,-1 
-1,-1 1,1 -1,-1 1,1 -1,1 -1,1 -1,-1 -1,-1 1,-1 -1,1 -1,1 

-1,-1 -1,1 1,-1 -1,1 1,-1 -1,1 1,1 1,-1 -1,1 1,-1 1,1 
1,1 -1,-1 -1,1 1,-1 -1,-1 1,-1 -1,1 1,1 1,-1 1,1 1,-1 
-1,1 1,-1 -1,-1 -1,-1 -1,1 1,1 1,-1 -1,1 -1,-1 -1,-1 -1,-1 
1,-1 1,1 1,1 1,1 1,1 -1,-1 -1,-1 -1,-1 1,1 -1,1 -1,1 

1,-1 -1,1 -1,-1 1,1 1,-1 1,1 1,-1 1,1 -1,1 1,1 -1,1 
-1,-1 1,-1 -1,1 -1,-1 1,1 -1,-1 1,1 -1,1 1,-1 -1,1 1,1 
1,1 -1,-1 1,1 1,-1 -1,1 1,-1 -1,1 1,-1 1,1 1,-1 -1,-1 
-1,1 1,1 1,-1 -1,1 -1,-1 -1,1 -1,-1 -1,-1 -1,-1 -1,-1 1,-1 

-1,-1 1,-1 1,1 -1,1 1,-1 -1,-1 1,-1 1,1 -1,1 1,-1 -1,-1 
-1,1 -1,-1 1,-1 1,1 -1,-1 1,-1 1,1 -1,-1 1,-1 -1,1 1,1 
1,-1 -1,1 -1,-1 -1,-1 -1,1 1,1 -1,1 1,-1 1,1 1,1 1,-1 
1,1 1,1 -1,1 1,-1 1,1 -1,1 -1,-1 -1,1 -1,-1 -1,-1 -1,1 

1,1 -1,1 1,1 1,-1 -1,-1 1,-1 -1,-1 -1,1 1,1 -1,-1 1,1 
1,-1 1,1 -1,1 -1,-1 1,1 -1,-1 -1,1 -1,-1 -1,1 1,1 1,-1 
-1,1 1,-1 1,-1 -1,1 -1,1 1,1 1,-1 1,1 -1,-1 1,-1 -1,1 
-1,-1 -1,-1 -1,-1 1,1 1,-1 -1,1 1,1 1,-1 1,-1 -1,1 -1,-1 


9 6 8 3 
4 2 7 9 
4 7 8 9 
3 8 10 9 
4 1 2 6 
4 8 5 0 
9 0 1 7 
8 1 0 4 
4 0 7 3 
3 9 8 2 
3 2 8 9 
6 0 10 7 
6 3 1 4 
10 3 1 2 
10 9 7 8 
4 2 0 5 
0 8 3 9 
6 1 8 4 
10 3 1 5 
1 10 5 6 
0 3 4 9 
3 1 10 5 
9 7 4 5 
10 8 0 6 
7 3 6 5 


