1469404907.8307 1832866330.3124 2028327792.5777 1767858511.0887 1407618708.2244 1789911494.7108 1917252300.7939 1834806178.8333 1772826284.5217 1274874659.4804 1727936867.7491 
1151507412.5444 1084353925.6321 1985627098.4035 2109441190.2154 1544364369.2040 1330597449.5050 1826218910.4478 1118527777.2052 1639115630.5380 2106880026.7864 2012809988.0956 
1379662032.7791 1233485067.8933 2118651773.1828 2006779980.2201 1562615618.7564 1309292411.8262 1806768695.1886 1633904452.4607 1261825404.7147 1569351086.9731 1585454449.2977 
1841324364.0668 2068337137.3107 1081926363.5778 1693439612.1324 1826934664.6852 1543760944.2030 1996724779.4028 1921017627.3945 1232322875.7410 1764150148.7569 1976456700.7312 
1316348602.2059 2075886897.1635 1578879314.6278 1521620262.8096 1411551977.5767 1940666946.1344 2078454190.8118 1811890584.4374 1526905678.9468 1402587081.9339 1886969923.9218 
2070390525.0516 1330432569.8798 2073737551.3879 1109022000.3687 1894317900.8799 1301391358.3434 1589033562.6492 1139748641.9249 1808371352.7779 1682654600.0491 1420316366.8990 
1745793952.0462 1864572321.9646 2012857384.2061 1089766414.8801 1623581150.4264 1666810918.7979 1946909619.3909 2001767459.5979 1864138906.3074 1978031718.2816 1999756882.1690 
2041863758.2374 1686795743.4507 1111880699.5219 1772828483.1400 1673935603.3693 1389310981.1320 1971354698.0967 2123907885.5278 1818835750.1813 1973922068.7186 1558935034.0949 
1429113363.6322 1664003117.8186 2090605974.5499 1359530707.1205 1171937928.2808 1911701138.7994 1682110653.2456 1378487215.1029 1458064861.4079 1686232367.9244 1826640458.7784 
1241546527.6190 1156226298.8784 1927689324.3493 1804716169.4892 1139668949.4365 1646920098.0038 1734970932.0206 1624420833.5360 1903743460.5903 1835345575.6086 1821235215.7883 
1867331138.8984 1338701633.6698 1693215020.7502 1248948554.3892 1713189060.3281 1197654262.6656 1394758439.0835 2135256654.8832 1759581806.9458 1757066488.7734 2044406903.8552 
1115557032.3223 1152845080.3349 1921850843.8812 1136661907.6730 1458446820.7941 1776472584.9978 1924864962.6231 1095197000.7239 1131294671.4697 1635289373.9528 1285151192.0754 
1416189592.3867 1123247846.1688 1501984039.3512 1611966184.5830 1943344138.6525 2035254279.2243 1153277683.7256 1293782727.1819 1463821476.4846 1480700515.2864 1245064320.6685 
1749220423.4622 1826445031.7460 1165689986.5189 1973705884.4584 1848433134.1725 1815403282.7110 1722549638.1207 1682688318.8767 2113262953.8083 1152655374.7497 2046687089.0127 
1238449188.2823 1969715510.8951 2054473227.6343 1102011714.0924 1862769209.4854 1089389389.7342 1549332596.4066 1525101826.0694 1759594610.1488 2066455512.6617 1672815098.9018 
2068915543.9955 1892443653.3595 1579312552.9337 1882954936.0368 1767721270.3469 1811745791.5267 2061717984.8117 1770769734.9154 1334065891.9403 1299552312.1026 1355167372.0384 
1311894457.7621 1539378576.8041 1078073156.7492 2067020667.3237 2044091736.6707 1394567305.1155 1397383515.2001 1471142419.3095 1660172814.2500 1767824089.2719 1991788870.9991 
1949864660.7911 2124200592.3391 1744930374.4033 1705142695.5575 1080202824.5824 1676606594.6276 2063747973.1643 1120610607.1973 1319738063.5415 1579187712.7281 1501837162.7049 
2020116476.8136 2102040056.6352 2123449891.3193 1639495663.9298 1463153360.1611 1337609483.9242 1844501668.3436 1222630864.8898 1356988888.0244 1710698036.3893 1654699895.0956 
1424341146.6189 1945926454.2320 1110027730.0728 1893607570.7505 1724830832.6784 1207781664.2878 1379613920.3302 1134565219.4246 1957274602.3492 1868540837.5940 1478309773.2673 
1428242594.1283 1462112745.3156 1991714532.8892 1399904864.1971 1837496652.8837 1770714657.5764 1822561609.9641 1723377507.6452 1946616612.6017 2017464567.3193 1436350512.7604 
1818455569.6031 1754738800.0390 1910092155.5127 1401329635.3916 1390217515.6179 2063708244.2776 1410982308.6568 1940165016.1755 1515807677.8595 1252006513.9366 1130923312.7185 
1257980439.1950 2090423427.8663 1727583268.5346 1804087901.3848 1176001944.5533 1215097038.4571 1627433590.8138 1671799852.9532 1610940610.6233 1437531982.6549 1712278623.2508 
1478494229.3017 1287044976.9404 2039214770.2884 1638825705.1741 1765438068.6993 1220768686.6072 1698400650.7683 1893899843.0745 1463235270.2222 1896442296.5857 1913877952.5401 
1108711439.7481 2020472610.0668 2129686083.4481 1429291606.5408 2071964886.5936 1393671147.7602 1235510687.0357 1995989165.4218 1838367108.5604 1322206370.4712 1886789607.3325 
1139293761.7732 2003640830.8997 1098518992.7561 1088150206.9287 1783570205.9264 1640148332.9065 1756606168.0425 1816396001.0402 1572161160.2500 1127913368.8642 1523850094.3857 
1633691892.2350 1965668085.7067 1199894460.1618 1661376803.3644 1875216960.2948 1376930762.4227 1846330117.0881 1376012071.3428 1669963655.2338 1916433020.0370 2026774635.6000 
2119145871.2603 2131432734.7031 1805030257.0607 1945047079.6448 1160108116.7371 1398751924.2372 1456400377.5054 1592259149.3100 1169114314.6969 1107766617.4520 1243431643.4486 
1132675474.6101 1287934628.9360 1730615236.9637 1654214488.4745 1718268930.5937 1979026552.1502 1492799597.9828 1494989722.5932 1779505875.4989 1545116149.0091 1284147956.8455 
1818009962.4092 1412942914.7332 1460546491.5732 1946485322.0890 1669627598.9678 1640049439.1495 1257849361.8040 1780272380.5516 1270883942.2526 1540493044.8417 1412385547.7828 
1842016914.0663 2057983151.7212 1401608477.8414 2089632132.4516 1310823807.9535 1683527384.0591 1585429395.3835 1738794606.2753 2024517282.3341 1504005118.0205 1099410375.9233 
1191677000.5014 1634415268.5264 1632388813.0577 1687706802.2494 1510728381.0236 1408916001.8303 1109870855.7305 2055214165.1732 1703097385.4511 2039124927.4681 1244265845.1035 
1176002485.1792 1562867810.7852 1906008112.8557 1579285835.0941 1108025335.6060 1800148993.4919 1721421081.2339 1915532482.2610 1432654234.4988 1319203747.2097 1985967505.4252 
1860007637.6473 2007056182.9758 1845436009.1815 1400319202.3678 1128467468.4661 1572471774.7676 1223036576.8838 1269163550.6179 1415038772.2605 1374246137.3958 1557506778.3083 
1138897685.6838 2087442960.3779 1507288828.5032 1133925786.1550 1737188131.6398 1804532495.5564 2059437467.8556 1422871179.7432 1499629002.8119 2058199492.0672 1296072083.4363 
1228202105.6826 1825897358.0637 1538099040.5794 1431786145.5645 1304232751.4017 1697407346.4879 1728795601.1467 2021655846.0756 1584850943.2012 1101792993.6548 1839594494.7521 
1763314076.9880 1844153597.5646 1245272257.1868 1764863191.6042 2047972359.3783 1395144127.9872 1443704964.2577 1353130633.2283 2078363747.0356 1300914187.7537 1691818210.5104 
1541811314.7300 2099527684.2400 1217981198.3133 1685525158.9404 1380790768.8282 1239082395.7324 1355504400.7788 1417550874.9982 1314562869.0009 1283391856.4497 1200857645.9170 
1210924003.9831 1137860740.1981 2049872713.2274 1098467154.0838 1685943813.5797 1279204221.0102 1606260034.0205 2124630365.6629 1649566095.1781 2075523930.0464 1844417900.0344 
1817041301.7878 1499633278.7328 1962812778.5118 1699721924.7806 1806907586.3342 1451224444.3775 2068147489.7445 1484199698.4682 2013642411.7702 1693169719.0859 1551508454.3164 
1629541715.6957 1885752172.1514 1201546736.2118 1082505487.7566 2101505793.0449 1395290527.4598 1586330660.5363 1675228542.2697 2111432502.9236 1204529030.4722 1847766946.3098 
1106221234.3367 1755275672.3306 1955543415.2568 1708314725.3959 1746188545.0281 1629287090.8337 1221522694.0400 1652859734.6270 1119401855.4331 1181239050.9524 2085429638.7552 
1814526991.5323 1839203833.3712 1227253428.4313 1954722349.7590 1408116562.6903 1102173675.9667 1986194434.8680 1440162632.5323 1459689063.1040 1413091372.8817 1251641542.0406 
1969270461.6429 1352580604.9975 1076483577.2978 1483962277.8400 1298103568.2457 1321716472.1688 1532230060.6682 1114266772.8360 1408909510.9754 1514064135.0562 1844747205.8431 
1135993219.7308 2015766335.0797 2121324899.1073 1107989330.8039 1761360940.1740 1296219525.2683 1646015246.2256 1380833642.1091 2140147340.9071 1800261050.7600 1282679118.2023 
1243709427.8787 1473503582.6015 2141712472.1778 1662098816.3806 1860250313.4316 2145086620.0036 1586480952.2175 1699896082.9689 1502195628.4135 1643801166.2686 2055203591.4090 
1959567436.6072 1466831361.6644 1728660346.0738 1572178503.0984 1685957969.5197 1243040726.5873 1438632705.8356 2074727285.2030 2013563777.9571 1099038398.4172 2055847990.3950 
1571177126.2888 1867039289.3512 1901985114.9103 2097636029.0914 2045557055.7792 2082157545.2240 1939966598.0405 1591296472.3769 1376826881.3561 1251541355.2212 1302236688.2376 
1242109861.4420 1603645588.7039 1312256941.4447 2136010508.6967 1303763108.9212 1191314111.8410 1525682606.5850 1936475713.3589 1106409132.1044 1083793021.6758 1832037662.3706 
1693696107.2806 1365160786.2625 1469861103.6213 1860353605.4083 1718194538.9145 1349026462.9813 1124959307.5269 2134274718.3346 1211314108.2502 1101513926.2174 2007758263.7246 
2094691103.9084 2074512849.2581 1074816495.4046 1958699431.7350 1557461164.9555 1497247049.1606 1210265845.1354 1753463505.6204 2086698751.6963 1421373712.5987 1506077074.0982 
1119532216.1580 2035078831.7678 1204634222.4003 1252936215.0791 1803460409.1211 1228558544.6913 1176644249.7487 1096517695.3736 1632394615.2727 2079078839.6593 1699847430.2218 
1196742632.2482 1696321302.7296 1170842277.6273 2033360481.3377 1153041563.9038 1932581020.4289 1530071852.0177 1173447598.5002 1165721355.4199 1348522419.6217 1625069723.0479 
1881365231.6479 1308736931.4779 1428110075.9885 1194516620.0293 1136624701.2867 1328063319.8815 1204955439.0361 1484703579.8089 1782202443.9983 1880266482.4255 1280423399.3523 
1699120884.6488 1866638623.1859 1289537673.2041 1575620750.3654 1807553754.0732 1330364063.3221 1658235049.4648 1076245786.9621 1620517632.6062 2062188681.1899 1505548481.8522 
1359451094.2444 1992432499.4218 1883885166.2670 1687047421.5521 1471464586.8265 2090446103.1721 2125114790.5823 2064076080.8554 1195392825.3349 1423161032.9111 1903947678.9569 
1727515944.6065 1481860233.5578 1902964642.3576 1841603161.5191 1867525606.8056 1103733905.4729 1207572093.3537 1367160767.1784 1635364141.9280 1966642003.2952 1100646188.6916 
1424847705.3905 1195217740.4974 1866322101.9535 1349149965.7824 1793791040.1164 1419684376.6932 1461257750.8351 1808309610.5269 1743032328.1221 2052169872.0259 1557756284.4900 
1210059587.7029 1419877821.1955 2023165016.8723 1476404986.4115 1636344576.4146 1291364161.3396 1987057218.5434 1726285665.0513 2031126677.9407 1140655803.4097 1845305144.4121 
1127854076.0898 1085111714.0131 1605888268.9806 1670270202.8301 2088469690.0964 2136974484.6252 1885437180.5074 1662839327.6762 1312222318.2167 1494755194.8285 1147334705.5746 
1978607751.3078 1155189084.8907 1207442365.5609 1079010902.8947 2141495618.2322 1671741021.6924 1611769001.1636 1768435185.9463 1523534421.8457 1929126321.0396 1463651680.9181 
1428072856.9085 1828159801.3281 1138213712.9137 1452711978.4338 1922435906.7508 1839265968.4062 1443003112.6185 1366198149.7476 1470484847.7407 1658764099.1022 1219734506.7363 
1303321629.3065 1756229977.4119 1244541567.0634 1953439691.5611 1416139266.6592 1615609812.7335 1444991585.2047 1955539629.3590 1845115841.9936 1273582377.2440 1908460297.8034 
1559996815.2679 2125397225.0905 1654820073.6847 1454561317.0876 1698706767.0160 1510692624.6134 1772008798.3886 1703774379.4819 1595339259.8532 2076225456.6478 1294949455.5131 
1219552929.8884 1868200728.4115 1079763470.7344 1347243048.8824 1483796186.9035 1991737367.0918 1472606765.4436 1444748393.5098 1156664504.7116 1171755891.0748 1245746892.2545 
1631880978.6950 1844746288.4212 1810473549.8518 1346833683.1889 1272954062.0033 1412120846.9237 1587990235.2581 1157660933.2761 1173759091.3751 1380989581.5582 2004671512.0014 
1096417007.3206 2111685995.4310 1940602419.1417 1565515879.8291 1131003782.8587 2000605798.5164 1180139211.0788 2040522792.1056 1253830421.5526 1685677893.5098 1076499105.7402 
1665517376.6306 1617162887.9601 1553053923.9603 2070724233.7020 1927378422.0475 1961099835.7016 1198423392.9076 1736196642.9210 1224651179.7566 1929191190.8690 1155094459.6384 
1715959949.7939 1575652453.2036 2113564811.1063 1513184433.9479 2008455615.1107 1179580287.0138 1768436332.4779 1111376702.9708 1590631895.5259 1542479632.3091 2111827118.4820 
2097465409.8923 1161558096.6206 1746755575.4094 1495670043.1471 1465540443.5309 1732108775.4738 1119054395.1651 1997565822.9933 1924715995.9803 1688079807.6102 1120821018.5798 
1455695008.3149 2142329245.3019 1568052830.1201 1898511646.4286 1316649996.1794 1431898687.4226 1359537344.8340 1489416959.6284 1953739651.5467 1577053274.6567 2031301997.4931 
1439689392.0603 1441156781.3830 1804456268.2057 1563418589.7971 1372177404.1691 1280808511.8599 1369345317.8557 1649593243.5384 1116976145.3661 1120944668.4117 1631219602.4461 
1840580451.7411 1984471116.4104 1432096256.5375 1980730613.9588 1592311456.9121 2055710022.9320 1841724099.4610 1689332692.5862 1596913313.8287 1177670845.6301 1455483807.7424 
1397958303.4557 1273445350.1239 1276531478.1424 1171405052.1977 1202184185.4681 1364929809.5085 1173673609.0378 2070385631.0312 1876032632.3496 1786520990.1879 1997526417.3333 
1112796302.4157 1543986714.0927 1538084726.7426 1792779260.7887 2124596518.9312 1307009636.0941 1149925807.7110 1604802432.7386 1743872578.4005 1391295070.9865 1563498106.7451 
1351346340.2721 1243313784.2934 1321283024.8633 1189368638.9565 2137044894.9284 2047922580.2097 1782644713.4585 1132498038.6905 1204232221.4694 1634390855.7882 1134125492.9026 
1632579507.1053 1616780083.6758 1141913118.5814 1845021932.2520 2029677803.7132 1683911107.0762 1887040369.1676 1382091403.9619 1563527633.7138 1171538615.3357 1377414053.1766 
1767733514.2973 1916281054.2199 1443704983.8677 1633926495.9900 1376142259.9937 2115205040.6674 1857806536.1059 1958118025.7036 1859712690.6867 1629100215.3154 1887396925.6976 
1711425349.5592 1962450989.5744 1861138547.0994 1651046545.9952 1397403235.5014 1451710005.4457 1251993287.7846 1734825819.1775 2102704257.8458 1115039843.0784 1373795429.4930 
1270992881.0140 1603486544.7530 1750392049.6080 2025239795.1007 2066484093.1990 1491898246.4570 1961746313.4736 1813040123.5396 1134870313.5784 1862151052.6484 1079714513.8873 
2001164436.6082 1194941218.9647 1809448079.2364 1086180564.4204 1959915601.1755 2085821986.9658 2144963068.9107 1176243348.8685 1889359244.9744 2069325412.2503 1098198250.3276 
1605664754.9004 1590428840.0065 1604025859.2772 1184408855.8017 1309211256.3404 1774630201.0235 1675176267.4714 1815347799.2387 1342727552.3327 1651346708.2196 1851238520.7732 
1602513764.4687 1975193207.7040 1156244303.6682 1579529649.6659 1795321533.6543 1913084836.1310 1559361206.4606 2047626114.0436 1821514915.1745 1841144413.0630 1302728827.6893 
2048530751.5447 1855491034.2862 2074614324.1901 1712730438.2929 2006238131.3293 1307134671.7778 2135359387.1073 1127835964.1614 1273190804.0465 1453010201.8146 2123855741.2724 
1878549042.3288 1798249139.3932 1521801852.6791 1297625645.3917 1462757300.0598 1646048303.1118 1906242679.3572 1275594032.1471 2087642569.2142 1778630837.8181 1550930835.1661 
1144963173.7237 1820143345.0997 1231079693.2604 1815027705.0746 1294351633.2825 1899052567.8425 1569342429.1482 1898622540.5216 1856695637.0503 1534397049.1147 1917901706.5441 
1540768437.6419 1597262653.1103 1918855585.0544 1686898947.2434 1596970470.7814 1833419793.6881 1596338008.5070 1505789802.4331 2069350126.2943 1795907463.6708 1776089822.0891 
1284049307.5306 1523737208.8631 1184903381.9336 2074186351.9231 1592393827.3313 1697892532.2434 1284863551.5305 1211855676.4452 1438344843.2696 1437913853.3570 1640758868.6729 
1874764532.4308 1638034631.1250 1498682874.7596 1876908240.4936 1871562334.1200 1406352574.3477 2004479545.0014 1279862621.4890 1703932647.2644 2073484746.0372 1301154070.0691 
1794243213.9832 1350569436.6677 1815060736.2455 2132834586.3219 1688239744.9233 1677496569.8499 1726598869.3156 1445221168.3463 1753212667.9673 1850618655.5132 1093954722.6438 
1130480954.7465 1702751286.6472 1972188576.1971 2054546841.9895 1292075323.8456 1433565565.5937 1241907864.2701 1091274125.1459 1418131877.5350 1923923487.6155 2084989206.7774 
1919522898.1831 1420652165.2181 2016769663.9267 1428632347.8146 2134943117.9926 1979243292.6965 1634471336.3111 1621515495.9864 1400527288.3834 1498228845.4390 1940446153.4994 
1955857355.4697 1792020544.9308 1427805010.3442 1965229626.8595 1497787872.0077 1556433663.1905 1840001159.9382 1365203337.3000 1749446668.2147 1325820316.5504 1807995948.0432 
1804292614.7243 1306983513.2775 2017786721.8148 1415671034.7624 1182638774.1657 1082988590.2764 1530911729.7944 1449745447.8307 2080924204.6812 1120921946.1252 2057232707.6650 
1951610586.4804 1575092556.9920 1079701315.2615 1783201701.8019 1208328220.6203 1953714417.6424 1094844401.5101 1865024579.8935 2049343243.2796 1500716263.3146 1717405504.2591 
1664924208.6002 1602737583.8043 1378135435.3996 1893265074.0600 1226492701.0338 2142133933.9798 1905832843.9061 1586608615.7292 1859704547.1169 1246895920.3958 1850139547.3910 
1509274418.2809 1243426611.7969 1492634445.4059 1936176678.7115 1315837338.9591 1207918159.3539 1917327937.8992 2100410789.1726 1601088353.0816 1094435132.7279 1278231821.1439 
1938711087.2198 1290800341.7710 1836857947.4908 1966683546.2602 2119268188.9654 1859563885.4072 1670837324.6897 2031534161.9819 1235281942.6870 2039344669.1719 1911861090.9450 
1107205820.9620 1391160417.1972 1371674924.5126 1190577081.3433 1822542045.0932 1644296377.4184 1968454197.2039 1080129810.8554 1461721896.8561 1246131673.1359 2009603212.5582 
2117662621.3690 1220334124.7462 1143228503.8502 1487372916.2136 2037795563.1275 1961598298.8674 1813162279.3813 1414147162.2945 1573347231.1032 1462750636.9587 1782880811.6871 

1,1 -1,-1 1,-1 -1,-1 1,1 -1,-1 1,-1 -1,1 1,1 -1,1 1,1 
-1,-1 1,-1 -1,-1 1,1 -1,1 1,-1 1,1 1,-1 -1,-1 1,1 -1,1 
1,-1 1,1 -1,1 1,-1 -1,-1 -1,1 -1,1 -1,-1 -1,1 1,-1 1,-1 
-1,1 -1,1 1,1 -1,1 1,-1 1,1 -1,-1 1,1 1,-1 -1,-1 -1,-1 

-1,-1 1,-1 1,1 1,-1 -1,1 -1,-1 1,-1 -1,-1 -1,1 1,1 -1,-1 
1,1 -1,-1 1,-1 -1,1 1,1 -1,1 -1,-1 -1,1 1,1 -1,-1 1,1 
-1,1 1,1 -1,1 1,1 -1,-1 1,1 1,1 1,1 1,-1 -1,1 -1,1 
1,-1 -1,1 -1,-1 -1,-1 1,-1 1,-1 -1,1 1,-1 -1,-1 1,-1 1,-1 

1,-1 -1,-1 -1,1 1,1 -1,-1 -1,1 1,-1 1,1 1,-1 1,1 -1,1 
-1,-1 1,-1 1,1 -1,-1 -1,1 1,-1 -1,1 1,-1 -1,-1 1,-1 1,1 
1,1 1,1 -1,-1 1,-1 1,-1 -1,-1 -1,-1 -1,-1 -1,1 -1,-1 1,-1 
-1,1 -1,1 1,-1 -1,1 1,1 1,1 1,1 -1,1 1,1 -1,1 -1,-1 

1,1 1,-1 1,1 -1,-1 1,-1 1,1 1,-1 -1,-1 -1,1 1,1 -1,1 
1,-1 1,1 1,-1 1,1 -1,-1 -1,1 -1,-1 -1,1 1,-1 -1,-1 1,1 
-1,-1 -1,-1 -1,-1 -1,1 1,1 -1,-1 1,1 1,-1 1,1 1,-1 1,-1 
-1,1 -1,1 -1,1 1,-1 -1,1 1,-1 -1,1 1,1 -1,-1 -1,1 -1,-1 

-1,-1 -1,1 1,1 1,-1 -1,1 1,1 -1,1 -1,-1 -1,1 1,1 -1,-1 
1,-1 1,1 1,-1 1,1 -1,-1 -1,1 -1,-1 1,1 -1,-1 -1,1 1,1 
-1,1 1,-1 -1,1 -1,-1 1,-1 1,-1 1,-1 1,-1 1,-1 1,-1 -1,1 
1,1 -1,-1 -1,-1 -1,1 1,1 -1,-1 1,1 -1,1 1,1 -1,-1 1,-1 

-1,1 -1,-1 -1,1 1,-1 -1,-1 -1,1 1,-1 1,1 1,-1 1,1 -1,1 
-1,-1 -1,1 1,-1 -1,-1 -1,1 1,-1 1,1 1,-1 1,1 -1,1 -1,-1 
1,1 1,1 -1,-1 1,1 1,1 -1,-1 -1,1 -1,1 -1,1 1,-1 1,-1 
1,-1 1,-1 1,1 -1,1 1,-1 1,1 -1,-1 -1,-1 -1,-1 -1,-1 1,1 

1,1 -1,1 -1,-1 -1,1 1,-1 -1,-1 -1,1 -1,-1 -1,1 1,-1 -1,1 
-1,1 1,-1 -1,1 -1,-1 -1,1 1,-1 1,1 1,-1 -1,-1 -1,1 1,1 
-1,-1 -1,-1 1,1 1,-1 1,1 -1,1 1,-1 -1,1 1,1 1,1 -1,-1 
1,-1 1,1 1,-1 1,1 -1,-1 1,1 -1,-1 1,1 1,-1 -1,-1 1,-1 

1,1 -1,1 1,1 1,-1 1,1 -1,-1 1,1 -1,1 1,1 1,-1 -1,1 
-1,-1 1,1 1,-1 1,1 -1,-1 -1,1 -1,-1 1,1 -1,-1 1,1 1,-1 
1,-1 1,-1 -1,-1 -1,-1 -1,1 1,-1 1,-1 -1,-1 -1,1 -1,-1 -1,-1 
-1,1 -1,-1 -1,1 -1,1 1,-1 1,1 -1,1 1,-1 1,-1 -1,1 1,1 

1,1 1,-1 -1,1 1,-1 -1,1 1,1 -1,1 1,1 1,-1 1,1 1,-1 
-1,-1 -1,1 -1,-1 -1,1 -1,-1 -1,1 1,1 1,-1 1,1 1,-1 1,1 
-1,1 1,1 1,-1 -1,-1 1,1 1,-1 1,-1 -1,1 -1,-1 -1,1 -1,1 
1,-1 -1,-1 1,1 1,1 1,-1 -1,-1 -1,-1 -1,-1 -1,1 -1,-1 -1,-1 

1,1 -1,-1 1,-1 -1,1 1,1 1,-1 -1,-1 -1,1 -1,-1 -1,1 1,-1 
-1,-1 1,-1 -1,-1 1,-1 -1,-1 -1,1 1,-1 1,1 1,-1 1,1 -1,-1 
1,-1 -1,1 -1,1 -1,-1 -1,1 1,1 1,1 -1,-1 1,1 -1,-1 -1,1 
-1,1 1,1 1,1 1,1 1,-1 -1,-1 -1,1 1,-1 -1,1 1,-1 1,1 

-1,-1 -1,1 1,-1 -1,1 -1,-1 1,1 -1,-1 1,1 -1,-1 1,-1 1,1 
1,1 -1,-1 -1,1 -1,-1 -1,1 -1,-1 -1,1 -1,-1 1,-1 -1,1 1,-1 
1,-1 1,-1 -1,-1 1,-1 1,1 -1,1 1,-1 -1,1 1,1 -1,-1 -1,1 
-1,1 1,1 1,1 1,1 1,-1 1,-1 1,1 1,-1 -1,1 1,1 -1,-1 

-1,1 -1,-1 1,-1 1,1 1,-1 1,1 1,-1 -1,1 1,1 -1,1 -1,-1 
1,1 1,-1 1,1 1,-1 -1,-1 1,-1 -1,1 1,-1 -1,1 1,1 1,-1 
1,-1 -1,1 -1,-1 -1,1 -1,1 -1,-1 1,1 1,1 -1,-1 -1,-1 1,1 
-1,-1 1,1 -1,1 -1,-1 1,1 -1,1 -1,-1 -1,-1 1,-1 1,-1 -1,1 

1,1 -1,1 1,1 1,-1 -1,1 1,-1 -1,-1 -1,1 1,-1 -1,1 1,-1 
-1,1 1,1 1,-1 -1,1 1,1 -1,-1 1,-1 -1,-1 -1,1 -1,-1 1,1 
1,-1 1,-1 -1,1 1,1 1,-1 1,1 1,1 1,1 1,1 1,-1 -1,-1 
-1,-1 -1,-1 -1,-1 -1,-1 -1,-1 -1,1 -1,1 1,-1 -1,-1 1,1 -1,1 

-1,-1 1,-1 1,1 -1,1 1,-1 1,1 -1,1 1,-1 -1,-1 -1,1 1,-1 
-1,1 1,1 -1,1 1,-1 1,1 -1,1 1,-1 -1,1 1,-1 -1,-1 1,1 
1,1 -1,-1 -1,-1 -1,-1 -1,1 -1,-1 -1,-1 1,1 1,1 1,1 -1,1 
1,-1 -1,1 1,-1 1,1 -1,-1 1,-1 1,1 -1,-1 -1,1 1,-1 -1,-1 

-1,-1 -1,1 1,-1 1,1 1,-1 -1,-1 1,1 -1,1 1,-1 -1,-1 1,-1 
-1,1 1,-1 -1,1 1,-1 -1,-1 1,-1 -1,1 1,-1 -1,1 1,-1 -1,-1 
1,-1 1,1 -1,-1 -1,-1 -1,1 -1,1 -1,-1 1,1 -1,-1 -1,1 -1,1 
1,1 -1,-1 1,1 -1,1 1,1 1,1 1,-1 -1,-1 1,1 1,1 1,1 

-1,1 1,1 1,-1 -1,1 -1,-1 -1,1 1,1 1,-1 1,1 -1,1 1,1 
1,1 1,-1 -1,1 1,1 -1,1 -1,-1 -1,1 1,1 -1,1 1,1 1,-1 
-1,-1 -1,-1 1,1 -1,-1 1,-1 1,1 -1,-1 -1,-1 1,-1 -1,-1 -1,1 
1,-1 -1,1 -1,-1 1,-1 1,1 1,-1 1,-1 -1,1 -1,-1 1,-1 -1,-1 

-1,-1 1,1 -1,-1 -1,-1 1,-1 1,1 1,-1 1,1 1,1 1,-1 1,1 
1,-1 1,-1 -1,1 -1,1 -1,1 -1,1 -1,-1 -1,-1 -1,-1 -1,-1 -1,-1 
1,1 -1,-1 1,1 1,1 1,1 -1,-1 -1,1 -1,1 -1,1 1,1 1,-1 
-1,1 -1,1 1,-1 1,-1 -1,-1 1,-1 1,1 1,-1 1,-1 -1,1 -1,1 

1,1 -1,-1 1,1 1,1 1,-1 1,1 -1,-1 1,1 1,1 -1,-1 1,1 
-1,1 -1,1 -1,1 -1,-1 -1,1 -1,1 -1,1 1,-1 -1,1 -1,1 -1,1 
-1,-1 1,1 -1,-1 -1,1 -1,-1 -1,-1 1,1 -1,-1 -1,-1 1,-1 1,-1 
1,-1 1,-1 1,-1 1,-1 1,1 1,-1 1,-1 -1,1 1,-1 1,1 -1,-1 

1,-1 1,1 1,1 -1,-1 1,1 1,1 -1,-1 -1,1 1,-1 1,1 1,1 
-1,-1 -1,-1 1,-1 1,-1 1,-1 1,-1 1,-1 1,1 -1,-1 -1,1 -1,1 
1,1 -1,1 -1,-1 -1,1 -1,1 -1,1 -1,1 -1,-1 1,1 1,-1 -1,-1 
-1,1 1,-1 -1,1 1,1 -1,-1 -1,-1 1,1 1,-1 -1,1 -1,-1 1,-1 

1,1 1,1 1,1 -1,-1 1,-1 -1,-1 1,-1 -1,-1 -1,-1 1,-1 1,-1 
-1,1 -1,1 -1,1 -1,1 -1,1 -1,1 1,1 -1,1 1,1 -1,1 -1,1 
-1,-1 -1,-1 -1,-1 1,-1 -1,-1 1,1 -1,1 1,1 1,-1 -1,-1 1,1 
1,-1 1,-1 1,-1 1,1 1,1 1,-1 -1,-1 1,-1 -1,1 1,1 -1,-1 

1,1 1,-1 1,1 -1,-1 1,-1 -1,-1 -1,-1 -1,-1 -1,-1 -1,-1 -1,-1 
-1,1 -1,1 -1,1 -1,1 -1,1 1,1 -1,1 1,1 -1,1 1,-1 1,-1 
1,-1 1,1 1,-1 1,1 -1,-1 1,-1 1,-1 1,-1 1,-1 -1,1 -1,1 
-1,-1 -1,-1 -1,-1 1,-1 1,1 -1,1 1,1 -1,1 1,1 1,1 1,1 

-1,1 -1,1 1,1 1,-1 1,1 1,-1 1,1 1,1 1,1 1,1 1,-1 
1,-1 -1,-1 -1,-1 -1,1 -1,1 -1,-1 -1,1 -1,-1 1,-1 -1,-1 -1,1 
-1,-1 1,1 1,-1 1,1 1,-1 1,1 1,-1 1,-1 -1,1 1,-1 1,1 
1,1 1,-1 -1,1 -1,-1 -1,-1 -1,1 -1,-1 -1,1 -1,-1 -1,1 -1,-1 

1,-1 1,-1 -1,-1 -1,-1 -1,-1 -1,-1 -1,-1 -1,-1 1,-1 -1,-1 -1,-1 
-1,-1 1,1 1,1 -1,1 1,-1 1,1 -1,1 -1,1 -1,1 1,1 1,-1 
1,1 -1,1 1,-1 1,-1 -1,1 -1,1 1,-1 1,1 1,1 -1,1 -1,1 
-1,1 -1,-1 -1,1 1,1 1,1 1,-1 1,1 1,-1 -1,-1 1,-1 1,1 

1,1 1,1 -1,1 1,1 1,1 1,1 1,1 -1,-1 1,1 1,1 -1,-1 
1,-1 1,-1 1,-1 1,-1 -1,1 -1,1 -1,1 -1,1 -1,1 1,-1 1,-1 
-1,-1 -1,-1 -1,-1 -1,-1 -1,-1 1,-1 1,-1 1,-1 -1,-1 -1,1 1,1 
-1,1 -1,1 1,1 -1,1 1,-1 -1,-1 -1,-1 1,1 1,-1 -1,-1 -1,1 

-1,1 1,-1 -1,-1 -1,-1 1,1 -1,-1 -1,-1 -1,-1 -1,-1 -1,-1 -1,-1 
1,1 1,1 1,1 -1,1 -1,1 1,-1 -1,1 1,-1 -1,1 1,1 1,-1 
1,-1 -1,1 1,-1 1,-1 -1,-1 1,1 1,-1 -1,1 1,-1 -1,1 -1,1 
-1,-1 -1,-1 -1,1 1,1 1,-1 -1,1 1,1 1,1 1,1 1,-1 1,1 


10 9 1 0 
4 5 8 7 
7 10 3 1 
3 7 6 8 
7 0 8 3 
4 6 9 3 
0 10 4 8 
8 7 3 6 
0 10 8 7 
10 5 0 2 
3 8 6 0 
0 2 9 8 
2 0 8 1 
9 1 8 3 
1 10 2 5 
10 5 2 0 
1 0 10 4 
9 6 1 3 
3 10 0 1 
8 4 9 5 
2 5 8 3 
8 5 0 3 
9 1 3 8 
6 2 0 10 
6 4 8 5 


