1658132521.2905 1492121580.5470 1661908560.4422 1101284567.2357 1201269214.6785 2018223869.9561 1516130540.7773 1649061781.8333 1469244760.0348 1944692981.6632 1658955857.9304 
1195999768.7150 1435010572.6723 1294803376.6285 1415931363.9280 1540449099.0364 1425552101.4511 1607141383.3939 1476180908.9567 1295490279.8434 1989433621.8381 1284670222.2386 
2137326789.7941 1714608674.6055 1093170522.1787 1132132874.1105 1353185112.2502 1105897791.5563 1946312604.9771 2073022258.9918 1264593228.4154 1314145583.8975 1829013075.1920 
1586761152.0095 1459888403.4383 2075498494.5587 1351762998.3765 1826854145.0978 1850996289.3590 1396938157.8815 1954940257.2745 1559664069.0369 1754197190.1406 1661698464.0425 
1898201531.3336 1657734785.0700 1892187239.3068 1299261482.6661 1206654311.1239 1336499829.9669 1988889413.2935 1322511654.0146 1492396943.3545 1821225159.2457 1202112727.2001 
1521126744.0948 1772548847.0504 1242452016.2789 1199708478.0056 1174578044.9555 2093915722.6316 1211850979.8863 1938231761.1984 1329799694.5559 1980450860.3479 1255982640.9095 
2099344643.2391 1629697808.7641 1086812300.6290 1362698906.5635 1074498617.9855 1092725620.9406 1434387811.4101 2144172187.0456 1598882412.5724 2094850204.3951 1490101956.9590 
2074070888.0198 1993111552.3009 2021073052.2092 1727222433.7726 2078931995.8167 1624766903.0026 1153852730.1003 2033997726.3718 1792573558.9867 1939705423.1491 1845089759.0693 
1488055567.7396 1969897744.9070 1318497255.8751 1420141955.8690 1451228262.9069 1589353178.3285 1173950050.9582 1145313827.3332 1145392514.2157 1819564127.9594 1396360943.3812 
1914966645.2198 1545548384.6755 1931886911.8316 1536897906.0917 1269882096.5132 1310926873.7871 1841738439.0130 2089007486.5706 1196550885.4583 1747295933.7764 1628587167.4999 
1459765768.2840 1640809511.6941 1806485148.7635 1463296032.5826 2035711011.6910 1331138933.9658 1124944828.5325 2057750158.6500 1650989653.7502 1509409452.1604 1401662064.0011 
1196097343.0388 1796089077.2722 1999118525.2182 1896209161.1057 1638983614.9595 1907938197.5679 1678197662.7918 1130677862.2476 1223902806.7423 1222398346.3537 1423147776.7662 
1408547854.3918 1522487427.2336 1197418382.6640 1108139787.9705 1291041955.9135 1560142702.6241 1522099782.1704 1270680307.6984 1257627272.4846 1433239405.4902 1531859441.9875 
1462728340.2599 2001790510.2164 1889448277.0114 1150962538.5918 1180973884.9577 1335677016.9817 1984432432.8497 1771339325.0507 1567601444.6156 1361061134.3953 1275582952.8550 
1428032576.5132 2025996086.6971 1875575969.4402 1913336723.2320 1900471842.7497 2060038144.2130 1762602187.7607 1190323315.8841 1280136971.6020 1472384684.6959 1351271388.6847 
1199726509.1662 1869561528.2438 1341982435.6287 1560963692.3038 1829015490.8817 1147162989.6190 1671885255.6782 2087082383.7351 1646303166.8106 1221342338.7140 1657625944.2199 
1453243105.5462 1430239344.4492 1771873863.7314 1734538791.9545 1109522570.6744 1757694387.1703 1786426282.5291 1609176627.2304 1463492824.3735 1143225976.9000 1710731320.9019 
2018718670.1951 1296170745.4449 1832190002.0172 1480830733.2746 1433390963.3631 1755402615.8818 1670377240.4847 2036926591.3861 1629085488.2569 1550229141.2683 1624467644.6786 
1722067996.7874 1559019122.9920 1173707057.5524 1515705007.2764 1143606794.5321 1478021854.1656 2011446770.9181 1274565981.0122 1970307562.5590 1291637308.0575 1098963309.8540 
2109094872.8569 1892374249.8177 1186582044.0247 2045238237.0340 1694946653.8682 1624104746.7909 1077304115.8468 1096075859.9006 1494111421.6859 1197830012.5833 1825323042.3599 
1128860948.7035 1689826316.9564 2046025980.1102 1634484814.9771 1475653010.9560 1219715887.1413 2016616201.3250 2108135226.7464 1436591381.8827 1692314850.3707 1385267105.4710 
2102788556.0703 2056139734.6146 1412763557.9245 1122749246.8549 1125316934.5982 1125664290.6942 2070424505.7926 1802470948.5854 1345327901.0561 1844816516.7510 1169566959.8045 
2014249666.8388 1649229795.2976 1735893922.0980 1759880367.8858 1872098194.2171 2134681096.7198 1488423117.1887 1214548561.0801 1590504831.4868 1075374830.3796 1209105048.4066 
1388685011.6959 1663244301.9107 2137318801.6546 1233890836.0953 1743313027.0089 2107132565.7739 1844189329.4151 1477728625.6829 1735901987.8666 1725089334.9166 1811891545.3736 
1328938622.2700 1966895917.0962 1714694622.2507 1832004615.5395 1845555913.6634 1341732438.7516 1589625011.8740 1984266961.3403 1082255574.6139 2094530287.0824 1115217030.6061 
2129358812.0834 1421854006.9725 1240191385.6095 1411132808.5100 1805121680.2276 1182635208.1502 2019822923.6209 1431331970.2131 1861077802.8658 1368860819.7569 1947988927.5244 
1544450561.1190 1341411395.1897 1766456042.5260 1183355994.0393 2085097119.8229 1140699069.3024 2089993301.4786 2108411860.5229 2133418036.1967 1092296132.4346 1504561293.1141 
1162375724.8348 1700893744.2657 1903830032.5956 1812571790.7649 1304165986.0707 1297558190.5930 1717235836.2688 1120668798.7655 2138356109.7593 1663265613.1136 1638183500.3565 
1281750701.2227 1418397529.2753 1302714266.1161 1216376442.1557 1567951556.7715 1271043731.5516 1093021035.6755 1940516021.1935 1346859108.9493 1229577744.1619 1709019664.7211 
2138329258.9104 1832595918.5611 1177135346.6686 1768988766.3434 2070131691.1873 1433820489.4504 1540632736.5434 2006597054.4295 1314226959.5935 1728680586.2354 1337245750.0380 
1273630793.4652 1980509962.7494 1570277261.1647 1326458705.8050 1470419725.7251 1650518923.0849 1834148650.7787 1174189018.3182 1695903084.2163 1092565311.7813 2097360160.2729 
1620189363.2240 1323572711.4329 1828784617.9720 1096134532.2646 1818112651.9469 1519663247.6363 1573766453.4114 1537098570.8089 1193622492.0126 1953877794.0501 1488788620.1556 
1120445165.3530 1588719019.4972 1589655236.8822 1403687513.5362 1512262087.6852 1109708816.5550 1514793611.9017 1254860116.0028 1120875055.5425 1115724720.4212 1815597513.7646 
1112940953.5731 1841115969.0015 1386811522.0450 1309039537.4182 1694223782.1047 1799722238.2970 1917316608.0764 1406473648.4376 1588214848.5613 1507651580.3600 1198254981.5539 
1787289847.1505 1317653487.2175 1403039887.7494 1959832026.5335 1645855907.4019 1166890703.6628 1381289861.3040 1289610202.1855 2087725467.4100 1176393727.9060 1934549132.6934 
1743312733.6194 1878767393.5589 1599776227.9173 1983415525.7867 1205915047.5654 2085082845.3783 1922046285.4183 2087184089.5878 2037748394.9712 1157599454.2495 1578179109.7706 
1699975682.4957 1163252490.2208 1259779637.2168 2144865591.9982 1512956034.4192 1654028460.4930 1263748224.2144 1406203637.8699 1407943409.7802 1826669474.7862 1672032736.2470 
1569032551.4069 1540606461.7629 1672913611.4131 1245043006.4992 1400929976.9710 2044979663.0998 1153713491.3404 1625797019.9019 1823242010.7858 1600091327.3554 1964678768.7353 
2123414579.2791 1935043290.9287 1777848876.5191 1580731224.0740 1692283616.4623 1489903539.3240 1075817858.0372 2117931919.7203 2141691094.7119 1771478682.8152 1230618429.3924 
1500829223.1720 1735763594.6602 1920264466.0152 1881239629.4508 1503585944.1763 1698972512.7011 1813590670.4753 1638774894.8565 1763753478.8001 1773685389.4379 1857879393.2471 
1989041018.8026 2078727273.9054 1240229364.0423 1642818367.0230 1470189940.1724 1701162232.3337 1512264268.8322 1934162020.8399 1119522886.0088 1362202905.5681 1344100589.8547 
1255753640.0970 1487263327.8768 1975742031.7120 1360340903.1536 2009032295.9013 1916605671.7136 1374862164.8441 1331560068.4191 1341069254.0298 1830079344.9076 1151602396.9492 
1193956948.4776 1241428844.0041 1527116167.8028 1814301729.9647 2055103653.8092 1835652137.2096 1794195702.6624 1226828499.1807 1480605445.9918 1962364699.0925 1943799986.0011 
1330623215.6357 1187663137.5547 1288821382.7906 2073755432.7234 1308649250.1945 1577207557.4411 1985773622.1581 1845517587.1164 1592907991.1856 1687805464.2580 2114716277.3583 
2137591201.5412 2078904603.0142 1305088810.9905 2069241874.0341 1304902347.8663 1144555731.7136 1778317604.8720 1602484512.2627 1452541291.4883 1298710463.3340 1592160140.6705 
1471700403.2038 1619755618.0793 1628691144.8224 1396128646.5385 1198625599.7346 1438828279.7266 1798514312.4764 2101397570.2942 1579874869.2847 1600875242.1750 1846980021.7609 
1518182327.5616 1700002032.4387 1207743138.4684 1111552118.7790 1231239601.5640 1696113798.7154 1992918647.7689 1524461309.2370 1352757921.2570 1622894457.1944 1498548283.7669 
1227414745.3353 1485217765.5842 1544119912.8007 1830301390.0572 1813388673.3034 1126403431.2984 1869628414.8904 1561598368.3567 1565363666.6033 1643507980.1447 1973696832.0385 
1320523314.6100 1965041582.2332 1447598211.9892 1848367862.6596 1453039497.3627 1116774906.0637 2123930895.2709 2073819970.0989 1566352204.9396 1862584532.5854 1080582740.7807 
1269272323.7216 2114256421.7629 1331564417.6916 1465281071.1795 1120172221.3740 1695992381.4610 2015699427.3399 1197200229.7230 1402137179.5369 1501002514.0412 1338146512.1462 
1791439383.9971 1143274013.0309 1816368715.3762 1412563653.3878 1131833391.2989 1715236939.7435 1283153603.7727 1830350430.6386 1123830460.5450 2053675256.9248 1586111444.7981 
1272005003.1785 1150820694.7526 1511640455.1555 1831074544.3617 1883875390.9200 2014220864.2803 1397667131.8379 1155161246.2349 1605338393.2136 1869934390.2126 1077828510.3008 
1509776648.3900 1723043768.1743 1182872629.2784 1661619942.1455 1802785217.6302 1880356196.5140 1884135762.6167 1351089764.2005 1231933162.2747 1652911501.1032 1658226791.3401 
1636622010.9194 1550102881.2518 1707938280.7682 1366323039.7281 2016721365.7268 1261427911.7809 1891425549.1622 1119689625.0376 1317658088.8316 2126529351.4592 1332567324.7450 
1968355298.9971 1457718031.9330 1288319108.8394 2050129202.7704 1230563053.7142 1563562971.7970 1777896521.6770 1975191705.3142 1938944787.8854 1317916287.6253 1825005216.6992 
1925460580.9579 1825485646.0656 1139027860.9855 1940493954.2599 2110566667.4878 1159867945.1543 1124120920.6017 2121778316.2615 2115774437.7910 1260710206.0061 1977803613.6256 
1223665948.6610 1700376636.9452 1524193057.6949 1977727016.7396 1438503644.7616 1219007567.3960 1273377334.0893 1976185203.7617 2143414337.3513 1786262604.8157 2089528340.3968 
2092774467.3694 1804178030.5060 1969083880.9973 1596791058.2647 1783135957.2371 1452899596.3336 1473540850.8011 1390712786.2700 1604366989.2260 1153633865.4429 1995338824.1229 
1876060366.5056 1934732500.5430 1359205725.1968 1357767542.9104 1831873274.0962 2123866775.8947 1779170512.3226 1744305873.5699 1747591584.7094 1153139259.3710 1180922102.4935 
1645957215.3654 1876078298.1162 1225736670.5231 1970896224.4033 1930393289.7594 1966457200.3021 2007180165.5895 1595938051.9195 1593552356.3846 1358933099.4948 1239094536.6662 
1356118250.8744 1355814333.7449 2138082495.5949 1490683080.8114 1429456458.9675 1713807287.5502 1653243746.4284 1169505954.9852 2094209773.4358 1753816565.1924 1510060363.9224 
1454824835.6449 2000696236.3597 2143747760.6840 1334657430.0046 1514564027.4324 1315949452.7629 1696642236.6865 2133988563.0361 1864651417.6191 2114051275.9194 1436605535.1839 
2023705057.2901 1976506103.1038 1951099119.1837 1996735692.3818 1860634695.9237 1766809395.1596 1767586978.3489 1870489515.0304 1968267519.4747 1841528522.6035 1118119918.0235 
1775474018.4729 1433684206.3505 1831871215.2481 1542893222.3375 1497213287.1465 1255785434.4136 1869955904.4820 2086593935.4087 1785219917.1172 1287994194.9898 2116922926.2897 
1554910876.2686 1767430884.9527 1454449936.9213 1314643519.7866 1614429756.3892 1397974650.4254 1806499703.2483 1391865421.6300 1871095823.9953 2064456093.3095 1203374495.8164 
2031452010.9451 1319390826.1223 1895489800.3051 1447755431.1514 1288978609.3691 1485446899.9060 1211941322.7847 1977733043.4422 2036039120.8653 1829634025.9980 1632041461.9114 
2014085209.3349 1915961105.7589 1834526126.2276 1802002074.3571 2099357000.5888 1582919127.8173 1664496663.5598 1981485688.8109 1226408819.9809 2096591739.2809 1837723529.9126 
1553304609.1496 1105259972.7648 1301003032.3843 1496437325.0238 1631244716.1903 1711755973.3177 2069110159.2613 1305406411.3359 1998983002.9543 1329005604.5168 1245610717.4487 
1291933467.3126 1454516993.5030 1236669724.7388 1555527124.5826 1691488441.2050 1359579752.4793 1894755961.3378 1321240312.2903 1602166396.0067 1935697299.4486 1416034023.8006 
1762846550.5469 2055233381.6021 2123802001.4933 1288064225.8583 1521729480.7835 2043224458.0197 1618777218.5367 1615483304.6528 1267818996.5496 2146903246.9191 1654539565.9985 
1665280007.5885 1631693287.6159 1932805189.0342 1806370043.5294 2058421490.7360 1707661163.5571 1531666902.7133 2064109250.8131 1428250294.8113 1261833258.1894 1638111757.5986 
1604376058.4617 2047417999.8463 1991143529.7037 1319563192.1534 1127530502.9389 1852854851.1957 1544766734.5649 1905897837.6899 1804006294.4404 1381565523.1061 1083422195.1510 
1407705906.0732 1429242706.5573 1647106290.3152 1412029863.6771 2085460140.0093 2028942600.9707 1875708614.0009 1406829847.2984 1723141060.9747 1484063479.8204 2129685826.8122 
1988834236.5599 1763245131.9933 2117305935.7794 2032656882.2111 1461850263.1848 1343802836.7315 1606218920.5931 1096301755.8834 1193872567.1742 1692182851.7635 1834674840.3565 
1824821070.0423 1445918236.0701 1145767897.8571 2067159200.6278 1808241620.5353 1197107938.5815 1789168676.1751 1482425893.5753 1184075299.6152 1913809761.2929 1767320471.3278 
1352291679.9620 2031170487.9257 1506798656.0936 1764301129.9058 1346796548.8264 1220931467.1642 1382058555.7476 1952149544.3187 1238414504.3965 1418576808.6104 1364753807.5769 
1358810807.8327 1339127095.3023 1329042526.7409 1683660264.6456 1312325851.1691 1498663242.1424 2058100625.5087 1981696060.8011 2015753488.3624 1335422601.7748 1584204952.4858 
1828648567.2760 1564617170.1361 1646800899.3054 1505104318.3737 1822526034.1995 1674882844.8216 1500437708.6490 1840225837.6934 1539998920.7212 1459569083.4595 1760870931.7665 
2081637294.6648 1725110050.7688 1676211754.4094 1105885779.6821 1877783876.8193 1417213685.5499 2042527398.5399 1264798509.2516 1762299259.4214 1093996804.9236 1931923228.3222 
1519896495.8601 1414871598.0889 2022367342.1911 1821316187.9898 1604868969.7877 2022636747.6809 1829011918.6055 1321650027.2535 1612622660.2230 1589525117.4608 1121885486.2553 
1886266093.5468 1410688489.9288 1434205964.9047 1743899324.7496 1768072304.0467 1103407230.6143 1119154232.7147 1791243633.0825 1887233617.6917 1339682863.9348 1456194272.2090 
1245238372.8738 1566903129.6546 1767950884.8090 1776216960.7907 1461961314.1914 1135305982.9064 1726049004.4313 1389649999.4911 1420803486.2373 1865671881.4703 1206610001.0608 
1325415555.1098 1953089585.0105 1986028715.9499 1846652731.6139 1371186489.8632 2062921847.8330 1719761407.2898 1170358402.0778 2078939613.0932 1601361866.0405 1728046751.4586 
1865638990.0695 1259956262.8531 1989387090.7357 1102520466.7048 1172487017.8243 1951048702.6334 1621149564.1374 1786812543.3792 1432193840.0886 1804098513.5580 1989914944.3944 
1634285785.8312 1831198250.2295 1913124200.9154 1527213925.7388 1537476698.4720 1452941878.2135 1861716278.4935 1701835895.0640 1673765767.2549 1707595797.0993 1318937674.5036 
1796697482.6666 1457942429.9758 1968177536.2288 1346406022.4381 1238065612.1237 1316035023.2843 1169006158.8648 1964581642.9035 1750950077.6721 1670069297.1372 1733929165.6939 
1419544980.1920 1660361914.4295 1329174510.8433 1433328713.4454 1267254001.4400 1733272237.6120 1587353200.7069 1997110385.0722 1265102762.3015 1261196668.8359 1477511840.4669 
1908983551.3311 1791985544.5791 1667563174.2936 1999713089.3275 1109091020.5260 1331972767.3964 1370337086.2869 1724411715.3700 1661068017.4298 1816269445.3232 1936057950.0984 
1779093465.4613 1546816691.7830 1496949521.3527 1908132189.4568 1202739347.8672 2110772421.0481 1933590659.4852 1918515305.2812 1303467123.2231 1668071697.4685 1979612486.2887 
1411963756.4933 1938226985.3549 2062720235.2011 1371199010.8873 2029947967.4003 1200718503.7406 1359276863.5323 1145041726.7691 1149853590.0903 1969412452.0129 1602348720.8414 
2067669422.4984 1750993963.9751 2029494604.3154 1346715513.8284 1941063949.7007 1997440575.3435 1184071744.8103 1662904539.0314 1764702714.6485 1567238909.6747 1249339408.4540 
1864902142.5284 1710178740.5055 1553270820.4369 2113882427.9397 1667562253.0775 1685530047.0277 1287822859.7799 2059087950.3949 1940699647.4900 2041901793.5337 1913443141.9595 
1084162643.3223 1176110598.6525 1585756585.1527 1414315330.0338 1459007599.8128 2054136071.6453 1629220673.9447 1553791876.8297 1296781262.2567 1952027752.9070 1915892685.0743 
2089574922.4297 1648776392.3205 1461536831.2940 2091098608.4744 1331020972.9495 1492106214.9513 1352920637.5342 1340509801.2049 1378699630.6087 1812479817.9004 1465251115.0009 
1450924180.9476 2075341290.4012 1712076067.9818 2117486078.3116 2131442376.2130 1207137270.5793 2106638652.4640 1364108288.1024 1987522546.3662 1116144936.6248 1491222820.7512 
1871349307.6033 1331994063.1112 1720306919.2795 2119300405.7309 1328964932.1652 1308557215.1890 1404696424.0602 1202174931.7925 2041553411.0663 1991873998.3059 1772249000.7920 
2145203513.7730 1398443661.4572 1096874070.7580 1299574195.2518 1370600974.2240 2106811186.2914 1739854788.3027 2014443862.1221 1749168006.9105 1288560064.3348 1520797956.6632 
1814383715.5161 1392239470.8336 1106346954.7106 1747747137.8075 1362645689.2835 2048443408.9761 1126933810.9241 1754322455.4340 1835712830.1850 1487549810.3518 1491251949.0029 
1868046323.3282 1955554019.8416 1618642805.3953 1713222626.6919 1762798316.9546 1995309131.6688 1477112791.9017 2001214005.2939 1475942835.6143 2022186931.1569 2113595806.3501 
1542698370.2180 1709609572.8193 1480185561.4143 1579241591.9496 1769171744.8755 1183581193.7936 1676838661.7051 1161549333.1403 1249814130.8780 1752442276.6390 1790176864.9276 

-1,-1 -1,-1 -1,-1 -1,-1 -1,-1 1,-1 1,-1 1,-1 -1,-1 1,-1 1,-1 
-1,1 -1,1 -1,1 1,1 -1,1 -1,1 -1,-1 -1,1 -1,1 -1,1 -1,-1 
1,1 1,1 1,1 -1,1 1,1 -1,-1 1,1 1,1 1,1 1,1 1,1 
1,-1 1,-1 1,-1 1,-1 1,-1 1,1 -1,1 -1,-1 1,-1 -1,-1 -1,1 

1,-1 1,1 1,1 1,1 1,1 -1,1 1,-1 1,-1 1,1 -1,-1 1,-1 
-1,-1 -1,-1 -1,1 -1,-1 1,-1 -1,-1 -1,-1 -1,1 -1,1 -1,1 -1,1 
1,1 -1,1 -1,-1 1,-1 -1,1 1,1 1,1 1,1 -1,-1 1,-1 -1,-1 
-1,1 1,-1 1,-1 -1,1 -1,-1 1,-1 -1,1 -1,-1 1,-1 1,1 1,1 

-1,-1 -1,-1 -1,-1 -1,1 -1,1 -1,1 1,1 1,1 1,1 1,1 1,1 
-1,1 1,-1 1,-1 1,-1 -1,-1 1,-1 -1,-1 1,-1 -1,-1 -1,1 -1,-1 
1,1 -1,1 1,1 1,1 1,-1 -1,-1 1,-1 -1,-1 -1,1 1,-1 1,-1 
1,-1 1,1 -1,1 -1,-1 1,1 1,1 -1,1 -1,1 1,-1 -1,-1 -1,1 

1,-1 1,-1 -1,-1 -1,-1 -1,1 -1,-1 -1,1 -1,-1 1,-1 -1,-1 1,-1 
-1,1 -1,1 1,1 1,-1 1,1 1,1 1,1 1,1 -1,1 1,1 1,1 
1,1 -1,-1 1,-1 -1,1 -1,-1 1,-1 1,-1 1,-1 -1,-1 1,-1 -1,1 
-1,-1 1,1 -1,1 1,1 1,-1 -1,1 -1,-1 -1,1 1,1 -1,1 -1,-1 

1,-1 1,-1 1,-1 1,-1 -1,1 -1,1 1,1 -1,1 -1,1 1,-1 -1,1 
-1,-1 1,1 -1,-1 -1,-1 -1,-1 -1,-1 -1,-1 -1,-1 1,1 1,1 1,1 
-1,1 -1,-1 1,1 1,1 1,-1 1,1 -1,1 1,-1 -1,-1 -1,-1 -1,-1 
1,1 -1,1 -1,1 -1,1 1,1 1,-1 1,-1 1,1 1,-1 -1,1 1,-1 

-1,1 1,1 -1,1 1,1 1,1 1,-1 1,-1 -1,1 1,-1 1,-1 -1,-1 
1,-1 1,-1 -1,-1 -1,-1 -1,-1 -1,-1 1,1 1,1 -1,-1 1,1 -1,1 
1,1 -1,1 1,1 1,-1 1,-1 -1,1 -1,-1 -1,-1 1,1 -1,1 1,1 
-1,-1 -1,-1 1,-1 -1,1 -1,1 1,1 -1,1 1,-1 -1,1 -1,-1 1,-1 

-1,-1 -1,-1 -1,-1 -1,1 -1,1 1,1 -1,-1 -1,-1 1,1 1,1 1,-1 
1,1 -1,1 1,-1 1,-1 1,-1 1,-1 1,-1 1,-1 -1,1 -1,-1 -1,1 
1,-1 1,-1 -1,1 1,1 -1,-1 -1,1 1,1 1,1 -1,-1 1,-1 1,1 
-1,1 1,1 1,1 -1,-1 1,1 -1,-1 -1,1 -1,1 1,-1 -1,1 -1,-1 

-1,-1 1,-1 -1,1 1,-1 1,-1 -1,1 1,-1 1,-1 -1,-1 -1,-1 -1,-1 
1,1 1,1 1,1 1,1 1,1 -1,-1 -1,-1 -1,1 -1,1 -1,1 -1,1 
-1,1 -1,-1 1,-1 -1,-1 -1,1 1,-1 1,1 1,1 1,1 1,-1 1,1 
1,-1 -1,1 -1,-1 -1,1 -1,-1 1,1 -1,1 -1,-1 1,-1 1,1 1,-1 

-1,-1 -1,-1 -1,-1 -1,-1 -1,1 -1,1 -1,-1 1,-1 1,-1 -1,1 1,-1 
1,1 -1,1 -1,1 1,-1 1,1 1,1 1,1 -1,1 -1,-1 -1,-1 -1,-1 
1,-1 1,-1 1,-1 1,1 1,-1 1,-1 -1,1 1,1 1,1 1,1 1,1 
-1,1 1,1 1,1 -1,1 -1,-1 -1,-1 1,-1 -1,-1 -1,1 1,-1 -1,1 

1,1 1,-1 1,-1 1,-1 1,-1 1,-1 -1,1 1,-1 -1,1 -1,1 -1,1 
-1,-1 -1,1 -1,-1 -1,1 -1,-1 -1,-1 -1,-1 1,1 1,1 -1,-1 1,-1 
1,-1 1,1 -1,1 1,1 1,1 1,1 1,-1 -1,1 -1,-1 1,-1 -1,-1 
-1,1 -1,-1 1,1 -1,-1 -1,1 -1,1 1,1 -1,-1 1,-1 1,1 1,1 

-1,1 1,1 1,1 -1,1 -1,1 1,1 -1,1 1,-1 1,-1 1,1 1,-1 
-1,-1 1,-1 -1,-1 -1,-1 1,-1 1,-1 -1,-1 -1,-1 -1,-1 -1,-1 -1,-1 
1,1 -1,1 1,-1 1,-1 -1,-1 -1,1 1,1 -1,1 1,1 1,-1 -1,1 
1,-1 -1,-1 -1,1 1,1 1,1 -1,-1 1,-1 1,1 -1,1 -1,1 1,1 

1,-1 -1,1 1,-1 -1,1 -1,1 -1,1 -1,1 -1,1 -1,1 -1,1 1,-1 
1,1 -1,-1 1,1 -1,-1 1,-1 1,1 1,-1 -1,-1 -1,-1 -1,-1 1,1 
-1,-1 1,1 -1,-1 1,1 -1,-1 1,-1 -1,-1 1,1 1,-1 1,-1 -1,1 
-1,1 1,-1 -1,1 1,-1 1,1 -1,-1 1,1 1,-1 1,1 1,1 -1,-1 

-1,1 1,-1 -1,1 -1,1 -1,-1 -1,1 -1,-1 -1,-1 -1,1 -1,-1 -1,-1 
1,1 1,1 1,1 1,-1 1,-1 1,-1 1,-1 1,-1 1,1 1,1 -1,1 
1,-1 -1,1 -1,-1 1,1 -1,1 -1,-1 1,1 -1,1 -1,-1 -1,1 1,-1 
-1,-1 -1,-1 1,-1 -1,-1 1,1 1,1 -1,1 1,1 1,-1 1,-1 1,1 

-1,-1 1,1 -1,-1 -1,-1 -1,1 -1,1 -1,1 1,1 1,1 1,1 1,1 
-1,1 -1,1 -1,1 1,1 1,1 1,1 -1,-1 -1,-1 -1,1 -1,1 -1,1 
1,1 -1,-1 1,1 1,-1 1,-1 -1,-1 1,-1 1,-1 1,-1 1,-1 1,-1 
1,-1 1,-1 1,-1 -1,1 -1,-1 1,-1 1,1 -1,1 -1,-1 -1,-1 -1,-1 

1,1 1,1 1,1 -1,-1 1,1 1,1 -1,-1 1,1 1,1 1,1 1,1 
1,-1 -1,1 -1,1 -1,1 -1,1 -1,1 1,-1 1,-1 1,-1 1,-1 1,-1 
-1,1 -1,-1 -1,-1 1,-1 -1,-1 -1,-1 1,1 -1,1 -1,1 -1,-1 -1,-1 
-1,-1 1,-1 1,-1 1,1 1,-1 1,-1 -1,1 -1,-1 -1,-1 -1,1 -1,1 

1,1 -1,1 -1,1 1,-1 1,-1 1,1 -1,1 -1,1 -1,1 -1,1 -1,1 
-1,-1 1,-1 -1,-1 1,1 -1,1 -1,-1 -1,-1 1,-1 -1,-1 1,-1 1,-1 
-1,1 1,1 1,-1 -1,1 -1,-1 -1,1 1,-1 -1,-1 1,1 1,1 -1,-1 
1,-1 -1,-1 1,1 -1,-1 1,1 1,-1 1,1 1,1 1,-1 -1,-1 1,1 

-1,1 -1,1 -1,-1 -1,-1 1,-1 -1,1 -1,1 -1,1 1,-1 -1,-1 1,-1 
1,-1 1,-1 1,1 -1,1 1,1 1,1 1,1 1,1 1,1 -1,1 -1,1 
-1,-1 -1,-1 -1,1 1,-1 -1,-1 1,-1 -1,-1 -1,-1 -1,1 1,1 -1,-1 
1,1 1,1 1,-1 1,1 -1,1 -1,-1 1,-1 1,-1 -1,-1 1,-1 1,1 

-1,-1 -1,1 -1,-1 -1,-1 -1,-1 1,1 -1,-1 -1,-1 -1,-1 -1,-1 -1,-1 
1,1 1,1 1,1 1,-1 1,-1 1,-1 1,-1 -1,1 1,1 1,1 1,1 
1,-1 -1,-1 1,-1 -1,1 1,1 -1,-1 -1,1 1,-1 1,-1 -1,1 1,-1 
-1,1 1,-1 -1,1 1,1 -1,1 -1,1 1,1 1,1 -1,1 1,-1 -1,1 

-1,-1 -1,-1 -1,-1 1,-1 -1,1 1,-1 1,-1 -1,1 -1,1 -1,-1 1,1 
-1,1 -1,1 -1,1 1,1 1,1 1,1 1,1 1,1 1,1 1,-1 1,-1 
1,1 1,1 1,-1 -1,-1 1,-1 -1,-1 -1,1 -1,-1 1,-1 1,1 -1,1 
1,-1 1,-1 1,1 -1,1 -1,-1 -1,1 -1,-1 1,-1 -1,-1 -1,1 -1,-1 

-1,-1 -1,1 -1,-1 -1,1 -1,-1 -1,1 -1,-1 1,1 1,1 -1,-1 -1,-1 
1,-1 1,-1 1,-1 1,-1 1,1 1,-1 1,-1 -1,1 -1,1 1,-1 -1,1 
1,1 -1,-1 -1,1 -1,-1 -1,1 -1,-1 1,1 -1,-1 -1,-1 1,1 1,-1 
-1,1 1,1 1,1 1,1 1,-1 1,1 -1,1 1,-1 1,-1 -1,1 1,1 

-1,-1 -1,1 -1,1 1,-1 1,-1 -1,1 -1,1 1,-1 1,-1 1,-1 1,1 
1,1 1,1 1,1 1,1 -1,-1 1,1 1,1 1,1 -1,-1 -1,-1 -1,1 
1,-1 1,-1 -1,-1 -1,1 1,1 -1,-1 -1,-1 -1,-1 -1,1 -1,1 -1,-1 
-1,1 -1,-1 1,-1 -1,-1 -1,1 1,-1 1,-1 -1,1 1,1 1,1 1,-1 

1,1 1,1 1,1 -1,-1 1,1 1,1 -1,1 -1,1 -1,1 1,-1 1,-1 
-1,-1 1,-1 1,-1 1,-1 1,-1 -1,-1 1,-1 -1,-1 -1,-1 -1,-1 1,1 
-1,1 -1,1 -1,-1 1,1 -1,-1 1,-1 -1,-1 1,1 1,1 -1,1 -1,-1 
1,-1 -1,-1 -1,1 -1,1 -1,1 -1,1 1,1 1,-1 1,-1 1,1 -1,1 

1,-1 -1,1 1,-1 1,1 -1,1 -1,1 -1,1 1,-1 1,-1 1,-1 1,-1 
-1,-1 -1,-1 -1,-1 -1,-1 -1,-1 1,1 1,1 1,1 -1,-1 -1,1 -1,1 
1,1 1,-1 1,1 1,-1 1,-1 1,-1 -1,-1 -1,1 -1,1 -1,-1 1,1 
-1,1 1,1 -1,1 -1,1 1,1 -1,-1 1,-1 -1,-1 1,1 1,1 -1,-1 

1,1 1,-1 1,1 -1,-1 -1,1 -1,1 -1,1 -1,1 -1,1 -1,1 -1,-1 
-1,1 -1,1 -1,1 1,-1 1,1 -1,-1 -1,-1 1,1 1,-1 1,-1 1,1 
-1,-1 -1,-1 -1,-1 1,1 1,-1 1,1 1,-1 1,-1 -1,-1 -1,-1 -1,1 
1,-1 1,1 1,-1 -1,1 -1,-1 1,-1 1,1 -1,-1 1,1 1,1 1,-1 

1,-1 1,-1 1,1 1,1 -1,1 1,1 -1,1 -1,1 1,1 -1,-1 1,1 
1,1 -1,-1 -1,1 1,-1 1,-1 1,-1 1,-1 -1,-1 1,-1 1,-1 -1,1 
-1,1 -1,1 -1,-1 -1,1 -1,-1 -1,-1 1,1 1,-1 -1,-1 1,1 -1,-1 
-1,-1 1,1 1,-1 -1,-1 1,1 -1,1 -1,-1 1,1 -1,1 -1,1 1,-1 


5 7 9 6 
9 0 8 3 
8 2 3 9 
9 10 4 7 
7 10 0 4 
5 10 7 3 
4 3 9 6 
8 3 4 5 
7 9 6 3 
5 8 9 2 
5 4 3 2 
8 0 10 7 
8 4 9 6 
8 5 1 3 
8 1 2 3 
8 4 3 7 
8 10 7 2 
4 7 6 2 
2 9 5 4 
8 6 4 1 
9 0 7 4 
2 8 7 6 
0 9 5 4 
3 4 7 2 
10 9 7 8 


