1942743683.8163 2128002786.1113 1076743452.0384 1232048928.1393 1734114918.5849 1361545878.0917 1464146570.8244 1793585907.6221 2116915885.7371 1357777413.5299 1496302898.8609 
1278031271.3093 1213627797.4749 1173478624.8922 1503271046.9771 2010630547.0269 1704944537.0250 1443574736.8699 1843752220.6661 1797623220.5599 1520047825.7788 1658567410.0002 
2074903329.4934 2022464603.3432 1814471282.2446 1111980684.2579 1355674403.5340 1960496607.3343 1677599953.6328 1517625931.9301 1628270041.5174 1488039976.8284 1313508759.1736 
1717485075.1041 1865371062.4097 2138851037.0747 2025419890.8243 1773834765.8360 1115731738.2250 2099488815.0839 1771414929.0245 1101457425.2732 1972179018.7493 1684298803.0699 
1187630613.5504 2072606597.2660 1779784939.6421 1462030832.6158 1800435422.0699 2089394906.3183 1849629721.5987 1757571035.0221 1754188408.5336 1307674030.6441 1113385267.3768 
1873397262.5090 1269538233.5811 1357217444.1390 1175345071.6795 1095391850.2047 1286452087.1392 1096013748.2698 1474079148.1811 1310210057.9080 2075501414.6207 1545769630.5801 
1307990347.9821 1552118272.7610 2008913564.8217 1532436050.4266 1980155194.2546 1648031483.4606 2143947138.5996 1852468154.0472 2042850660.5024 1626586660.6185 2103632847.7270 
1490187762.1953 1214887643.3911 1938500380.4647 1576507175.8880 1699371473.9100 1700837869.9927 1671593408.4420 2141574539.0018 1873127843.9976 1884631560.5454 1721070714.4254 
1915063564.5185 1710170061.0873 1161930175.0045 1354059699.4557 1761498053.0117 1242482569.2914 2002955705.9928 1469815508.2398 1793310708.4891 1971404087.4478 1233963811.5856 
1820318873.6517 1511640030.8955 1105673751.6828 1460861911.2716 2125515071.2243 2089001581.0113 1633761635.3193 1621981514.4324 1492275942.1160 1383346561.8909 2008250452.4513 
1992488914.1652 1107675489.4856 1725417360.6843 1413519263.0698 1690090227.7977 1550401037.2141 1237127431.1632 1986374085.0661 2006325049.4656 1451528727.5925 1451367781.0515 
1351253416.1986 2138397189.3997 1677370344.4482 1891789184.4816 1784035884.5022 1253334617.1909 1768329096.2064 1999899521.4590 2008216656.3224 1956288823.8670 1603350039.6319 
1609151012.9081 1947375881.1236 2015524916.2598 1646138876.2753 1416799998.1102 1959350039.7247 1637494120.6219 1379200842.4181 1421360365.9588 1357708603.8555 1390145830.2236 
1307553617.0123 1273474639.0834 1513349371.5922 2038374063.9294 1407501582.3789 1941942250.9357 1646612238.3907 1396336681.2958 2053297183.1588 1548069975.8037 1937774699.5720 
1633120168.2613 1299114150.1114 1655109879.3885 1184969922.6047 1335367868.7558 1674918012.1419 1189405893.6346 2008834266.1006 2070825081.3073 1405732670.3509 1358041652.0477 
1169525182.1246 1327174833.3720 1099717866.9845 1591138874.2800 1178537289.4380 1587642149.1466 1238140885.1268 1839864053.8613 1107545764.9869 1352189044.3214 2145728072.2291 
1967186875.5923 1795292805.1029 1089854128.1394 1923757049.3925 1255238091.2021 1252391909.1232 1143510649.7465 1188386158.6434 1608560125.2470 1872661821.4296 1736723734.2604 
1117403835.7819 2113897824.6837 1210844107.2726 1333517158.2550 1963403807.4263 2016236248.7010 1868799320.0498 1942861416.2230 1498518787.9465 1715258226.5588 1238329842.3975 
1950680786.4433 1928535045.5442 1310207006.6476 1243221537.3217 1393561220.2087 2051111859.9349 1432538816.0930 1546405794.5180 1534456047.6718 1987037289.5702 1905428954.5621 
1089499975.1053 1918851624.1162 1641417745.1700 1139185907.9023 1194893349.8024 1632537033.6970 1895427471.6029 1192640439.4260 1924477740.3368 1470146844.5426 1300121972.1229 
2034617532.1295 1599982636.6582 1088586668.5687 1238299502.8345 1326357104.1244 1465371158.9252 2142929007.5315 1423443892.1794 1146350640.4651 1335956091.5076 1646111760.2187 
1892116963.3406 1407495626.7169 2072796631.5109 1173766970.5650 1136676336.8923 1369852635.3245 1481738020.8525 1628725953.6458 1823193298.2087 1525992567.4052 1976379717.8220 
2017406181.2563 1510871358.8728 1288880770.3375 1430355055.5890 1490561739.3750 1445519692.5328 1080336570.6770 2005199501.4804 1248872919.5948 2012534948.5149 1191795862.9516 
1441878686.2774 1205696162.2979 1765628080.3677 1634012755.9791 1267920314.5680 1385876035.5033 1684746543.4466 1679969632.5131 2094226185.0131 1320409279.9172 1222222667.1489 
1579735405.0372 2060252921.5114 1456141064.6563 1681472558.8637 1294399659.0306 1186183494.5544 1358697238.7754 1092034123.6833 1464693884.5264 1735560445.8516 1340178674.8851 
1203386164.8539 1847734446.8653 1294457283.7576 1970104683.7355 1817941102.9598 1141667101.4416 1635009818.1310 2118088680.6632 2131398443.9291 1671256591.1677 1791128794.0393 
1526343464.4568 1506112939.1302 1340232879.1442 2007121675.0267 1142824611.5397 1216580352.3004 1289595312.6081 2019228131.2297 2097365124.1783 1520503908.1700 1837368628.2362 
1642814536.9553 1921744358.5629 1421978047.6053 1268130518.1063 1822781481.0553 1390553676.0560 1652746662.5258 1534832957.4351 1788886913.3355 1521508844.4066 1963351703.7186 
1705037067.0033 1854897070.4772 1621931927.1199 1354191336.5994 1202761037.0216 1945603091.0640 1209268664.6344 1930954109.9814 1081941637.3675 1784508390.8367 1167206068.3087 
2130308268.9697 1224174168.7192 1989621467.1921 1889364352.7719 1843886520.0803 1709960217.5293 1484382961.1625 1893167692.0923 1413570829.4459 1568440185.0880 1511806097.1000 
1148826742.5227 1293643942.3471 1665344444.5862 1417921128.4211 2015592297.0515 1963328384.5981 2070792808.6615 1291340832.9918 1816781741.2022 1469441088.1733 2053936702.3014 
1364965919.6383 1881333572.9794 1761714396.6520 2125609547.3070 1367603012.0789 1483144862.7475 1381651320.4261 1326900054.5492 1482210064.1902 1753059584.9559 1422791979.9167 
2085780273.7379 1282693171.7812 1386099770.1213 1773354547.2802 1374899881.2080 1501678585.8727 1230206752.3368 1324715346.7860 1284019256.9073 2004123725.5753 1902615254.2843 
1359012551.3352 1110983287.6687 1721795164.0690 1882532242.6580 1406831288.7027 1963061388.2094 1793655819.8138 1334401962.0555 1094384459.5417 1462188322.4187 1556169179.5750 
1679819574.7191 1596773853.3754 1551970073.3872 1290722182.9929 2133246163.6552 1675353756.1325 1837852875.1488 2101358280.1723 1322829354.7378 1893613186.2146 2047918283.0233 
1314760314.9892 1519867850.2152 1488508264.4333 1458966388.4741 1401758095.7152 1778284606.3326 1495750188.9050 1954240124.1133 1675142770.1649 1554880728.2340 1550026211.0143 
1703177445.6637 1998510935.0569 1800221137.7611 1137212531.2545 2096871480.1981 1864337203.6268 2082776146.9311 1882096304.8280 1933998449.2818 1336242309.9305 1750083587.5556 
1146476134.3681 1772293068.8961 1301774785.8324 2029833065.5606 1297498663.9315 1751282247.8347 1470541256.0511 1335186575.7424 1790893439.8311 1645334144.7257 1198703422.1089 
1511303442.4031 1950054817.3349 1761662273.9897 1816089752.1108 1967124084.2210 1891877618.2014 1455444597.8883 1331592040.5870 1397252823.3323 1748513313.0450 1287119957.2096 
1543412053.4135 1244154043.9714 2128943642.6917 1469668795.2678 1141523976.7338 2107114563.9506 1966032927.3876 1220728765.0366 1299378094.0842 1891233566.1741 1078498548.9967 
1256933565.8985 1178482266.3238 1364911584.5086 1654304266.8428 1214282029.8269 1809093786.1044 1121950123.6809 1400464713.1002 1406183502.8636 1379243874.0959 1997595690.3323 
1149728815.4923 1695574864.2814 1451572286.5469 1783183485.7014 2083752472.7931 1372169150.4942 2038581533.0010 1436209733.5294 1263809920.4847 1095628713.0635 1147108218.3632 
1624719463.7056 1108472699.1868 1167255465.9037 1352682539.6321 1589013792.0729 2067804135.1345 1287750036.0980 1827409387.1092 1431301078.8136 2076722904.3249 1603902232.1940 
1995868247.5899 1223614061.0415 1200547299.5736 1657239883.4699 1216959046.8047 1583611555.8457 1551900652.3741 1323383934.4800 1165142801.3765 1963816468.1667 1907625229.3294 
1423764679.6054 1529062239.8322 1828147303.7083 1366905003.5289 1495610727.7962 2046064102.1074 1599179311.2425 1819957315.9628 1567825562.6181 1331002956.6214 1813025997.1091 
1846623265.6307 1602115228.3476 1880842600.9970 2038911099.5676 1325520018.5056 1733470069.1235 1337609311.0226 1294665648.3301 1552327967.4771 1614817418.0958 1831824664.8634 
1221185228.1736 1727066832.0550 1986782070.0131 1887130236.0476 1181102099.9780 1588020897.2201 1612197420.9394 1453672926.5062 1867547511.7204 1682438619.1833 1211469169.0142 
1778397279.5613 2048090403.3012 1924850115.4044 1220737688.7247 2036440416.3405 1877870387.1836 2134585463.3950 1662235312.1021 1606697755.7637 1948392199.9245 1700505975.4205 
1309899433.0076 1161871738.3387 1122224176.2824 1958134230.2644 1868491530.3217 2050141772.4140 1080232669.1726 2062119077.2203 1384847194.1951 1609026490.3240 2131578315.3206 
1454919074.3740 1978398535.0764 1563459741.1336 1323405416.4458 1583397221.4341 1367103732.5245 1223094845.0977 1148559850.9616 1685378864.6231 2048274608.3049 1749325350.1826 
1537600960.7981 1772122901.4833 1395053203.0874 1286107758.8993 1861557824.2879 1296643445.9465 1785426760.1732 1795834974.5816 1684339205.9363 1092036354.2776 1239286384.3339 
1776618733.7675 1100659311.4993 1649527986.2024 1488040376.2010 1419479267.2754 1139227221.4299 1809955113.6986 1508466637.2819 1831742481.5229 1788524931.0587 1784797783.3188 
1273195599.1723 1933389723.7995 1538414274.3547 1683768932.2663 2133938164.7848 1204910653.6102 1515603966.9872 2049600112.0851 1457986808.2852 1718988295.3441 1293909708.6422 
1175296528.7097 1656207562.3471 1816120424.7833 1233921015.2782 1195011631.7344 1745617402.2280 2013333277.7214 2117083314.5614 1873884353.8210 1137539579.7703 1530591939.7303 
1515736969.3893 1596263344.7039 1210695653.5739 1739818905.4716 2077897835.4004 1228008495.0394 1476501367.7230 1085641778.6560 1631450224.6528 1998519386.1931 2070476796.5790 
1249450517.4796 1933842378.4621 2048424342.8723 1201585428.3444 2070560213.4796 1222979643.1078 1328369367.7274 1873288311.5538 1970571415.3813 1592317099.9025 1556932232.0116 
1117365933.1672 1875494720.6651 1239566210.4687 1117566631.3437 1598479545.9778 1592133144.7740 1484308896.0043 1149539580.3201 1581029649.6937 1112882903.7583 1264298187.0100 
1085824173.3757 1135595130.6185 1486316857.9711 1965917361.7955 1658762702.0400 1597565077.5773 1381577301.4209 1765973339.3788 1859920565.3916 1452384345.7778 1664431401.4463 
2013915497.8304 1968934246.4800 1401026644.9113 2034036566.8462 1778529820.2776 1296424490.1385 1811323963.4837 1370020253.8661 1839813471.4979 1085708536.5707 2060218660.0746 
2139194480.5243 1592362949.6089 1573223825.3856 1350472470.3883 1400241863.6003 1126325988.3588 1481090272.9225 2115291491.0294 1874028349.7976 2029478581.2280 2141328663.9430 
2046153618.7344 1174862994.5479 1292823793.6157 1481932526.9965 1531637077.0776 1676917381.7191 1493727752.0658 1117496956.0057 1681892601.5102 1211455520.7408 1289345291.9990 
1710934415.4858 1162547094.9872 1981686023.8684 1631330939.4259 1889368050.1579 1404087807.1997 1988140355.2612 1467443298.7872 1383909687.5420 1541638794.4240 1100992126.4598 
1110425554.8051 1796539507.7736 1208162116.0068 1913920199.8053 1415167188.3642 1637036045.6456 2082923329.4885 1079522127.7325 1939081304.5447 1486397217.3506 1418561138.4146 
2015140268.5600 1256660936.9022 1144887712.1588 1736821053.4315 1387996019.7956 1839425058.1825 2046331776.4255 1194748714.9608 1701282093.6291 1118401856.4035 1918673386.3128 
1713328022.8421 1884601736.3929 1757591719.2260 1310472861.2823 1197408842.3597 1245003688.5233 1824512079.5578 1602840769.7980 2147379842.9236 1404739715.9958 1275026798.1992 
1787100714.9949 1307029684.7274 1581815870.2701 1554325686.3227 1556454576.1763 1517370599.8014 1902522891.2745 1950158391.6629 1535895471.5901 1233614532.1340 1921521722.5124 
1321044078.2689 1202050494.0983 1398852444.4938 1980886848.7806 2108913674.1160 1999952744.9997 1796619160.5419 1881763469.7575 1118563193.4175 1729964665.3997 1147109885.9106 
1279536654.3972 1750774283.2569 1413020371.0220 1367533200.5928 1804629700.5005 1266364146.3778 1607712868.5307 1344381014.3066 1080671774.6287 1989601773.5893 2019435725.2389 
2001999224.7142 1553760949.3322 2080735635.2448 1088835828.6195 1142293564.6951 1899456165.2802 1188056946.9518 1998736025.5338 1599435796.3358 1754656418.4093 1308165553.3074 
1861228180.4201 2064079657.5813 1218302584.8842 1619702795.8944 1296230198.0994 1296069810.4832 1259571581.6940 1800664721.5493 1120992166.7110 1304007772.5131 1181928245.7471 
1410903584.5209 1551827424.6977 2003317515.0402 1589194748.6827 1246950261.7862 1765774324.7377 2016389620.9798 1395090170.3090 1550641629.4350 1107258230.4252 2099202288.7668 
1638154113.1579 1279645816.9908 1737455973.0988 1187590623.5780 1651382306.5607 1954212970.1477 1080076684.3982 1156131133.6557 1297169561.5172 1933985031.9291 1674463432.1405 
1301646015.6814 1628794596.6793 2141861642.5427 1785850160.1633 2009509203.5943 1611016358.1614 1778138726.0649 1928890728.1667 1716792730.8100 1942330248.5628 1287886000.0932 
1620879651.4810 1230590470.2487 1146454274.1231 1952576877.3930 1104455727.6162 2141903511.3732 1334627064.0708 1994580835.6418 1595324217.8119 1879925587.8472 1262126472.6673 
2112732724.8355 1904555192.8002 1830221513.4567 1216099130.1220 1411454862.9554 1454204712.9213 1910442199.9223 1571585748.2898 1295951740.5173 1975443709.4366 1111158828.0868 
1097091194.3610 1181342126.8410 1847167712.8400 1430123426.9485 1704105538.7611 1569897155.4213 1750586841.7252 1111693545.7744 1219994783.1604 1722329286.2337 1436387141.9227 
1095635744.7166 2023189911.2342 1621289115.7413 1347957211.0627 2106256992.5725 1982105289.6909 1108450321.7202 1195485912.7549 1474386629.1873 2106144912.5557 1433863266.8032 
1093877540.4621 1312301179.8117 1136229677.6118 1290579911.7550 2106065642.5164 1432862305.6819 1746803683.2363 1538430719.0634 1982110276.6729 2136986477.2172 1814407670.5351 
1365857568.9965 2102586580.1639 2107039383.0813 1801360666.1459 1121422526.1581 1382898588.4547 2129933849.5587 1767275411.7947 1294385133.5554 1933203562.6365 1095649273.9853 
1109941971.4895 1788008562.9809 1989693685.4683 1807229582.7606 1896612211.8124 1503797137.9880 1680996158.8372 1074773490.0976 1351865441.3332 2096644127.1508 1841256664.8259 
2118331621.3274 1822204596.0425 2084377789.1873 1907535591.8868 2028314219.4669 2063355552.7577 1926793072.8769 1933715523.0950 1421608664.7957 1648669587.0698 1690324089.1712 
1817637860.2933 1468683754.8729 1178390807.0589 1621890902.5321 1843839771.7343 1433965367.9064 1535134104.1722 2099234927.9814 1268005454.0686 1517975518.2926 1132643307.2918 
1842414702.7006 1455482536.2733 1934190072.9451 1974292228.0244 1477094819.4156 1866142860.5275 1283751651.3187 1498251855.5098 1262926174.0485 2040759321.0272 1257033854.9067 
1808199827.1951 1500375864.0369 2079157402.4319 1565588894.7116 1628363730.3933 1655682108.7178 1835099702.6886 1626707289.1829 1472438071.0832 2085982893.7868 1683485708.2403 
1793542549.7512 1795546209.0985 1522929920.5260 1447079952.8596 1542254184.8184 1326938151.9865 2042453725.0101 1588564385.4765 2061885550.1117 1116300693.1173 1202383952.7012 
1311442198.0222 2011684043.7044 1918461463.9689 2106515592.5497 1277760337.0589 2019231217.1048 1937622856.0537 1293530167.2566 1210408647.7720 1592383579.5881 1840734560.7962 
1247869096.4305 1675149724.8444 1081462893.3475 1941603666.2362 1169874188.2968 1278402675.0580 1417421054.5715 1740998060.3820 1950289965.5100 1434828768.5257 1088568538.5136 
1569295603.5009 1205632363.5097 1809982753.4097 1806312704.2756 1531784753.2968 1621945730.8237 1744729780.0711 1153575082.9739 1737573085.4228 1658348924.9330 2002656697.7162 
1648645048.5662 1174897194.9991 1632391188.6996 1619021114.2040 1560954553.5108 1704296198.1940 1417250757.7713 1760953731.0678 1431637944.7075 1236070320.1784 1894543796.2072 
1792419079.5686 1098442743.1566 1752630991.9508 2120222419.2119 1578992457.1141 1552103767.7235 2104225295.7969 2133380251.9310 1973717705.9598 1792518102.2130 1670522295.9644 
1563681326.5806 2110575421.4131 2053282370.5549 1755330342.8808 1389996468.6580 1991862712.9807 1978538007.3958 1357638031.5334 1496330878.7701 1121935507.8829 1279536686.3732 
1126305839.1755 1792704546.0550 1381908375.6547 1211217561.9533 2147203248.9356 1868253973.5454 1572674711.6101 2047911696.2403 1444875277.5588 1244090190.7861 1952020398.5272 
2142102387.2274 1783783492.0455 2002389961.9132 2083104051.8833 1663957245.6912 1228568020.3880 2006241988.0954 2039961036.4905 1090734926.0042 1182772177.0958 2091839404.7600 
1690306379.5818 1885371381.7178 1544895161.5514 1913452389.7020 1933913019.6860 1964441027.3469 1210109230.0679 2061715593.1818 1614818732.7514 1630868544.1865 2070726352.7079 
1344493539.5212 1702606253.0886 1143696552.7904 1766980915.6372 1469993667.4141 1163167478.2965 1709794227.4706 1575750049.4485 1172906028.4941 1337681764.3415 2095963160.6435 
1138579413.3420 1312895438.6656 2099752496.1600 1804733950.1192 1800325284.6910 1708489881.6016 1098913132.7961 1740595999.6210 1489357017.9341 1798416489.4329 1197200591.1865 
1511466460.6416 1075849478.7966 1668313227.5490 1597296442.3229 1983974954.3795 1320339726.5502 1407877749.2774 1103099825.0985 1249006031.9298 1634200314.2044 1332854744.0964 
1881447324.6656 2020932783.2836 1353549425.8268 1229914091.0231 1225105045.4028 1851848476.8491 1093784880.2687 1760160300.0036 1090651427.1802 1809830375.5263 1881299227.1529 
1124187564.7894 1486881246.1918 1642022163.9109 1939344350.3779 1462817647.3874 1595947444.5374 1667520345.0270 1575161417.5969 1633452377.8162 1519940209.4170 1506936134.0168 
1876052627.5858 1997133135.5406 1373441489.5805 1303773376.2745 1329267946.0498 1934197399.1431 1213730693.3734 1629279407.6220 2070151744.7702 2063107349.1934 1627435157.1556 

1,-1 -1,-1 1,-1 1,1 -1,1 1,-1 -1,1 1,1 1,-1 1,1 -1,1 
1,1 1,-1 1,1 -1,-1 1,1 -1,-1 1,-1 -1,1 -1,-1 1,-1 1,1 
-1,-1 1,1 -1,-1 1,-1 1,-1 1,1 -1,-1 1,-1 -1,1 -1,1 -1,-1 
-1,1 -1,1 -1,1 -1,1 -1,-1 -1,1 1,1 -1,-1 1,1 -1,-1 1,-1 

1,1 -1,-1 -1,1 1,-1 1,1 -1,1 -1,-1 -1,1 -1,-1 1,1 -1,1 
-1,-1 1,1 -1,-1 -1,1 -1,-1 1,-1 -1,1 -1,-1 -1,1 1,-1 1,1 
1,-1 1,-1 1,-1 -1,-1 1,-1 1,1 1,-1 1,1 1,-1 -1,-1 1,-1 
-1,1 -1,1 1,1 1,1 -1,1 -1,-1 1,1 1,-1 1,1 -1,1 -1,-1 

1,1 1,-1 -1,-1 1,1 -1,-1 -1,1 1,-1 -1,-1 1,1 -1,1 1,-1 
1,-1 -1,-1 -1,1 -1,-1 1,1 1,-1 -1,-1 1,-1 -1,1 1,-1 -1,1 
-1,1 1,1 1,-1 1,-1 -1,1 1,1 -1,1 1,1 1,-1 -1,-1 -1,-1 
-1,-1 -1,1 1,1 -1,1 1,-1 -1,-1 1,1 -1,1 -1,-1 1,1 1,1 

-1,1 1,-1 -1,1 1,1 -1,1 -1,-1 1,-1 -1,-1 -1,1 1,-1 1,1 
-1,-1 -1,1 1,1 -1,1 1,1 -1,1 -1,-1 1,1 1,-1 1,1 -1,-1 
1,1 -1,-1 -1,-1 -1,-1 -1,-1 1,1 -1,1 1,-1 -1,-1 -1,-1 1,-1 
1,-1 1,1 1,-1 1,-1 1,-1 1,-1 1,1 -1,1 1,1 -1,1 -1,1 

-1,1 1,1 -1,-1 1,1 -1,-1 -1,1 -1,-1 -1,1 1,1 -1,1 1,-1 
1,1 1,-1 1,1 -1,-1 -1,1 -1,-1 1,-1 1,1 -1,1 1,-1 1,1 
1,-1 -1,1 1,-1 1,-1 1,1 1,-1 1,1 -1,-1 -1,-1 1,1 -1,-1 
-1,-1 -1,-1 -1,1 -1,1 1,-1 1,1 -1,1 1,-1 1,-1 -1,-1 -1,1 

1,1 -1,-1 1,1 -1,-1 -1,1 1,-1 -1,-1 1,1 1,-1 -1,1 1,1 
-1,-1 -1,1 -1,-1 -1,1 1,-1 1,1 1,-1 -1,-1 -1,1 -1,-1 1,-1 
1,-1 1,-1 -1,1 1,-1 -1,-1 -1,1 1,1 -1,1 1,1 1,-1 -1,1 
-1,1 1,1 1,-1 1,1 1,1 -1,-1 -1,1 1,-1 -1,-1 1,1 -1,-1 

-1,-1 -1,1 -1,-1 1,1 -1,1 1,-1 -1,-1 1,-1 1,1 -1,-1 1,-1 
-1,1 -1,-1 1,-1 -1,-1 1,1 -1,1 1,-1 1,1 -1,-1 1,-1 -1,1 
1,1 1,1 1,1 -1,1 1,-1 -1,-1 1,1 -1,-1 -1,1 -1,1 -1,-1 
1,-1 1,-1 -1,1 1,-1 -1,-1 1,1 -1,1 -1,1 1,-1 1,1 1,1 

-1,-1 1,1 -1,-1 1,-1 1,1 -1,1 1,1 1,-1 1,1 1,-1 1,1 
1,-1 -1,-1 1,-1 1,1 -1,-1 1,1 1,-1 -1,-1 -1,1 1,1 1,-1 
1,1 -1,1 -1,1 -1,-1 1,-1 1,-1 -1,-1 -1,1 1,-1 -1,-1 -1,-1 
-1,1 1,-1 1,1 -1,1 -1,1 -1,-1 -1,1 1,1 -1,-1 -1,1 -1,1 

1,-1 -1,-1 -1,1 1,1 -1,1 -1,-1 1,-1 1,1 -1,-1 1,-1 -1,-1 
1,1 1,-1 -1,-1 -1,1 1,1 1,-1 1,1 -1,-1 1,-1 -1,1 1,-1 
-1,-1 -1,1 1,-1 1,-1 1,-1 -1,1 -1,-1 -1,1 1,1 -1,-1 1,1 
-1,1 1,1 1,1 -1,-1 -1,-1 1,1 -1,1 1,-1 -1,1 1,1 -1,1 

-1,1 1,-1 1,1 -1,-1 -1,1 1,-1 -1,1 -1,-1 1,-1 -1,1 -1,-1 
-1,-1 -1,1 1,-1 1,1 1,-1 -1,1 -1,-1 1,1 -1,-1 1,-1 1,1 
1,-1 1,1 -1,-1 -1,1 1,1 1,1 1,-1 -1,1 1,1 -1,-1 1,-1 
1,1 -1,-1 -1,1 1,-1 -1,-1 -1,-1 1,1 1,-1 -1,1 1,1 -1,1 

-1,1 -1,-1 1,1 -1,1 1,1 -1,1 1,1 -1,-1 1,-1 -1,-1 1,-1 
-1,-1 1,-1 -1,1 1,1 -1,1 1,1 -1,1 1,1 -1,-1 1,-1 -1,-1 
1,-1 -1,1 -1,-1 -1,-1 -1,-1 -1,-1 1,-1 -1,1 1,1 1,1 -1,1 
1,1 1,1 1,-1 1,-1 1,-1 1,-1 -1,-1 1,-1 -1,1 -1,1 1,1 

-1,-1 1,1 -1,-1 1,-1 -1,1 1,1 -1,1 1,1 1,-1 1,1 -1,1 
1,1 -1,-1 1,1 -1,1 1,-1 -1,-1 1,1 1,-1 1,1 1,-1 1,1 
-1,1 1,-1 1,-1 1,1 1,1 1,-1 -1,-1 -1,-1 -1,1 -1,1 -1,-1 
1,-1 -1,1 -1,1 -1,-1 -1,-1 -1,1 1,-1 -1,1 -1,-1 -1,-1 1,-1 

1,1 1,-1 1,1 1,-1 1,1 -1,-1 -1,1 -1,-1 1,1 -1,-1 -1,1 
-1,-1 -1,1 1,-1 1,1 -1,-1 1,-1 -1,-1 -1,1 -1,-1 -1,1 1,-1 
-1,1 1,1 -1,1 -1,-1 1,-1 1,1 1,-1 1,-1 -1,1 1,-1 1,1 
1,-1 -1,-1 -1,-1 -1,1 -1,1 -1,1 1,1 1,1 1,-1 1,1 -1,-1 

1,1 -1,1 1,-1 1,1 1,-1 -1,1 1,1 1,-1 -1,-1 1,-1 -1,1 
-1,1 1,-1 -1,-1 1,-1 1,1 1,-1 -1,1 1,1 1,-1 -1,-1 1,-1 
-1,-1 -1,-1 -1,1 -1,1 -1,-1 -1,-1 1,-1 -1,1 -1,1 1,1 1,1 
1,-1 1,1 1,1 -1,-1 -1,1 1,1 -1,-1 -1,-1 1,1 -1,1 -1,-1 

-1,-1 -1,1 1,1 1,-1 -1,-1 -1,1 -1,-1 1,-1 -1,-1 1,1 -1,1 
-1,1 -1,-1 1,-1 -1,-1 1,1 -1,-1 -1,1 -1,-1 1,1 -1,1 -1,-1 
1,1 1,-1 -1,1 1,1 1,-1 1,-1 1,1 1,1 -1,1 1,-1 1,-1 
1,-1 1,1 -1,-1 -1,1 -1,1 1,1 1,-1 -1,1 1,-1 -1,-1 1,1 

-1,-1 -1,1 1,1 -1,-1 1,1 -1,-1 -1,1 -1,-1 1,1 -1,-1 1,1 
-1,1 -1,-1 -1,1 1,-1 -1,-1 -1,1 1,1 -1,1 -1,-1 1,-1 -1,1 
1,-1 1,-1 -1,-1 -1,1 1,-1 1,-1 1,-1 1,1 1,-1 -1,1 -1,-1 
1,1 1,1 1,-1 1,1 -1,1 1,1 -1,-1 1,-1 -1,1 1,1 1,-1 

-1,1 -1,-1 1,1 1,-1 -1,-1 1,1 -1,1 1,-1 -1,-1 1,1 -1,1 
-1,-1 1,-1 -1,-1 1,1 1,-1 -1,-1 1,1 -1,1 1,-1 -1,-1 1,1 
1,1 1,1 -1,1 -1,-1 1,1 1,-1 -1,-1 1,1 -1,1 1,-1 1,-1 
1,-1 -1,1 1,-1 -1,1 -1,1 -1,1 1,-1 -1,-1 1,1 -1,1 -1,-1 

1,1 1,-1 -1,-1 -1,1 1,-1 1,1 -1,-1 -1,1 1,1 -1,1 -1,-1 
-1,1 1,1 -1,1 1,-1 -1,1 1,-1 1,1 -1,-1 -1,1 1,-1 -1,1 
-1,-1 -1,-1 1,1 -1,-1 -1,-1 -1,-1 1,-1 1,-1 -1,-1 1,1 1,1 
1,-1 -1,1 1,-1 1,1 1,1 -1,1 -1,1 1,1 1,-1 -1,-1 1,-1 

1,1 -1,-1 -1,1 -1,-1 1,-1 -1,-1 1,-1 -1,1 -1,1 -1,1 -1,-1 
-1,-1 1,-1 1,1 -1,1 -1,-1 -1,1 1,1 -1,-1 1,-1 1,-1 1,-1 
1,-1 1,1 -1,-1 1,1 1,1 1,1 -1,-1 1,-1 1,1 1,1 1,1 
-1,1 -1,1 1,-1 1,-1 -1,1 1,-1 -1,1 1,1 -1,-1 -1,-1 -1,1 

-1,1 -1,1 1,1 1,1 -1,-1 -1,-1 1,1 1,1 1,1 1,1 -1,-1 
1,1 -1,-1 1,-1 1,-1 1,-1 1,-1 1,-1 -1,-1 1,-1 1,-1 1,-1 
1,-1 1,-1 -1,-1 -1,-1 -1,1 1,1 -1,-1 1,-1 -1,1 -1,-1 1,1 
-1,-1 1,1 -1,1 -1,1 1,1 -1,1 -1,1 -1,1 -1,-1 -1,1 -1,1 

1,1 -1,-1 1,1 1,1 1,1 1,1 1,1 -1,1 -1,1 1,-1 1,1 
1,-1 1,-1 1,-1 1,-1 1,-1 -1,-1 1,-1 1,-1 1,1 -1,-1 -1,-1 
-1,-1 1,1 -1,-1 -1,1 -1,-1 1,-1 -1,-1 1,1 1,-1 -1,1 -1,1 
-1,1 -1,1 -1,1 -1,-1 -1,1 -1,1 -1,1 -1,-1 -1,-1 1,1 1,-1 

1,1 -1,1 -1,1 -1,1 -1,-1 -1,1 -1,1 1,1 1,1 1,1 1,1 
1,-1 1,-1 -1,-1 1,1 1,-1 1,-1 -1,-1 -1,-1 -1,1 -1,1 1,-1 
-1,-1 -1,-1 1,1 1,-1 1,1 -1,-1 1,-1 1,-1 1,-1 -1,-1 -1,1 
-1,1 1,1 1,-1 -1,-1 -1,1 1,1 1,1 -1,1 -1,-1 1,-1 -1,-1 

1,1 -1,-1 1,-1 -1,-1 1,1 1,-1 1,-1 1,-1 1,-1 -1,1 -1,-1 
1,-1 -1,1 1,1 -1,1 -1,1 -1,-1 1,1 -1,1 1,1 1,1 1,1 
-1,1 1,-1 -1,-1 1,-1 1,-1 1,1 -1,1 -1,-1 -1,-1 1,-1 -1,1 
-1,-1 1,1 -1,1 1,1 -1,-1 -1,1 -1,-1 1,1 -1,1 -1,-1 1,-1 

-1,-1 -1,1 -1,1 1,-1 1,-1 1,1 -1,1 1,1 1,1 1,1 -1,1 
1,1 1,1 -1,-1 -1,-1 -1,1 -1,-1 -1,-1 -1,-1 1,-1 -1,-1 -1,-1 
-1,1 -1,-1 1,1 1,1 -1,-1 -1,1 1,1 -1,1 -1,1 -1,1 1,1 
1,-1 1,-1 1,-1 -1,1 1,1 1,-1 1,-1 1,-1 -1,-1 1,-1 1,-1 

1,-1 1,-1 1,-1 1,-1 -1,1 1,-1 -1,-1 1,-1 -1,1 -1,-1 -1,-1 
-1,-1 -1,-1 -1,-1 1,1 1,1 1,1 -1,1 1,1 1,1 1,-1 1,1 
1,1 -1,1 -1,1 -1,-1 -1,-1 -1,-1 1,-1 -1,-1 -1,-1 -1,1 1,-1 
-1,1 1,1 1,1 -1,1 1,-1 -1,1 1,1 -1,1 1,-1 1,1 -1,1 


2 4 10 1 
3 8 2 7 
8 7 1 9 
3 6 8 5 
6 10 5 3 
8 3 4 9 
0 2 8 1 
1 3 0 2 
3 0 7 8 
5 7 10 3 
7 6 10 1 
6 7 2 0 
7 4 9 5 
4 8 0 7 
3 10 2 4 
6 4 2 3 
4 8 1 10 
0 4 5 7 
4 7 3 0 
6 0 4 2 
10 0 9 3 
9 1 10 2 
4 1 6 7 
9 2 4 0 
8 2 10 5 


