1704780239.7289 1950426925.0561 1112051655.2970 2146726438.3262 1656655028.1167 1145910685.1612 1963917834.1492 1820508089.0416 1486627007.3531 1565314626.8497 1400561993.5346 
1538896835.7485 1839145921.1877 1909818562.6137 1792018215.1142 1464212646.3599 1632783306.4895 1122184081.8102 2083017477.5670 1121780532.0087 1923233581.7598 1635592391.9594 
1966950548.5819 1943773023.8916 1283713762.8810 1993276767.6743 1122215783.1652 1965315661.2054 1974669063.1251 1568137238.9497 1699634221.9040 1251496331.1306 1467287445.5389 
1257432613.7044 1543763374.0697 1216812808.6955 1963581986.0551 1384413632.0070 2067507962.8578 1554985409.5289 1706727038.4795 2097852609.4298 1947107915.8825 1965274263.6158 
1254006500.1300 1635060772.8407 1994019833.4464 1676447790.9968 1576466136.4676 1173116643.5987 1116531035.7839 1724148106.4899 1564872277.7771 1166384610.8546 1695220318.1355 
2103043648.8788 1633562005.2175 1861110217.5927 1866290545.9739 1764811219.4226 1442542222.4077 1471044091.2381 1987379440.7851 1445332671.3114 1307013740.9244 2143395397.1684 
1086811221.0160 1373345485.0650 1905966896.0840 1379540012.5855 1789878261.9565 2142065144.7432 1147967438.1619 1406381303.7269 1895206053.1244 1407938607.8936 1657684481.5913 
1224049542.7908 1928664864.1599 1392563141.2403 1827661583.9155 1292909377.1585 1405249216.0949 1281595829.1928 1233511636.8910 1748196189.0457 1739107039.6486 1619784964.4024 
1860470878.7679 1496569518.1259 1362439913.4745 1361478533.7258 1793627240.1042 1656556438.6319 1694025519.9001 1776697488.7239 1655795033.6327 1630500489.3819 1768757868.5462 
1399672949.2557 1652518376.3964 2102833683.6774 1995010389.9109 1914906170.9714 1296010419.9698 2129288035.5392 1885146728.8501 1989529863.2073 2130859483.7799 1442984145.7370 
1629849631.8447 2078110638.7404 1661154066.1083 1161570252.8869 1689530866.4512 1175702842.4874 1826036385.6852 1258584875.4072 1391447785.4459 2052152405.3954 1406260984.2122 
1764423243.0610 1290797748.2300 1529223292.6840 1947104629.5795 1323303928.4922 1568272335.6258 1400199361.1824 1803125743.6565 1959480746.7528 1443522292.4643 1986494869.3886 
1417854353.3629 1079711922.1573 1184738455.8276 2071507795.6299 1953906364.2046 1563107124.4485 1408785761.2656 1940806251.4851 1943906132.2768 1781724155.8865 1997056481.7911 
1593317344.6853 1588932447.3697 1119955305.6151 1513275949.0931 1322725263.6882 1967326626.4686 1875674826.2715 1765423351.3680 1419632121.1772 1304731285.2803 1825556640.5090 
2125797306.4602 1160508220.3555 1891424056.3274 1505917128.3856 1241804895.5200 1489616636.2110 1964808145.1197 1905762181.5889 2039825018.5983 1075986744.4259 1883616428.3238 
1253019462.0447 2074579262.0251 1760129964.5626 1596228741.9136 2065215651.0989 1373640844.4196 1767104314.2662 1752428738.1430 1093651761.1729 1376147638.6042 2063651534.6615 
1535113939.8286 1253708311.0361 1374122992.7639 1083082778.9026 1202257659.2255 1595668404.2985 1946323072.1028 1656471622.6858 1674614091.2182 2056752508.0637 1135357518.4620 
1437600830.5660 1956314543.5169 1788338894.5055 1076721107.7033 1992028004.6722 2146705017.3460 1289521621.6071 1694644442.8506 1266564751.5927 1904045124.8767 1365242752.0317 
1741180507.5155 1251999914.7876 1092560757.6312 2047780767.1911 1206367590.3120 2096377906.9306 1721580906.1309 1973493026.0658 1985276220.6341 1645524382.0373 2100586179.4378 
1413532349.7795 1409337955.6387 1818732160.6931 2116289805.0404 1907169084.1417 1702633773.7952 1112984517.4772 1296586646.3354 1182847921.1675 1585020400.3808 1099571156.9790 
1786777890.3140 2121595093.4594 1582861433.8608 1790877940.7259 1206864302.6960 2018194603.7453 1192554808.2468 1468488605.7419 1106262747.9644 1957070590.3434 1251709093.9228 
1197603666.9529 1854472644.1156 1357706944.5521 1847646984.6366 2102350357.3255 1568174439.7307 1350145675.8696 1774532475.3913 1468770479.0143 1142181930.2039 1566144222.5961 
1879219816.9732 1141275562.0311 1120041776.0871 1810293626.0465 1765606156.1707 1989491628.1386 1384974731.2860 1469196131.1920 1834957396.1804 1235331839.7046 1697926937.2445 
1408560897.9150 1980201330.7619 2062845152.7080 1095570287.6082 1875016788.0839 1918317643.8603 1538096534.8947 1144673837.7775 1567878030.1003 1242740093.4498 1224178879.7830 
1290658365.5780 1246776023.3301 1879807031.4802 1992743369.4198 1136990495.5043 1829878797.7117 1132707230.3621 1391510729.7810 2083370124.9171 1994464893.5814 2123105057.3960 
1206484446.8278 1120432813.9363 1182865547.5226 1552923704.4888 1458684717.1128 1517522565.6185 1411850718.5068 1361635942.4332 1217444121.7995 1997181572.5273 2008762266.0513 
1596775994.3024 1814831552.1487 1226152606.6838 1685749072.3930 1566602639.7537 1145268372.8773 1178912256.8911 1363392398.8724 2082836411.3521 2008869896.4178 1549331086.1005 
1262979765.3134 1627096577.5614 1790780125.9264 1488727493.6930 1239400870.4854 1207993750.6339 1141468776.2682 1137151181.6152 1500872420.6628 1958250018.7055 2004174733.8543 
1858586700.1425 2058940074.9033 1476433944.4003 1789393695.2837 1485754895.3395 1171266166.6573 1864736239.4982 1680830550.6798 1697503346.8815 2144184733.7849 1252834617.3483 
1995808639.5051 1858247796.6660 1808148392.5174 1186557327.3421 1715082725.5331 1209646088.4973 1828697922.8401 1807932865.7490 1446196178.8971 1161766385.0473 1194458781.0251 
1106284166.3058 1618015874.1953 1461841662.5511 1793170393.0827 1347533882.7686 1829706045.0018 2104411162.4150 2065304830.8223 1318187906.5659 1100181507.1499 2119126917.4003 
1772295159.2203 1258279895.3082 1617732641.2697 1800394278.1498 2109247614.0148 1417925682.5712 2065171690.1333 1303408333.0101 1297987613.6638 1398544544.3328 2013165071.9009 
1302277519.4861 1928075567.4004 1911888018.1119 2004899794.0088 1545998933.0259 1187013356.1640 1813843651.1941 1770162768.4588 1267736566.6281 1803570773.9542 1589310931.3910 
2082473750.9737 2021222221.0910 1427260904.1607 1824517221.9701 1459121556.7044 1306217833.8406 1399619454.2466 1407755236.7497 2126869942.0931 1518972060.5842 1124570188.5836 
1518342935.7156 1745266902.2379 2024620065.4888 1319853269.6534 1455537368.5146 2032476877.9658 1831181110.1200 1648000878.0344 1543134867.3006 1387296173.4353 1279684011.1839 
1639273750.8063 1580877953.0340 1494965213.4269 2080906062.5878 1424678154.2661 1347074134.3119 1183759845.8021 1653060333.0812 1727128640.5691 1242417952.3036 1837048749.3326 
1264570837.5996 1823927464.1970 1538879663.1630 1124749217.3880 1546055329.1426 1627462515.0156 1884366917.3775 1603243500.7444 1814426859.7655 1675923226.9354 1601592700.3856 
1499958732.5528 1961314578.0575 1742746790.5952 2114056207.8488 1961388524.2112 1084074974.5605 1776160847.0252 1222637435.0293 1793503810.4824 1348560861.3790 1787530726.0000 
1727543986.9844 1800598357.0741 1250826392.8125 1117863817.4703 2004583983.1819 1373317020.8935 1709253727.6780 1342270285.5009 1888061981.3613 1701184733.2546 2009988721.4718 
2120173639.3885 1765167212.9057 1652100858.8890 1397468918.7529 2088521816.5529 1287674003.2422 1511993441.2204 1826104201.6197 2045939820.1712 2072944249.7111 1915100053.9107 
1169262845.8691 2050964397.9929 1807671637.2882 1619949173.0144 1191858719.4304 1452574058.7793 1510675876.7879 1783012887.2678 1763024625.6592 1319489352.3106 1805045278.9920 
1860551085.6836 1895152587.1248 1838764925.3764 1254057587.5212 1499236220.1140 1540073227.5106 1842730748.8979 1579092530.8619 1437947284.4004 1511470505.3141 1085693855.3374 
1690772823.1157 1770016627.7609 1271756362.9881 2105068117.6954 2008135568.4106 1805114438.5916 2048797542.4002 1924785197.9387 2070364288.5079 1134627978.4921 1270178784.2005 
1704536187.9757 1820993971.0255 1150714560.8429 1229017032.5617 2103586862.2002 1853205576.1735 1739643385.4913 2050893467.5016 1719448952.6509 2085561431.9848 1439751680.7147 
2067184247.4535 2080928281.9853 1862514952.3477 1296836488.4375 1535175394.9510 1727312706.4582 1531281046.0132 1611955143.3722 1139137748.3171 1637042879.8373 1930976342.4004 
1970731202.3693 1653636416.7102 1188917212.5765 1829269232.6088 1352613027.7962 1827469273.2510 1082871074.4578 1971765572.2852 2031921573.1578 1634804809.0911 1193791440.6979 
1261891989.7279 1448283502.3815 2055826646.7161 1621039047.1682 1439495249.1908 1138783613.0819 1347982818.2965 1792530840.4807 1731393509.1207 1102789332.5520 1256124850.0064 
1792928902.0667 2008966402.9946 2089533687.3589 1733185205.5764 1594273088.5322 1485404627.7533 1359797114.0915 1359898274.0408 2138680132.5578 1166611729.1869 2049848023.7432 
1952692425.6861 2024318251.3773 1294599858.7678 1970415020.3516 1909335828.9737 1369280455.4425 1929231185.7912 1773715547.5275 1678811086.3163 1926073678.7893 1802005284.8421 
1674303057.2181 1574862929.1807 1596781578.9459 1971120870.8380 1938390741.5251 1208097274.6868 1824325053.7144 1773358767.4931 1567026576.4199 1509316577.0343 1246884764.6301 
1988513675.9325 1077905645.3462 1869025801.3283 1675640032.2466 2078024167.1129 1081661140.3918 1881229350.2315 1197154592.3105 1282293883.0681 1188767719.3125 1875305083.4816 
1386604189.1214 2116001428.5471 2106965663.0708 1874929345.1375 1792027131.0583 2088956623.0115 1256063627.6157 1637806290.4431 1562930434.0324 1598221701.5592 1099401640.2971 
1087849763.8363 1552322515.3597 1164297144.1335 1209388742.8457 1489699166.5103 1705873907.5245 1099838858.8234 1634223877.2670 1171583054.1306 1179345825.3400 1667258222.5487 
1545370328.0177 1592209730.1217 1242231307.3782 2115216641.6309 1793124863.1365 1529008796.0813 1098473958.1105 1649673944.5992 1613132789.9598 1173120692.0654 2115038784.7455 
1972685034.9117 1235848268.1125 1261676798.8799 1989087926.2010 1238625926.9902 1521685441.3611 1273521369.4582 1140994656.6111 1930978082.1439 1562671674.5028 1271179201.2294 
2003897173.5841 1582684406.2132 1134197811.2289 1880682226.4024 1379623813.6984 1785978830.1087 1797834933.9042 1145333507.0867 1496872575.1970 1249613921.7413 1647158980.9740 
2038721765.1731 2095716763.7411 1103392653.8809 1277342682.2480 1269462985.1378 1311581073.5076 1745604970.5435 1416800554.0686 1175540428.4991 1657837983.7575 1897404964.6193 
1311371791.5132 1764120191.9228 2024733411.0417 1784495676.4733 1302052265.3347 2115056108.3116 1317429572.9370 1075990392.1924 1561174220.0521 1587342415.3042 1565865564.5862 
1756881112.6783 1080154903.0063 1702130505.7764 1629318538.5193 1437047430.4869 1930634014.6619 1824832293.5542 2121012416.2867 1488840528.7130 2042307990.1178 1245922536.5168 
1252336046.2162 1079751543.2499 1525552744.4551 1377606305.3221 1700334727.2392 1131349179.5011 1338412875.6029 1502886456.3131 1474876823.5179 1247774106.0927 2018178855.4205 
1284708316.7094 1850144702.8248 1816507972.1074 1395372099.4617 1157809778.2756 1693613707.5242 1979893019.6902 1961912975.2010 1351499978.9141 1819835048.5327 2004813156.5682 
1320254907.6376 1614782397.3063 1649549341.4196 1465418348.3470 1362715315.6742 1941149233.4211 2145024245.1484 1222406388.3903 2125143532.4830 1332013530.8985 1242834483.9872 
2120950286.8569 1752962890.9727 1605571367.3302 1622232600.8052 1197732687.8068 1074858811.8993 1354852714.0038 1489402122.4647 1682807358.6782 1594217363.7565 1607286612.9307 
1835246913.9277 1358484944.5852 1631127768.5239 1678515346.8715 2098523990.1353 1886422921.0805 1931388898.6411 1334485897.0055 1361204571.4471 2103905817.7490 1211078110.0717 
1701316621.4290 1485578853.5157 2009791089.5604 1956650683.1895 1887848025.2289 1991591409.8506 1629989601.4478 1602308803.3928 1724806038.3667 1393135024.7664 1378119323.4726 
1169901178.2603 1718426335.1790 1346684261.2932 1114875569.6866 2076365028.3617 1136889985.9582 1191394595.3304 1786756532.9581 1438028998.1557 1324749886.7797 1960911396.8080 
1522135271.2343 1581127873.2652 1331783815.7309 1739392400.1518 2025645260.5137 2141728404.9424 2147021220.9569 1738330945.9998 1215733376.4521 1612468735.2801 1688223601.3480 
1719838742.7630 1257578333.7643 1944243782.0831 1210851147.4975 1389412996.3622 1742059964.1816 1957549277.8277 1240889602.6592 1380193691.9456 1909245133.1836 1474005861.8302 
1430231299.4462 1296194184.2254 2077467612.4291 2126025345.5087 1829318967.7631 1562340993.8808 1169558191.5468 1178673800.4920 1276251032.4250 1856957630.1413 1490865392.1246 
1110475815.0973 2129401555.9769 1175854381.0780 1910021320.9494 1587185267.5103 1921140474.6872 1280984905.7478 1319097906.6894 1931709255.0463 1303191232.4836 1470699468.1255 
2100845470.6937 1693552028.0696 1582600434.8374 1294449346.2209 1795743214.0110 1741872631.2717 1166274087.1246 1659297552.7370 1849950585.9983 1342298513.1465 1851371818.0480 
1801255042.6970 1302246993.9999 1376704922.6480 1859055562.3325 1277671081.8452 1148897501.0957 1255743480.8656 1933102952.7125 2133173606.1642 1561401406.4585 1822934229.3017 
1819690029.1511 1909749149.3447 1936998311.7060 1933207607.9645 1387968899.7892 2117345226.2291 1357198196.3896 1661584148.9817 1377970211.4544 1464824548.3679 1206312968.8813 
1470826523.9205 1381890103.0185 1159175773.7618 1750916126.7683 2014858000.6926 1453405667.8763 1670081106.4448 1368298991.9458 1847770150.5340 2066303644.2559 1787536637.8201 
2052680532.8335 1885595612.2919 1222285415.5059 2080379142.9945 1799286268.9911 1995210388.2369 1473712220.1257 1530267441.2412 1913137891.2198 2069066312.8505 1366335205.5495 
1563023675.8995 1127220879.8502 1585325092.5233 1266030800.0186 1261333922.5992 1524337524.0847 1556542733.4780 1608763705.0765 1793012051.9487 1723531690.3796 1570850747.9584 
1639432899.5848 1811614756.4944 1945604961.6780 1298244757.2319 1727097272.6513 1217572467.0350 1390343999.4666 1903925797.6187 1203291016.4470 1583088998.8742 1569169151.3005 
1673450565.9557 1904886390.8161 1942658260.6535 1229827526.1062 1077721925.5880 1747330547.7771 1733811262.3688 1922905832.2380 1755217907.0058 1212297211.1125 1377182144.1682 
1130123084.3885 1715611086.8584 1216195925.1385 1982625839.2449 2031544087.6539 1403464733.9213 1678319180.0963 1438134571.9850 1261281924.0469 2023247878.1424 1301239523.3969 
1502999531.8808 1906871468.8052 1447473571.2283 1845249818.6812 1214468944.7375 1563573655.3386 1313953354.3285 1950891648.3010 1403077043.2051 1642621533.5288 1377370375.5454 
1248597331.4720 1505817286.3862 1250730288.2469 1389819847.4714 1270996187.4270 1452510918.1382 1807646551.0703 2000650235.1726 1349624684.5844 1625172001.6747 1854875163.4237 
1410780914.7518 2109160587.2567 1763479992.2119 1109475104.6789 1601675397.6535 1169750843.8925 1358483146.1672 1479274957.8684 1931355209.1508 1458366392.3572 2019151825.0944 
1834379868.8362 2042414266.4364 2052821472.6001 1747857939.2667 1543534561.8192 1237966578.9244 1140428451.8457 1172195655.5059 1567083214.4955 1730536913.6836 1795560278.9931 
2031194577.6095 1892373922.6412 2091476641.8649 1598737291.6574 1245835833.9687 1993053659.7274 1910692224.6534 1936038636.5860 1875577107.4000 1247623034.6209 1779890912.5162 
1363295752.8532 1865784044.3936 1577977573.7845 1485933364.7191 1135362424.0206 1992982485.6217 1759223112.4553 2012296812.7038 1443658627.3224 1210346184.7327 2140290868.6095 
1490285986.0946 1575026179.4953 1832324598.9430 1677692075.0114 1286946538.4362 1217677438.7529 2001726075.8575 1735666734.8639 1383050929.2568 1125801900.3158 1746707424.0681 
2050137918.2866 2127336252.1176 1274135388.0057 1431697338.1874 1213779614.6225 1543667291.9251 1260773375.9844 1423918196.6041 2144579102.1069 2026365396.6552 1275438369.2717 
2085609254.9940 1507703154.1523 2121427483.8173 1619579577.0832 1534711867.8571 1980514919.5663 1640748710.2691 1388099957.3980 1214196210.9136 1934849014.5499 1345993789.0964 
1704523722.3319 1425216817.5594 1573297484.7383 1367020402.9802 1270088066.4893 2037257057.0755 1128070078.8766 2139705273.6857 1767208947.2694 1093981870.3486 2036941569.8031 
2141818045.3516 1316155603.8847 2011384960.5930 1453979600.1955 1124243555.9283 1341487849.9946 1168580458.0676 1389162682.0359 2137905276.0912 1359588141.8023 1972652982.4760 
2062727271.6317 1512173301.0736 1582526791.8005 1643775728.9699 2071340015.7249 2146976610.5713 1951513651.8492 1468309440.1339 2107888711.4950 1355321768.8776 1397527388.0502 
1978364144.9079 1381923835.6953 1370570927.7227 1569615051.0560 2102373998.8450 2106373327.4169 1730451862.3671 1825220767.8551 1211510189.4800 1232589671.3740 1098336909.7248 
1528215837.4135 2015560679.7586 1112889175.5586 1275051140.0691 1415736553.8395 1805645784.2587 1141654747.7139 1737947671.6302 1185211655.4240 1245973102.5645 1982040784.2915 
1300020747.3938 1289793112.6436 1320210861.1267 2088978037.4032 1793353938.2837 1710659692.0433 1116288258.7940 2047146755.3907 1128765637.7777 1693851316.7142 1181183299.3059 
1164168465.4609 1958773618.0365 1188351853.6924 1815100268.1709 1888176029.4034 1962452214.8905 1215947205.5081 1813689811.1410 2115699676.0766 1341566690.4963 1179288028.6946 
1830955711.2488 1819497230.9300 1431980366.8908 1232334672.3548 1088804832.7202 1904046204.1620 1213358548.8987 1490982224.0806 1803821711.6574 1081886692.3824 2120010778.7192 
1099563482.0112 1673983461.6488 1821457382.9091 1557617617.3487 1175190160.5851 1705131306.5602 1973836994.3255 1534115737.4059 1578044959.0259 2000519670.2257 1926634401.6000 
1293440355.7569 2056388743.3570 1471430336.4280 1726997588.0655 1551697189.5660 1307878932.8732 2018839546.8237 1999361018.0458 1880876558.9893 1523965492.3538 2058198181.5335 
1553187376.6655 1097210143.8398 1941832090.9802 1211227428.1230 1614236076.0165 1958881126.4319 2112406744.3944 1359206437.7411 1831661461.3573 1377077029.5415 2141949143.5082 
1115835938.7241 1677064634.0060 1928334757.6230 1437957333.1991 2064370571.9077 1613654069.0292 2144716115.5500 1924866200.6329 1833462625.9212 1794573603.5269 1788775773.1616 

1,1 -1,1 1,1 1,1 1,1 1,1 1,1 -1,1 1,1 1,1 1,1 
1,-1 1,-1 1,-1 -1,-1 -1,-1 -1,1 -1,-1 -1,-1 -1,-1 -1,1 -1,1 
-1,-1 -1,-1 -1,1 1,-1 1,-1 1,-1 -1,1 1,-1 -1,1 -1,-1 1,-1 
-1,1 1,1 -1,-1 -1,1 -1,1 -1,-1 1,-1 1,1 1,-1 1,-1 -1,-1 

1,1 1,1 1,-1 1,1 1,-1 1,-1 1,-1 -1,1 -1,-1 -1,1 -1,-1 
1,-1 -1,-1 -1,-1 -1,-1 -1,-1 -1,-1 -1,-1 1,1 1,1 1,-1 1,1 
-1,-1 1,-1 1,1 -1,1 1,1 -1,1 -1,1 1,-1 1,-1 1,1 1,-1 
-1,1 -1,1 -1,1 1,-1 -1,1 1,1 1,1 -1,-1 -1,1 -1,-1 -1,1 

-1,1 -1,1 1,-1 1,-1 -1,-1 -1,1 1,-1 1,-1 -1,1 -1,1 1,-1 
1,1 1,1 1,1 1,1 1,1 1,1 1,1 1,1 1,1 -1,-1 -1,-1 
-1,-1 -1,-1 -1,-1 -1,-1 -1,1 1,-1 -1,1 -1,-1 1,-1 1,1 1,1 
1,-1 1,-1 -1,1 -1,1 1,-1 -1,-1 -1,-1 -1,1 -1,-1 1,-1 -1,1 

-1,1 1,1 -1,1 -1,-1 -1,1 1,-1 1,1 1,-1 1,1 -1,-1 1,1 
-1,-1 -1,1 -1,-1 -1,1 1,-1 1,1 -1,-1 -1,1 1,-1 1,1 1,-1 
1,-1 1,-1 1,-1 1,1 -1,-1 -1,1 1,-1 -1,-1 -1,-1 -1,1 -1,-1 
1,1 -1,-1 1,1 1,-1 1,1 -1,-1 -1,1 1,1 -1,1 1,-1 -1,1 

1,-1 1,1 -1,-1 1,1 -1,-1 1,1 -1,1 1,1 -1,-1 1,-1 -1,1 
1,1 -1,1 1,1 1,-1 1,1 -1,-1 1,1 -1,-1 1,-1 -1,1 1,1 
-1,-1 1,-1 -1,1 -1,1 1,-1 -1,1 1,-1 1,-1 -1,1 1,1 -1,-1 
-1,1 -1,-1 1,-1 -1,-1 -1,1 1,-1 -1,-1 -1,1 1,1 -1,-1 1,-1 

1,1 -1,1 1,1 1,-1 -1,1 1,-1 -1,1 1,1 -1,1 1,1 -1,1 
-1,-1 1,1 -1,-1 -1,1 1,-1 -1,1 -1,-1 1,-1 1,1 -1,1 1,-1 
1,-1 1,-1 1,-1 -1,-1 1,1 -1,-1 1,1 -1,-1 -1,-1 1,-1 -1,-1 
-1,1 -1,-1 -1,1 1,1 -1,-1 1,1 1,-1 -1,1 1,-1 -1,-1 1,1 

-1,-1 -1,1 1,1 1,-1 -1,-1 -1,1 -1,-1 1,1 -1,1 1,1 1,-1 
-1,1 1,1 -1,1 -1,-1 1,-1 -1,-1 1,-1 -1,1 -1,-1 1,-1 -1,-1 
1,1 -1,-1 -1,-1 1,1 -1,1 1,-1 1,1 1,-1 1,-1 -1,1 1,1 
1,-1 1,-1 1,-1 -1,1 1,1 1,1 -1,1 -1,-1 1,1 -1,-1 -1,1 

1,1 -1,1 1,-1 -1,1 1,1 -1,-1 1,-1 -1,-1 -1,1 -1,-1 1,1 
1,-1 1,1 -1,1 1,-1 -1,-1 -1,1 -1,-1 1,1 -1,-1 -1,1 1,-1 
-1,1 -1,-1 1,1 1,1 1,-1 1,-1 1,1 1,-1 1,1 1,-1 -1,-1 
-1,-1 1,-1 -1,-1 -1,-1 -1,1 1,1 -1,1 -1,1 1,-1 1,1 -1,1 

-1,-1 1,1 -1,-1 1,-1 1,1 -1,1 1,-1 -1,1 1,1 -1,1 -1,-1 
-1,1 -1,-1 -1,1 1,1 1,-1 1,1 -1,1 -1,-1 -1,1 -1,-1 -1,1 
1,-1 -1,1 1,1 -1,-1 -1,1 1,-1 1,1 1,1 -1,-1 1,-1 1,-1 
1,1 1,-1 1,-1 -1,1 -1,-1 -1,-1 -1,-1 1,-1 1,-1 1,1 1,1 

1,-1 -1,1 1,1 -1,-1 1,-1 1,1 -1,1 1,1 1,-1 -1,1 -1,-1 
-1,-1 1,1 -1,1 1,1 -1,-1 -1,1 -1,-1 1,-1 1,1 1,-1 -1,1 
1,1 1,-1 1,-1 1,-1 1,1 -1,-1 1,-1 -1,1 -1,1 -1,-1 1,-1 
-1,1 -1,-1 -1,-1 -1,1 -1,1 1,-1 1,1 -1,-1 -1,-1 1,1 1,1 

-1,1 1,1 -1,-1 -1,1 1,-1 -1,1 1,-1 1,1 -1,1 -1,-1 1,1 
1,1 1,-1 1,1 1,-1 -1,1 1,-1 1,1 1,-1 -1,-1 -1,1 1,-1 
-1,-1 -1,-1 -1,1 1,1 -1,-1 -1,-1 -1,1 -1,1 1,-1 1,-1 -1,-1 
1,-1 -1,1 1,-1 -1,-1 1,1 1,1 -1,-1 -1,-1 1,1 1,1 -1,1 

-1,-1 1,-1 -1,-1 1,1 1,-1 -1,-1 1,1 -1,-1 1,1 -1,-1 1,1 
-1,1 -1,-1 1,1 -1,-1 1,1 -1,1 -1,-1 -1,1 -1,-1 1,-1 -1,-1 
1,-1 -1,1 -1,1 1,-1 -1,-1 1,1 -1,1 1,1 1,-1 1,1 1,-1 
1,1 1,1 1,-1 -1,1 -1,1 1,-1 1,-1 1,-1 -1,1 -1,1 -1,1 

-1,-1 1,1 1,-1 -1,-1 1,1 1,-1 1,1 -1,-1 1,1 -1,-1 1,1 
1,1 -1,-1 -1,1 1,-1 -1,-1 -1,1 -1,-1 1,-1 -1,-1 1,1 -1,-1 
1,-1 1,-1 -1,-1 -1,1 -1,1 1,1 -1,1 1,1 1,-1 1,-1 1,-1 
-1,1 -1,1 1,1 1,1 1,-1 -1,-1 1,-1 -1,1 -1,1 -1,1 -1,1 

-1,-1 1,1 -1,1 1,-1 -1,1 -1,-1 -1,1 1,1 -1,1 -1,-1 1,1 
1,1 -1,-1 1,1 -1,1 1,1 -1,1 1,1 -1,-1 1,1 1,-1 -1,-1 
1,-1 1,-1 -1,-1 -1,-1 -1,-1 1,-1 -1,-1 1,-1 -1,-1 1,1 1,-1 
-1,1 -1,1 1,-1 1,1 1,-1 1,1 1,-1 -1,1 1,-1 -1,1 -1,1 

-1,-1 -1,1 -1,-1 -1,1 1,-1 -1,1 1,-1 -1,1 1,-1 -1,1 1,-1 
-1,1 1,-1 -1,1 -1,-1 1,1 1,-1 -1,1 1,-1 -1,-1 1,-1 1,1 
1,-1 -1,-1 1,-1 1,-1 -1,-1 -1,-1 1,1 1,1 1,1 1,1 -1,1 
1,1 1,1 1,1 1,1 -1,1 1,1 -1,-1 -1,-1 -1,1 -1,-1 -1,-1 

1,1 -1,1 1,-1 -1,-1 1,-1 -1,-1 1,1 -1,-1 1,1 -1,1 1,1 
-1,1 1,-1 1,1 1,-1 -1,-1 1,1 -1,-1 1,1 1,-1 1,1 -1,1 
1,-1 -1,-1 -1,-1 1,1 1,1 -1,1 -1,1 -1,1 -1,-1 -1,-1 1,-1 
-1,-1 1,1 -1,1 -1,1 -1,1 1,-1 1,-1 1,-1 -1,1 1,-1 -1,-1 

-1,1 -1,-1 1,1 1,-1 -1,1 1,-1 -1,1 1,-1 -1,1 -1,-1 1,-1 
1,1 1,-1 -1,-1 -1,1 1,-1 1,1 1,-1 1,1 -1,-1 1,-1 -1,1 
-1,-1 1,1 1,-1 -1,-1 1,1 -1,1 1,1 -1,-1 1,-1 -1,1 1,1 
1,-1 -1,1 -1,1 1,1 -1,-1 -1,-1 -1,-1 -1,1 1,1 1,1 -1,-1 

1,1 -1,-1 1,-1 -1,1 1,1 1,-1 -1,-1 -1,1 1,1 1,-1 1,1 
1,-1 1,1 -1,-1 1,1 1,-1 -1,1 1,1 1,-1 -1,1 1,1 -1,-1 
-1,-1 1,-1 1,1 1,-1 -1,-1 -1,-1 -1,1 1,1 -1,-1 -1,-1 -1,1 
-1,1 -1,1 -1,1 -1,-1 -1,1 1,1 1,-1 -1,-1 1,-1 -1,1 1,-1 

-1,1 -1,-1 -1,1 1,-1 -1,1 1,1 1,-1 1,1 -1,1 1,1 -1,-1 
1,-1 -1,1 -1,-1 -1,1 1,1 -1,1 1,1 -1,-1 1,1 -1,-1 -1,1 
-1,-1 1,1 1,-1 1,1 1,-1 -1,-1 -1,-1 -1,1 1,-1 -1,1 1,-1 
1,1 1,-1 1,1 -1,-1 -1,-1 1,-1 -1,1 1,-1 -1,-1 1,-1 1,1 

-1,1 -1,-1 1,1 1,-1 1,1 1,-1 -1,1 1,-1 -1,-1 -1,1 -1,-1 
1,1 1,-1 -1,1 1,1 -1,-1 -1,1 -1,-1 1,1 -1,1 1,1 1,-1 
-1,-1 1,1 1,-1 -1,-1 -1,1 1,1 1,-1 -1,-1 1,1 -1,-1 1,1 
1,-1 -1,1 -1,-1 -1,1 1,-1 -1,-1 1,1 -1,1 1,-1 1,-1 -1,1 

1,1 -1,-1 1,1 -1,1 -1,-1 1,1 1,-1 -1,-1 1,1 -1,1 1,1 
-1,-1 1,1 -1,1 1,1 -1,1 1,-1 -1,1 1,-1 -1,-1 1,1 -1,1 
-1,1 1,-1 1,-1 1,-1 1,1 -1,1 1,1 -1,1 1,-1 -1,-1 1,-1 
1,-1 -1,1 -1,-1 -1,-1 1,-1 -1,-1 -1,-1 1,1 -1,1 1,-1 -1,-1 

-1,-1 -1,1 1,-1 -1,1 -1,-1 1,1 1,-1 -1,-1 1,1 1,-1 -1,-1 
1,1 -1,-1 1,1 1,-1 -1,1 -1,-1 -1,1 1,1 -1,-1 -1,1 1,-1 
1,-1 1,-1 -1,-1 -1,-1 1,-1 1,-1 -1,-1 -1,1 1,-1 -1,-1 -1,1 
-1,1 1,1 -1,1 1,1 1,1 -1,1 1,1 1,-1 -1,1 1,1 1,1 

1,-1 -1,-1 1,1 -1,1 1,-1 1,1 -1,1 1,-1 -1,1 -1,-1 -1,1 
-1,-1 -1,1 -1,-1 1,1 -1,1 -1,-1 1,1 -1,1 -1,-1 1,1 -1,-1 
1,1 1,1 1,-1 -1,-1 1,1 -1,1 1,-1 1,1 1,1 -1,1 1,-1 
-1,1 1,-1 -1,1 1,-1 -1,-1 1,-1 -1,-1 -1,-1 1,-1 1,-1 1,1 

1,1 -1,-1 1,-1 -1,-1 -1,1 -1,-1 -1,1 -1,-1 1,-1 -1,-1 -1,1 
-1,1 1,1 -1,-1 -1,1 -1,-1 -1,1 -1,-1 1,1 -1,-1 -1,1 1,-1 
-1,-1 -1,1 -1,1 1,1 1,1 1,-1 1,-1 1,-1 1,1 1,-1 -1,-1 
1,-1 1,-1 1,1 1,-1 1,-1 1,1 1,1 -1,1 -1,1 1,1 1,1 

1,-1 1,1 -1,-1 1,-1 -1,1 1,-1 -1,-1 1,-1 1,1 1,-1 -1,1 
1,1 1,-1 1,1 -1,-1 1,-1 -1,-1 1,-1 -1,1 1,-1 -1,-1 1,-1 
-1,-1 -1,1 -1,1 -1,1 -1,-1 -1,1 1,1 1,1 -1,-1 -1,1 1,1 
-1,1 -1,-1 1,-1 1,1 1,1 1,1 -1,1 -1,-1 -1,1 1,1 -1,-1 


0 4 8 10 
7 4 6 3 
10 5 2 0 
6 7 2 0 
8 6 7 0 
7 1 9 8 
9 2 4 8 
4 9 7 1 
5 0 9 3 
8 5 10 9 
9 7 3 4 
8 1 10 3 
9 0 2 4 
7 2 4 5 
10 9 6 0 
9 3 1 2 
8 4 7 3 
5 2 0 3 
9 8 10 6 
5 0 9 4 
0 7 4 3 
5 9 10 1 
7 5 3 8 
5 1 3 9 
8 2 3 0 


