1101543466.2076 1205161480.7083 1074415219.5394 1117517108.8110 1426437500.9300 1589645974.3071 1685517520.7261 2055904142.8972 1948379857.0795 1548208472.6821 2128996230.3340 
1992439284.1662 1708057059.1563 2141927482.3801 1532881851.9430 1570049811.8616 1961804050.6166 2021934495.1860 1312396053.1282 1962097142.6235 1320571611.3266 1708533143.8723 
1287442117.3103 2002604621.8625 1730560074.7350 1895871782.2678 1592475434.2757 1492328953.6906 1416538394.3367 1431583361.1858 1680901989.1655 1401748174.1651 1666260987.6506 
1501583015.6722 1087586259.4560 1983761062.1992 1435551338.9835 1787246978.3194 1687727163.7266 1095562404.7963 2063170860.1974 1834587358.3456 1419414080.4800 1164939484.4437 
1172529078.8386 1115478039.6844 1155572601.2192 2092477089.3867 1923658784.2899 2057278604.6800 1285595176.2193 1929652609.8397 1229541772.8190 1469476041.7165 1422743716.9871 
1209028942.0437 1644937110.3389 1112918906.4217 1670639941.1702 1196150230.6591 1303326009.7272 1114735725.8488 1495588613.2263 1203357390.1495 1989285991.7720 1448601445.7358 
2096576443.2424 1833412589.7889 1526637369.8857 1750119087.6577 1484163592.4605 1362141619.8809 1646648291.1569 2109034804.7418 1437412264.4238 1839149973.9320 1099477084.3908 
1596564315.9006 1338761349.5487 1501137119.5387 1788563823.6191 1427081463.7900 1381119178.1528 1654548131.1896 2066696972.0294 1777088647.3887 1921875556.4418 1410658247.1215 
1225198223.9734 1838517968.0660 1805283642.1018 1306060434.0328 1296854341.9190 1341688436.9105 1749067349.6781 1934649575.6487 1850803876.5057 1224216067.2147 1422721252.4920 
1357974666.5066 1975888833.8514 1523858655.4548 1978949684.1236 1392514283.2878 1455603387.1866 1876712436.3374 1602977446.3374 1341002201.2423 1822974687.8762 1436582361.1110 
1472440786.5953 1422117750.1898 1607106668.5154 1973223524.6479 1703502173.2624 1863432624.4725 1393732917.2098 1285771917.5659 1114068838.9634 1837207237.3251 1610245340.6619 
1914354314.6575 1331696381.6840 2007895481.7176 1777321858.6867 1116310524.0168 1378963676.4426 1870049668.0205 1965043272.0293 2089399388.6002 2103323457.8700 1541139787.8213 
1721015617.6319 1331496844.5438 1673676753.8447 1409299835.1248 1204008713.3222 1101917339.5430 1190634492.6209 1353797864.1060 1197724839.9375 1485970187.7208 1384412106.5407 
1721986836.5241 1188246207.0115 1658969700.1986 1865654688.4470 1143921634.3679 1171401979.3441 1812879220.5128 1511269222.1697 1470929184.1209 1745525178.6606 1207587058.7492 
1428940556.8530 1481924932.7966 1609521899.5907 1207849201.3376 1739527509.1939 1894687917.4492 1627779830.0433 1839298843.8190 1165020160.1169 2122997263.3552 1240124554.0155 
1695270042.2515 1211789896.9379 1459958915.2749 1918192432.9640 1585360085.9588 2128933740.0962 1355965790.0844 1607675306.2862 1584540279.2363 2056530490.1126 1657952024.7111 
1255087525.9136 1138917434.3391 1387382929.8805 1833986139.3791 1381941250.7398 1865738809.3201 1337788708.7068 1402788043.3349 1953997039.5570 2110090055.1675 2117535304.8160 
1368931125.3881 1724077665.3661 1235588746.9192 1651838709.2122 1257038870.5704 1223604166.1899 1199162639.4948 1413005887.9056 1234849468.3559 1525756083.8089 1940898231.4381 
1612664098.6882 2080512830.7424 1709204461.4535 1543189810.8025 1701822736.1582 2017394757.9720 1390281649.1711 2018043893.7370 2137337970.9472 1121923006.1411 1452068804.4361 
1524397250.8464 1109229476.5288 1752869147.8720 1075413693.1028 1108303471.1169 1431799914.3257 1471813891.1656 1534931714.3885 1169498428.0316 1911821080.2071 1196452242.7320 
1282866276.0718 1852702299.9106 2143659061.9288 1827997751.7698 1926770339.8798 1399984535.4200 1435676796.1330 1435676153.4738 1407696842.4427 2089072443.1009 1699782586.4354 
1333463562.8681 1247165553.8397 1837682639.9896 1381168388.6692 1741142014.6554 1856924367.5497 1972592978.8129 1432570222.5752 1850367756.5468 1739257813.2811 1432310937.9078 
1400191174.0983 2018149999.7927 2026847185.6748 1188275675.9612 1201724885.5034 1781339438.3017 1161663935.0021 1094825702.6305 1737610949.6285 1900110801.9545 2127039413.4497 
1176436415.5915 1976062915.0661 2017130819.2766 1492792384.2009 1680524439.7095 1345603162.6580 1391420377.4831 1649075247.8055 2087408957.7159 1263245913.5098 1668411430.1828 
1394163866.4023 1595077001.2268 1210764324.7892 1519097257.8035 1417620445.8363 1777257351.4763 1816672275.6642 1650867207.4855 1849193179.5186 1179658287.0673 1655640112.4833 
1562971101.6065 1196640782.5034 1430629511.6850 1136619112.1934 2048119028.0083 1429179961.6668 1993888300.1471 1406602019.7161 1883282809.3407 1241546455.4230 1219103017.4364 
1878706299.4001 1235501113.5999 1401104436.7928 2080951222.4987 1954059814.6125 1647630927.2281 1606501830.4642 1718802910.6773 1149843563.0571 1979783497.4441 1357110678.2806 
1824486430.9485 2146241771.6034 1743849113.9047 1459091375.8660 1572043979.8520 1849932783.1196 1842141840.4727 1103406198.3099 1521235632.5811 1670423602.3075 1725399499.4588 
1494687876.0056 1304979084.6946 1680309626.3131 1146631732.7915 1949521446.7790 1887075944.4322 1430586067.2855 2009706537.6665 1348777344.9616 1273765644.7158 2126620000.4409 
1910148921.9924 1272159844.7156 1310146080.6129 1090148021.2023 1999285680.7629 1391004967.4435 1407327531.3292 1332992969.5064 1616308220.0005 1256020978.9947 1875408983.8306 
2120951188.6185 2068825319.7739 2040262849.2910 1624779662.3636 1919232680.4130 1274557908.8107 1383988924.4498 1884632949.8636 1230921798.4798 1473451392.5208 1159961992.8550 
1768646035.4381 1903340725.8496 1179635185.8460 1323974372.4936 2042509432.8146 1892074660.6952 1529790910.9997 1478951351.0859 1967349716.1516 1106358848.7357 1770193012.4215 
1759219556.8226 1620153965.3107 2022310865.8066 1190187778.4600 1703276173.9353 1918512441.7550 2036926531.8838 2001677349.1034 2001881783.2305 1564184371.9228 1953028459.7034 
1313717845.8454 1377129296.9235 1393211302.2199 1106752746.3168 1568125802.3161 2060595945.1506 1568821952.9458 1195127305.2929 1608901675.0060 1296149002.0657 1634843790.1633 
1139072717.4520 1564241598.7605 1980950190.1773 1681151403.2134 1113753307.3489 1159462481.2245 1472589483.2530 1870329005.7709 1970764889.7208 1897309623.2007 1289836284.7470 
1997008824.5949 1171616970.9196 1826579267.2082 1253222047.1510 1178672670.2762 2054283066.1408 1267153235.2580 1654330664.7498 1932682748.7026 1693521617.4661 1303628719.8396 
1767246093.8256 1455719606.9762 1493897703.8905 1212848694.4246 1204927008.3239 1087234841.2163 1454548730.9560 1624400461.3483 1359165343.9237 1084128714.3395 1292903838.9958 
1499157093.6391 1272081205.1417 2101151112.7341 1634804721.4070 2105773293.5466 1559937789.5122 1945622683.4612 1540226378.5960 1077779708.8841 2065184491.5253 2121588682.8723 
1103992139.8646 1411480511.5647 1984545535.6159 1240231104.4412 1517234087.9196 2072676383.8646 1912611641.3120 1649788497.3414 1575500866.3213 1214432180.5826 1733198686.7088 
1222094527.2911 2111940554.0299 1141334637.8896 1606172687.0022 1198676344.6169 1191995059.3938 1156297420.5704 1207851568.7355 1558523476.0439 1581557590.0532 1382695320.6414 
1221289956.1216 1992727231.1220 1517967090.2329 1990609259.0249 1835302556.9524 1695952658.8350 1994676599.5094 1777310018.2309 1173904941.9778 2137267985.4040 1684838399.1176 
1755276898.8022 1592827322.9286 1782159824.7146 1860954433.5740 1903252830.2891 2082313320.9987 1790685968.6207 1984179694.9175 1561960254.3777 1960500610.8036 1775881555.2556 
1467113014.0712 1614575262.1719 1478293888.1390 1475992635.5485 1124215633.2104 1633783078.5483 1902357082.3614 1629938020.0670 1923035029.7878 1440361642.7237 1105823210.3320 
1333106380.8223 1396964237.1838 1684307894.2266 1853419284.2417 1188593484.1507 1904259338.1450 1589035270.4166 1356157558.1398 2119971787.2642 1409517561.4947 1767143679.5507 
1720281457.4211 1657244170.1013 2081316426.1432 2084223400.0920 1934221007.2033 1952685151.2464 1226227755.5770 1401147953.7161 1286224703.5992 2121114527.9449 1533624111.5538 
1941260082.5165 1784843738.6805 2099596727.8016 1925095300.0122 1278326732.1972 1828715578.8602 1660159052.2495 1288848420.7181 2113947338.9724 1270567806.7158 2046389653.8387 
1221730476.9389 1258224720.8857 1549674793.2745 1173965114.9205 1113618232.9216 1372139503.3654 1607355906.3674 1220471089.8975 1300323437.0684 1520269993.2272 1490091512.5821 
1330121861.2452 1195744700.1385 1120801512.8834 1936526216.6100 1220042358.6055 1529637534.9266 2037738952.4060 2133492170.0845 1999363602.3596 1652479994.7968 1850256069.6418 
1608380827.2851 1953539291.1016 1626442695.1346 1237254352.7934 1929203373.5061 2141012909.1519 1727195922.4662 1511845220.5811 1618383532.2662 1290285937.2688 1557382511.2046 
1554824065.0986 1924355038.9195 1719444251.3145 1173072103.5981 1775628349.5491 1129561701.7751 1689084765.4401 1951312830.7184 1219369714.8304 1447606069.5858 1973287705.8374 
1116768444.2183 2129971807.2259 1435689858.2830 1750473045.8692 1167228461.4355 1111735062.6963 1336711249.5940 1244572297.7549 1497673712.8772 2011430623.7208 1260748981.3730 
1856479689.3161 2057298480.9116 1167649218.7650 1135131142.0111 1299952301.1661 1716678199.0055 1328253835.0945 2110566678.3706 1978374413.4167 1802352919.1673 1690287554.4537 
1317081303.5412 1935611504.7673 1878744287.5601 2003217890.6122 1833202860.1302 1697776212.4037 1337440795.1691 1891866390.5675 1797933070.1194 1343712072.0395 1688742593.4596 
1848138001.9443 1792875601.8802 2086043820.1493 1977796848.9912 1680289919.0333 1617016913.0753 1203324820.4921 1590369809.1455 2018121095.7009 2095075983.5121 1567493123.2981 
1639120860.8065 1983683160.7126 1454872174.3919 1715838777.9649 1152888334.3616 1998061483.7907 2109055854.5312 1159185171.3295 2022280912.5946 1294623661.3229 1816230585.8943 
1951781075.3090 1962055895.6867 1236502906.9255 1833105564.0355 1481663813.9409 1717039402.1472 1133819742.2403 1107533354.7234 1601402682.4564 1398109191.9708 1358370253.8839 
1341880975.8569 2080190638.9933 2015717961.7173 1169571434.3423 1081883233.5055 2143183872.7137 1162256425.4308 1932056216.5473 1406873536.7956 1337012936.9570 1902691085.2290 
1522744844.5812 1473540420.4358 1259181771.6442 1132872507.8766 1899991547.5481 1110944383.5701 2052271590.5723 1185174830.9391 1646952370.1497 1849362769.3797 1165680744.3815 
1603827554.5416 1108583706.6791 1555987163.1346 1577136440.1989 1829266350.4558 1155247622.5898 1119486427.4371 2069908251.4419 1997290531.7264 1420047428.8557 1725032838.4221 
1973709097.5821 2129567313.9595 2122222582.7566 1756620909.9336 2095725226.4157 1400888205.7242 1979014501.2115 1145154394.0648 1081084133.4080 1399069612.7666 1547901478.0770 
1318316606.1763 1846571943.8523 1136982748.0128 1638723463.4730 1364856490.0261 1635688045.3942 2073934216.4301 1923144166.6661 1740117247.3570 1534133948.2289 1437728109.5378 
1952313940.5093 1853066380.7556 1949193577.0971 1395668107.4085 1668036178.5674 1926079663.4609 1272998536.8962 1719485172.5580 1512006455.7341 1608228647.5186 1191546093.7010 
1309149743.1990 2097330540.3426 1299602695.1936 1931509070.4694 1676100596.2642 1154302048.3572 1595681090.4802 1277125042.5788 1518116941.1660 2138981141.3358 1150081028.0273 
1165589590.0443 2116411938.3056 2131966146.3069 1308704111.7731 1418579619.7228 1907471180.6044 1929012463.3703 1326827958.8995 1949062109.5608 1515577770.9913 1482883046.3523 
1889940545.3504 2030706175.7638 1207746044.6812 1787110183.9309 1374280127.3641 1491834551.0131 1177518199.2447 1921535442.4818 1747219347.2731 1588189506.8629 1656628696.8004 
2032244850.7806 2079992026.0358 1769366199.4335 1430164898.5452 1853100057.7244 1374360314.8253 1892097006.5135 1193524708.3614 1470034916.3342 1670949056.5923 1988895471.3166 
2086845261.2739 1497763917.8165 1724053189.6591 1336233363.8213 1241016728.5115 2039657131.5547 1108976405.6427 2109750253.2237 1465802741.5497 1944182183.7242 1145475438.4545 
2119232551.8874 1618710584.9040 1853907393.8533 1927331439.1588 1875414528.2541 1715648782.2844 2038022779.6989 2081512995.2574 1550525425.1333 1714709653.5815 2142302215.9461 
1781416893.6073 1718679594.1271 1623038241.5327 1702772413.5824 1828481561.2286 1350198148.6293 2024904034.0351 1509674358.5527 1863531568.0045 2057608467.6025 1176954556.6998 
1303589539.4950 1302727463.5864 1151863927.6989 1643362720.9429 1730307945.1749 1773989968.1811 1101911155.9268 1341641511.7131 1799581507.8579 1104076829.7176 1272490741.5981 
1081899310.4900 1569848640.3055 1630774937.2339 1302496896.2599 1638915784.8480 1460897061.1207 1166133692.1059 1127223346.1427 1452083299.4185 1825558500.2403 1396266930.7953 
1352161209.4599 1384803823.3026 1910445871.2653 1303623326.0689 1735400534.2537 1544171033.3235 1352483642.5123 1650328076.5734 1777272836.7321 1662951725.6422 1493280348.7650 
1188798758.0706 1307590468.6958 2056876154.1015 1395960564.6724 1983516529.1501 1800735200.9098 1588154549.1977 1157920685.0623 1469632666.1836 1509285223.7935 1955467295.0446 
1372376432.4872 1857767472.4549 1257206999.2451 1903889883.1393 2032451057.9381 1174717141.3065 1977840915.6121 1486890141.6981 1844732653.6693 1772374329.2096 2002785191.6212 
1254688460.2050 1797777772.8295 1507167211.4763 1711211036.2408 1408420981.8811 1462301634.1845 2080329531.9500 1324246628.1604 1798297187.7179 1937154389.4419 1192106295.9958 
1807351729.0473 1498620216.3977 2102974972.7137 1656886855.7018 1310366615.1287 1348574612.6689 1306762301.6599 1508423515.6091 1602538511.9719 1398405025.8605 2110027209.8992 
1992842200.7081 1160913414.3001 1510307732.6436 2110551006.6916 1131306176.5051 1296529383.7274 1864473086.8541 1685567159.6247 1850316167.0942 1806428069.9399 1365780037.5451 
1411050841.9130 1392564652.2019 1298517069.4345 1336609243.9189 1077394050.8009 1849792488.8064 1922780372.4498 1400600608.6936 1177452033.7141 1355627573.4369 2143851457.6386 
1493607902.9642 1821074510.2230 1124275078.4486 1126582167.0411 1810213260.7339 1691852708.4731 1092161230.0812 2125836710.6369 1548715040.0254 1631843486.3355 1457078336.2667 
1939169796.9391 1717718269.7586 1626435915.0122 1469241632.4564 1119130650.3698 1812957084.4182 1636544784.3957 1114172208.2414 1827310484.1249 1470254878.0759 1273569119.9437 
1130585224.4751 1443766463.7221 1370744102.2261 1549627988.8927 2117987874.4334 1349627520.9121 1854815459.4108 1771336333.6204 1577709155.6016 1249671911.3983 1240351550.0490 
1806418097.1316 1738666624.8143 1158150986.0256 2079834044.5543 1689742789.1229 1997494721.4113 1851607789.8557 1232051014.0137 1493223230.8769 1885908110.7728 1998575107.6746 
2033673263.4808 1621665209.2882 1363258079.0204 1748465926.9895 1180542594.2394 1339076139.6094 2103140324.5630 1734937254.0686 1775541221.9132 2077382721.9759 1604540137.3586 
1164245468.8079 1679749526.3793 1543617734.7777 2080753476.8602 1800613177.4220 1155884370.8401 2028998548.2676 1112564319.7280 1619281953.3473 1958499894.9225 1364480062.2141 
1621696854.9351 1533069671.4262 1131600783.9232 1337160607.5709 1367847387.3866 1725265870.8855 2144682022.5652 1886617014.8305 1277376747.0511 1847102162.4423 1714060110.1999 
1176957040.9635 1818697310.4942 1918900003.0838 1999301431.8820 1213773006.9017 1251748767.1015 1194745374.2608 1911775665.7989 1932801335.5624 2062207051.2375 1181639635.6944 
1150980755.5201 1520529081.4165 1335952288.9663 1275800937.3441 1855337786.6172 1209269973.6848 1250125942.8576 1883001760.2009 2036998573.4642 1454785011.1579 1084485420.6947 
2117594018.0555 1463257505.9355 1626411585.5083 2009083311.2687 1702420212.9134 1453202529.1226 1767264158.9455 1949947520.5779 1525322254.9299 1207911665.8602 1615333094.0671 
1575068331.6602 2005939655.4345 1721416639.8276 1432163896.2761 1229586166.2886 1303685866.4095 1604488573.1213 1992083634.6753 2033219964.6757 1733704780.3449 2123143519.5911 
1790978936.6731 1830603736.0674 1650381637.5178 1196811962.6107 1728215656.3019 1629644112.1716 1905344957.4711 1562825425.8887 1413911272.5657 1824439185.4909 1998989423.5965 
1411401917.6438 1810768315.3390 1995139485.5996 1778603743.3548 1657014712.5529 1368302762.1833 1627569968.3585 1230926817.1100 1736281479.3048 1666096095.8317 1439386514.3238 
1651186639.7081 1730031549.4076 1734279519.9809 2042802955.0144 1463480416.0932 1816152488.4296 1366786104.6529 2115218957.4427 1955793411.3061 1538415781.1942 1098465245.2330 
1459088869.8535 1143694047.4334 1621106232.4817 1152368951.4492 2017347686.2437 1934102945.3092 1848371423.7253 1392550191.3342 1079075498.6170 1744131462.8677 1594263520.7016 
1370391945.0713 1650862229.7309 1356688243.0209 1327766693.1797 1936208962.3957 1457469069.8437 1338611902.4378 1656132543.0134 2032806665.3980 1870495661.2376 1820619273.8853 
1548849697.2812 1597350591.8573 1351453098.7142 1696833529.5513 1473290257.4179 1500354366.4109 1577503916.7965 1928060459.9238 1467070339.0794 1882776622.0877 1705111469.3931 
1297157603.5401 2086734220.9778 1592263039.5355 1701185109.2229 1920241818.8912 2018059939.4010 1397204606.8835 1121959177.5841 1278345582.0574 1660218867.8508 1285770384.6834 
1871208816.6565 1599583364.2609 1257128933.1009 1485693043.6389 1580354635.5542 1438171548.2783 1779371763.8188 2124776612.9993 1805626883.9680 1936299289.3061 1272333661.8782 
1318138328.9807 1498128120.6325 1631829731.4236 1881687588.0545 1439741106.1228 1108674849.9781 2089904711.3451 2111803817.3327 2037828891.1543 1728388522.9111 1580368060.9786 
1353506395.3046 2009895840.4127 1344286668.4390 2016630715.2620 1333875265.6389 1110205514.9343 1635686492.4017 1476536506.8616 1313999956.1437 1646451811.3822 2013226176.1148 
1270079652.9343 1622405000.6233 1443997268.8854 1682046075.3224 1491696734.7029 2084659031.0110 1801477731.9891 1341983630.7798 2105191293.3200 1434378249.8403 1717764976.0736 

-1,-1 -1,-1 -1,-1 1,1 1,1 1,1 1,1 -1,1 -1,1 -1,1 1,1 
1,1 1,-1 -1,1 -1,1 -1,1 -1,-1 1,-1 -1,-1 -1,-1 1,-1 1,-1 
1,-1 -1,1 1,1 -1,-1 1,-1 1,-1 -1,-1 1,-1 1,-1 1,1 -1,1 
-1,1 1,1 1,-1 1,-1 -1,-1 -1,1 -1,1 1,1 1,1 -1,-1 -1,-1 

1,1 1,-1 1,1 1,-1 1,1 -1,1 -1,-1 -1,1 -1,-1 -1,1 1,-1 
-1,1 -1,-1 1,-1 1,1 -1,1 1,1 -1,1 1,-1 -1,1 1,-1 1,1 
1,-1 -1,1 -1,1 -1,1 -1,-1 -1,-1 1,-1 1,1 1,1 -1,-1 -1,1 
-1,-1 1,1 -1,-1 -1,-1 1,-1 1,-1 1,1 -1,-1 1,-1 1,1 -1,-1 

-1,-1 -1,1 1,1 1,-1 1,1 -1,-1 1,1 1,-1 -1,-1 1,1 1,-1 
-1,1 1,1 1,-1 -1,1 1,-1 -1,1 -1,-1 -1,1 1,1 -1,1 -1,-1 
1,-1 1,-1 -1,1 -1,-1 -1,1 1,1 -1,1 1,1 1,-1 -1,-1 1,1 
1,1 -1,-1 -1,-1 1,1 -1,-1 1,-1 1,-1 -1,-1 -1,1 1,-1 -1,1 

1,1 -1,1 -1,-1 1,1 1,-1 1,1 -1,-1 1,1 1,-1 -1,-1 1,1 
1,-1 1,1 -1,1 -1,-1 1,1 -1,-1 1,1 1,-1 1,1 1,-1 -1,1 
-1,-1 1,-1 1,1 -1,1 -1,-1 1,-1 -1,1 -1,1 -1,-1 1,1 1,-1 
-1,1 -1,-1 1,-1 1,-1 -1,1 -1,1 1,-1 -1,-1 -1,1 -1,1 -1,-1 

-1,-1 -1,1 1,-1 -1,-1 1,-1 1,1 -1,-1 1,1 -1,1 1,1 -1,1 
1,1 -1,-1 -1,1 1,-1 1,1 -1,1 1,1 -1,-1 1,1 -1,1 1,1 
1,-1 1,-1 1,1 -1,1 -1,-1 1,-1 -1,1 -1,1 -1,-1 -1,-1 1,-1 
-1,1 1,1 -1,-1 1,1 -1,1 -1,-1 1,-1 1,-1 1,-1 1,-1 -1,-1 

1,-1 -1,1 1,1 -1,1 -1,-1 1,1 1,-1 -1,1 -1,-1 1,1 -1,1 
-1,1 1,1 -1,1 -1,-1 1,-1 -1,-1 1,1 -1,-1 -1,1 -1,-1 1,1 
-1,-1 1,-1 -1,-1 1,1 1,1 1,-1 -1,-1 1,-1 1,1 1,-1 1,-1 
1,1 -1,-1 1,-1 1,-1 -1,1 -1,1 -1,1 1,1 1,-1 -1,1 -1,-1 

1,1 -1,-1 1,1 -1,-1 1,1 -1,-1 1,1 1,-1 1,1 -1,-1 -1,1 
1,-1 -1,1 -1,-1 1,1 -1,1 1,1 1,-1 -1,-1 1,-1 1,1 -1,-1 
-1,-1 1,-1 -1,1 1,-1 1,-1 1,-1 -1,-1 1,1 -1,1 1,-1 1,-1 
-1,1 1,1 1,-1 -1,1 -1,-1 -1,1 -1,1 -1,1 -1,-1 -1,1 1,1 

1,-1 1,-1 1,-1 -1,-1 -1,-1 -1,-1 1,-1 1,1 1,1 1,1 1,1 
-1,-1 -1,-1 -1,1 -1,1 -1,1 -1,1 -1,1 -1,1 -1,-1 1,-1 -1,1 
-1,1 1,1 1,1 1,-1 1,-1 1,-1 -1,-1 1,-1 -1,1 -1,1 1,-1 
1,1 -1,1 -1,-1 1,1 1,1 1,1 1,1 -1,-1 1,-1 -1,-1 -1,-1 

1,-1 -1,1 -1,1 1,-1 1,-1 -1,1 -1,1 -1,1 -1,-1 1,-1 1,-1 
-1,-1 1,1 -1,-1 1,1 1,1 1,1 -1,-1 1,-1 1,1 1,1 -1,1 
1,1 -1,-1 1,1 -1,-1 -1,1 -1,-1 1,-1 -1,-1 -1,1 -1,1 1,1 
-1,1 1,-1 1,-1 -1,1 -1,-1 1,-1 1,1 1,1 1,-1 -1,-1 -1,-1 

-1,-1 -1,1 -1,1 -1,1 -1,1 1,1 -1,-1 1,1 -1,-1 -1,-1 -1,-1 
1,1 1,-1 1,-1 -1,-1 -1,-1 1,-1 -1,1 -1,1 1,-1 -1,1 1,-1 
-1,1 -1,-1 -1,-1 1,1 1,-1 -1,-1 1,1 -1,-1 1,1 1,-1 -1,1 
1,-1 1,1 1,1 1,-1 1,1 -1,1 1,-1 1,-1 -1,1 1,1 1,1 

-1,1 1,1 -1,1 -1,-1 -1,1 -1,-1 -1,-1 1,1 1,-1 -1,1 -1,1 
1,-1 1,-1 1,-1 1,1 1,1 1,1 1,-1 -1,1 -1,-1 -1,-1 1,1 
-1,-1 -1,-1 -1,-1 -1,1 -1,-1 1,-1 -1,1 1,-1 1,1 1,1 -1,-1 
1,1 -1,1 1,1 1,-1 1,-1 -1,1 1,1 -1,-1 -1,1 1,-1 1,-1 

-1,1 -1,-1 1,-1 -1,-1 1,-1 -1,-1 1,-1 -1,1 1,-1 1,1 -1,-1 
1,-1 1,1 -1,-1 1,-1 -1,1 1,-1 1,1 1,-1 -1,1 -1,-1 -1,1 
1,1 -1,1 -1,1 1,1 -1,-1 -1,1 -1,-1 1,1 1,1 -1,1 1,-1 
-1,-1 1,-1 1,1 -1,1 1,1 1,1 -1,1 -1,-1 -1,-1 1,-1 1,1 

1,-1 1,1 1,-1 -1,1 1,1 1,-1 1,1 -1,-1 -1,1 -1,-1 -1,1 
1,1 1,-1 -1,-1 1,1 -1,1 -1,-1 1,-1 1,1 -1,-1 -1,1 -1,-1 
-1,1 -1,-1 -1,1 -1,-1 -1,-1 1,1 -1,-1 1,-1 1,1 1,-1 1,1 
-1,-1 -1,1 1,1 1,-1 1,-1 -1,1 -1,1 -1,1 1,-1 1,1 1,-1 

-1,-1 1,-1 -1,1 1,1 1,-1 1,1 -1,1 1,1 -1,-1 -1,1 1,-1 
1,-1 1,1 1,-1 -1,1 1,1 -1,-1 1,1 -1,-1 -1,1 1,1 -1,-1 
1,1 -1,-1 -1,-1 -1,-1 -1,1 1,-1 1,-1 -1,1 1,-1 -1,-1 -1,1 
-1,1 -1,1 1,1 1,-1 -1,-1 -1,1 -1,-1 1,-1 1,1 1,-1 1,1 

-1,-1 -1,1 1,1 1,-1 -1,1 -1,-1 1,1 -1,1 1,1 1,-1 -1,-1 
-1,1 1,1 -1,-1 1,1 1,-1 -1,1 1,-1 1,1 -1,1 1,1 -1,1 
1,1 -1,-1 -1,1 -1,-1 1,1 1,-1 -1,-1 -1,-1 1,-1 -1,1 1,-1 
1,-1 1,-1 1,-1 -1,1 -1,-1 1,1 -1,1 1,-1 -1,-1 -1,-1 1,1 

1,-1 -1,-1 1,1 -1,-1 1,1 1,-1 -1,1 1,-1 1,1 1,-1 -1,1 
-1,-1 -1,1 -1,-1 -1,1 1,-1 1,1 1,-1 1,1 1,-1 -1,1 1,1 
1,1 1,-1 1,-1 1,-1 -1,-1 -1,1 1,1 -1,-1 -1,1 -1,-1 -1,-1 
-1,1 1,1 -1,1 1,1 -1,1 -1,-1 -1,-1 -1,1 -1,-1 1,1 1,-1 

1,-1 1,1 1,1 1,-1 -1,1 -1,-1 1,-1 1,-1 -1,1 1,-1 1,-1 
-1,1 -1,1 -1,-1 -1,-1 1,1 1,1 1,1 -1,-1 -1,-1 -1,-1 1,1 
-1,-1 1,-1 1,-1 -1,1 1,-1 1,-1 -1,1 1,1 1,-1 1,1 -1,-1 
1,1 -1,-1 -1,1 1,1 -1,-1 -1,1 -1,-1 -1,1 1,1 -1,1 -1,1 

-1,-1 1,-1 1,-1 -1,-1 -1,-1 -1,-1 -1,-1 -1,-1 -1,-1 1,-1 -1,-1 
1,1 1,1 1,1 -1,1 -1,1 -1,1 -1,1 -1,1 -1,1 1,1 -1,1 
1,-1 -1,1 -1,1 1,1 1,-1 1,-1 1,1 1,-1 1,1 -1,1 1,1 
-1,1 -1,-1 -1,-1 1,-1 1,1 1,1 1,-1 1,1 1,-1 -1,-1 1,-1 

-1,-1 1,1 -1,1 -1,-1 1,1 1,1 1,1 1,-1 -1,1 -1,1 -1,-1 
1,-1 1,-1 1,-1 1,-1 1,-1 -1,1 -1,1 -1,-1 1,1 1,-1 1,-1 
-1,1 -1,1 -1,-1 1,1 -1,1 -1,-1 -1,-1 -1,1 1,-1 -1,-1 -1,1 
1,1 -1,-1 1,1 -1,1 -1,-1 1,-1 1,-1 1,1 -1,-1 1,1 1,1 

-1,1 -1,1 1,-1 1,-1 1,-1 1,-1 1,-1 1,-1 1,-1 -1,-1 1,1 
1,-1 1,1 -1,-1 1,1 -1,1 -1,1 -1,-1 -1,1 -1,1 -1,1 -1,1 
1,1 1,-1 -1,1 -1,1 1,1 1,1 -1,1 1,1 -1,-1 1,-1 -1,-1 
-1,-1 -1,-1 1,1 -1,-1 -1,-1 -1,-1 1,1 -1,-1 1,1 1,1 1,-1 

-1,-1 -1,-1 1,1 1,1 1,1 -1,1 -1,-1 -1,-1 -1,1 -1,1 -1,1 
-1,1 -1,1 -1,1 1,-1 1,-1 1,-1 1,1 1,-1 1,-1 1,-1 1,-1 
1,1 1,1 -1,-1 -1,1 -1,-1 1,1 1,-1 -1,1 -1,-1 1,1 -1,-1 
1,-1 1,-1 1,-1 -1,-1 -1,1 -1,-1 -1,1 1,1 1,1 -1,-1 1,1 

-1,1 1,1 -1,1 1,-1 1,1 -1,1 -1,-1 1,1 1,-1 1,1 -1,-1 
1,-1 -1,1 1,-1 1,1 -1,1 -1,-1 1,1 1,-1 -1,1 -1,-1 -1,1 
-1,-1 -1,-1 -1,-1 -1,1 -1,-1 1,1 -1,1 -1,1 -1,-1 1,-1 1,1 
1,1 1,-1 1,1 -1,-1 1,-1 1,-1 1,-1 -1,-1 1,1 -1,1 1,-1 

1,1 1,-1 -1,1 1,-1 -1,1 1,-1 -1,-1 1,-1 1,1 -1,-1 1,-1 
1,-1 1,1 -1,-1 1,1 1,-1 -1,1 1,-1 -1,1 1,-1 -1,1 -1,-1 
-1,1 -1,-1 1,-1 -1,-1 1,1 1,1 1,1 1,1 -1,-1 1,-1 -1,1 
-1,-1 -1,1 1,1 -1,1 -1,-1 -1,-1 -1,1 -1,-1 -1,1 1,1 1,1 

-1,-1 -1,1 1,-1 -1,-1 1,1 1,-1 1,1 -1,-1 1,1 -1,-1 1,-1 
1,1 -1,-1 1,1 1,-1 -1,-1 1,1 -1,1 1,1 -1,-1 1,-1 1,1 
1,-1 1,-1 -1,-1 1,1 -1,1 -1,1 -1,-1 1,-1 1,-1 1,1 -1,-1 
-1,1 1,1 -1,1 -1,1 1,-1 -1,-1 1,-1 -1,1 -1,1 -1,1 -1,1 

1,1 -1,-1 1,1 -1,1 1,1 1,-1 -1,-1 1,1 1,-1 -1,-1 1,-1 
1,-1 1,1 1,-1 1,1 1,-1 1,1 1,-1 -1,-1 1,1 -1,1 -1,-1 
-1,1 -1,1 -1,1 -1,-1 -1,1 -1,1 -1,1 1,-1 -1,1 1,-1 1,1 
-1,-1 1,-1 -1,-1 1,-1 -1,-1 -1,-1 1,1 -1,1 -1,-1 1,1 -1,1 


4 2 1 7 
7 3 5 6 
4 9 6 0 
6 0 5 4 
1 8 2 9 
0 6 4 7 
6 8 2 0 
5 1 10 3 
10 9 7 1 
6 2 5 9 
9 8 5 6 
7 8 0 6 
2 10 3 1 
1 8 0 5 
3 0 7 8 
10 3 8 7 
6 10 7 8 
2 4 8 5 
3 10 4 1 
0 7 1 8 
2 8 9 3 
3 10 9 2 
1 6 2 4 
10 0 8 7 
0 2 7 4 


