1240231975.3823 1666298385.5653 2038885524.9653 1297252975.7791 1201326034.3996 1827856747.2235 2098465452.4362 1974378859.2043 2014233374.0939 1478690983.5113 1612898164.2838 
1990641980.4905 2079546022.9359 1095283729.3151 1292482591.7986 1716821861.0449 1288998314.1823 1241377796.3329 1150790621.5528 1937547185.8168 1369918752.2356 1091260570.0063 
1288236658.8079 1426000867.0438 1867555906.6486 1166465862.2685 2001437129.5565 2127082533.9670 1123165135.8794 1381239161.0915 1221690120.2255 1462778552.2603 1519504862.6602 
1332013362.4467 1964137085.6577 1514184731.9723 1979258497.9122 1844576006.1258 1631353036.8523 1151220997.6434 1449808117.2309 1882097365.4865 1925031257.2818 1118197353.0468 
1119189615.4677 2082848237.6310 1217847462.2736 2034201095.7184 1307684167.1268 1828045305.6217 2103311676.9164 1226142344.9358 2027667284.6312 1206568848.8966 1232949917.7016 
1158029046.0998 1753164665.2957 1544225690.8522 1409725753.4934 2014510392.4105 1265584880.4809 1766594076.0799 1443802079.8622 1189563915.3361 1576307577.4345 1172794108.3574 
1962064819.0471 1832327604.5503 1327270555.7085 1228903267.8540 1393415709.1485 1632158200.9059 1133294887.4282 1610482869.5841 1998707167.5951 1776624166.2749 1270383722.1999 
1900443571.2620 1478977409.4505 1274683865.7105 1609863721.6459 1228934642.0325 1106866665.6272 2038545786.6458 1402829549.2186 2043473612.4652 2116641058.9503 2140101364.6076 
1625568259.2375 1500723199.6951 1528142305.1371 1507384995.2098 1195566018.4650 1260256959.6148 1887408227.9941 1079744082.0593 1732919486.5898 1402014001.7735 1368571709.4539 
1110620476.4819 1888820204.8851 1791611339.7729 1598321387.8005 2121493991.0292 1081516664.6026 1907620038.6254 1826078021.9395 1845097068.7793 1576599167.3793 1395369333.3468 
1515318552.5869 1422461898.7673 1676862925.7738 1446931669.0960 1650966203.7591 1378129573.3546 1733247272.8651 2070296288.4613 2058918394.3207 1895159244.6206 1222060370.3542 
1175144607.8902 1973364057.9535 1629950896.2938 1237043134.7497 1610224692.0560 1789760589.8799 1466453082.1930 1624013676.0158 1695489298.2098 1102863337.0524 2089869573.3621 
1092179064.6081 1934029139.0979 1110151180.9601 1691132435.5281 1914047798.7095 1467695466.9117 1784907977.8890 1790300088.5163 1336308176.7941 1748991862.5701 2023163574.6404 
1095247034.5452 1908022231.0847 1851542390.1109 1078839731.3592 2097465443.3515 2034544350.9339 1456371589.4517 1141620302.1651 1985162799.5909 1328837145.8547 1979010924.8133 
1263482259.1470 1377014200.2612 1168150905.1095 1634531227.4026 1470482288.8144 1432849123.3718 1894715263.2709 1697260725.3220 1294928014.0952 1504127859.9856 1552942319.3063 
1480497548.2788 1609608144.4196 2089970014.8341 1849699158.5997 1949545973.7443 1301521121.5788 2100140730.6408 1820648668.1725 1380797677.3547 1730446813.2441 1536830174.5470 
1803107399.9797 1179049101.8824 1983195804.5206 2034095113.1171 1944129851.8901 2069408343.9054 1368947394.7288 1698899066.4700 1834728658.9201 1108530439.2964 1149833760.8394 
1263813781.7006 2025851874.9601 1313504748.2881 1648122753.5081 2044999310.2218 1847186747.1401 1838702628.9780 1589453600.8460 1933149530.9512 1774253983.1945 2066424699.3913 
1372951327.8814 1820150988.4192 2109580190.6384 1154211245.4285 1540325911.2179 1689594277.7329 1193855179.0006 1166416303.6378 1323962532.0377 2100103850.7755 1576637144.6566 
1344579642.5967 1269184977.8588 1470777649.9801 1858937040.5803 2090007658.1742 1941456769.4798 1297228617.2657 2139320080.0826 1765067638.2527 2061227714.4908 1703353888.0156 
1548431769.5186 2114992499.0685 1344990380.9649 1556508072.3410 2044608988.7111 1789688467.5317 1822666168.9603 1636598684.3827 1944777902.4368 1273497372.7360 1255813784.0303 
1935507767.2650 2090706288.9456 1534936728.0689 1234931717.6317 1206934191.1557 1972467469.2497 1986576004.1089 1960463560.5032 1829459760.0156 1494197584.9192 1748033949.7700 
1611953332.2604 1751311619.3730 1389247075.2053 1855628785.9888 2133935131.3235 1162217965.0467 1912512225.2281 1592848107.5103 1809919391.9031 1953279112.4166 2046463853.4895 
1444811557.2274 1987915440.9801 2132986208.1468 1736587854.6550 1570771995.1407 1790485300.6092 2145517751.9973 1766673825.7595 1741452800.2636 1936933097.0566 1565805663.1119 
1089407851.5879 1443342894.4523 1737134849.7523 1597455276.9465 1423075473.6002 1243844200.6726 1993884867.6410 1399176447.6823 1203437102.0923 1075316035.5446 1856603616.5495 
1162809732.5484 1457342351.9356 2112416765.1667 1660229920.5998 2117216667.5442 1785112223.7819 1934347040.7489 1239338202.5684 1830533463.7232 1814774954.1210 1707761620.1894 
1298844237.2827 1240125430.8896 1391702186.4757 1718951869.5761 1518384235.0662 1626900650.4509 2069982162.6531 1115661412.4838 2042604214.4805 1708756405.7662 2124222907.3369 
1241866040.6094 1227743919.9456 1239638262.9318 1389180761.6606 1359315181.5076 1714052029.0989 1269586632.9865 2137134618.2442 2113924337.4734 1127901931.9029 1743574193.0008 
1458545684.7138 1458402308.9753 1896179906.7610 1483885400.0861 1735528859.0514 1589041797.3696 1457396831.7852 1281188434.3190 1724358342.6597 1659784528.5109 1163077752.6698 
1078841971.1807 1334347337.6583 1768890978.2424 1388892016.2875 1478701759.3589 1366874141.1390 1313103461.3847 1853442362.0587 1324541813.4579 1900865161.6236 1654796559.4138 
1357238877.3129 1852193620.9776 2121035584.4266 1418995127.8292 2055743511.9944 1989872825.3610 1118677534.5214 2078359694.6191 1178751466.1082 1306002114.5605 1902368247.5265 
1886357485.8932 1555220312.2786 1825438431.4285 1158573643.6342 2076529098.3591 2006407509.5521 1679184082.4499 2073876921.8461 1081754127.4340 1460979832.0679 1196761958.7822 
2050790427.7110 1389401607.0371 1420714684.7932 1322586590.7695 1593822777.0354 1531177315.2716 1512522615.4677 1704281246.1477 1947661359.1483 1252488616.7835 1694159279.0162 
1482501337.9968 1834027476.3110 1118978600.8184 1265524258.2183 1586650375.9378 1898429815.9798 1739763009.9330 1282390098.7221 1274289071.6452 1834702924.7655 1122617768.1081 
1359224329.7871 1917290979.5771 1156928689.0046 1556204457.0005 1302552268.6438 1661260488.3022 1192686801.2488 1612950648.9095 1335749232.2914 2128613739.5492 2090459513.7640 
2098288197.1622 1479088992.3557 1951668390.2142 1241238164.1335 1257729078.0596 2013684498.8276 1759504590.4771 1998404659.3938 1275797450.9410 1626634297.3769 2103299734.0995 
1462290599.5622 1105966237.9562 1378189893.9837 1572507455.6875 2081640775.4627 1473941493.5621 1807442816.7937 1528784598.1387 1079090509.8378 1773633200.5126 1158604163.1874 
2006790072.0330 1518287134.2941 1732628808.7894 1240065848.8477 1854499631.4404 1091542482.0155 1462034693.1761 1374441510.2034 1270847777.5703 1402821738.4305 1236246766.1523 
1500623803.2213 1751997778.5677 2113323858.2497 1674961978.7128 1739510451.9910 1452690143.9040 1789645799.9562 2061948249.3492 1734300935.6836 2071301940.2086 1358737486.5392 
1236191033.6326 1510187443.2940 1864091078.5206 1571445822.5286 1315762649.4407 1225897925.2861 1167795378.4174 1129431958.6497 1458773460.2101 1641933141.9289 1387492418.6673 
1565802181.4863 1199338784.1630 1893381827.2315 1079130395.3103 1667223204.2257 1136778927.8631 1570048353.3139 1214771783.9095 1074427320.7532 1630281057.8833 1695402109.2605 
1858325720.0736 1560832093.8969 1451889534.0005 1857151303.2532 1241353444.9080 1918627763.0773 1253170918.0564 1402934448.0849 1361515333.6510 1988197136.5734 1280434949.0574 
2119349417.6305 1178796710.9090 2082222198.6376 1678801907.8033 1239762660.5783 1329052378.0781 1208531651.2802 1661183663.4621 1427677134.8664 2050210490.9378 1250945842.8694 
1523295203.7828 1485447540.7542 1748711959.7896 1473953773.9382 1484906432.5894 1427734939.7557 1998831347.3424 1340175439.8403 1150247448.2791 1346991141.0158 1653156263.5897 
1696603165.2914 1320759191.9729 1545472110.1885 1976937412.7766 1946020610.0546 1264604479.4536 1167374522.8488 1340748889.0527 1607818039.6933 1260020995.5512 1495188777.7821 
1252124345.5656 1764181003.7305 1114141421.6696 1638085671.7078 2045165325.1680 1301508118.9311 1412751977.3989 1609464407.2176 1344676506.5151 1862557687.6695 1871022716.8067 
1349177001.5712 1127794823.2077 2140469259.5322 1828653490.3059 1694606564.7957 1506354307.0196 1367824908.0589 1932050154.4022 1660122581.4840 1686838624.8033 1192759789.4328 
1999671637.8409 1240892364.3243 1899029944.9505 2043117774.4124 1808568878.3785 1827334595.2297 1627834681.4113 1794668637.7067 2063497540.1612 1329135440.9316 2117554040.7769 
1351748358.0188 1227733458.4252 2136060945.6848 2101382724.5588 2129128431.1801 1835952826.5552 1721136119.4477 1333167444.4884 1735678844.9772 1216866647.6968 1669324842.7024 
1952321323.5709 1087466686.6004 1334850025.1590 1558173907.9804 1793029689.0143 1577437263.3815 2026926310.9942 1173792449.5669 2105844511.4944 1255415975.2859 1183470695.4512 
1186604356.3838 1909727604.5824 1976414204.5741 1681753828.2136 1440218381.8678 1815999737.8721 1446441077.5316 2035812801.2780 1686947336.5938 1699618801.2557 1512497066.2530 
1221702663.9983 1343046833.7470 1686857794.7515 1363267209.2416 1619629249.9410 1128368321.8674 1548179146.4690 1104270534.1501 1189776925.5370 1284791773.8301 1311523729.4763 
1954075635.7889 1775075949.4706 1185030592.5035 2047984015.3943 1834215621.4874 1499405750.1452 1757449921.5398 1750099004.0819 1903058051.1934 1299328688.2451 1482799125.4071 
1424044250.2597 1712028016.1906 1928449618.2594 1429614398.0902 1599392673.1797 1101739574.9637 1588113809.0998 1481140698.0445 1670691765.0100 1729937007.5618 2065922654.0498 
1611647709.1745 1808379539.5343 1326392718.7813 1934219923.1406 1765934932.5640 1920416866.6474 1719495268.4929 1523837143.8241 1676372382.1734 1431946512.7429 1992439317.2978 
1366063864.3381 1359071667.0860 2017468299.4756 1360746728.2192 1628655390.2232 1250430117.1230 1614932792.3318 1919375918.8479 1866118668.9826 1076730221.9366 1638554637.4143 
1367817745.2075 1491437040.9358 2066222545.9613 1891597608.2823 1819896037.0363 1558978735.1303 2143966957.1400 1598322731.4656 1522385502.9817 1503394636.1512 1202529928.2415 
1943646551.2534 1329498477.9338 1224188238.2861 1282906675.1440 1842186492.7170 1084261516.1415 1252833917.4978 1831629863.3467 1739937883.1321 1225255983.0375 1819416876.5002 
1102991562.9555 2086978097.3629 1398176050.7634 1184871978.7456 1685145937.8150 1613669394.0772 1750874688.3032 1523870287.4110 1939828517.6782 2013157389.1892 1077164745.7163 
1264581357.4668 1346179495.3344 1537565048.1298 2092491617.0006 1882826838.8656 1561460243.6523 1369473685.3399 2029739656.3971 1698535512.5739 1643536899.8968 1988867099.7789 
1175547037.2031 1299727557.9757 1293364805.3523 1528831230.7744 2015190628.5745 1778522849.2824 1403968010.1841 1274303504.1589 1661030287.7167 2127702361.3180 1635082950.2071 
1305314407.9786 2134507625.8605 1506361084.3478 1220916080.4751 1442303720.6833 1416180776.8204 2043720807.4571 2081293585.3521 1107936578.5040 1874814600.8668 1422740045.8164 
1335753739.6330 1786758311.2660 1309085946.5495 1774131512.0423 1786778141.6724 1223418041.6249 1261830192.0965 1937412263.8534 1710398306.9967 1106079547.7388 1478637372.4641 
1887002669.6195 1577847201.8492 1819833140.0097 1919195836.9735 1677216563.3973 1864734231.2528 1406213366.4083 1763076969.6871 1779013414.1482 1982224278.5620 1215552562.2512 
1883856297.6177 1978233523.0974 1963971712.2151 1805367421.9492 1812631714.6602 1743643783.9490 1128294205.4509 1289461241.1480 2086738496.2432 1214401076.7170 1119891291.8942 
2028736027.0722 1259277971.3101 2067498993.9999 1132676389.0654 1913512200.0258 1592200561.3359 1091951508.1665 1335552073.7595 1499393246.9201 1506269165.7080 1744516751.2434 
1588007897.2112 1630996790.8552 1557364164.2335 1933212696.8075 1164209393.6207 1195046865.6456 1965578647.2086 1108701905.3769 1704704357.1981 2130367213.1298 2145773659.0389 
1780673802.7754 1759996751.3498 1503088262.2843 1721566902.8271 1996221428.4774 1540484274.6007 1226838632.0413 2139106311.6844 1473729951.3084 1093300832.4730 1538378661.0087 
1779870667.0771 1259594084.5982 1648360223.5836 1710677448.7690 1581227183.8660 1511118869.1752 1253903005.7420 1910269201.2870 1915092754.2557 1757988089.8603 1737511153.7821 
2017995767.2833 1163752481.1639 1711248324.5504 2011958983.2351 1776090144.4880 1114262112.3750 1340487157.3752 1430441488.4797 1932175813.4628 1460235409.2813 1723189872.4464 
1605924479.8159 1916901080.8432 1401118328.1806 1559507813.1218 1606828060.7805 2016003565.0073 1497440533.8829 1260023012.1960 1090857731.9213 1461109056.8162 2066286477.6034 
1694249605.0989 1156128305.8998 1321082073.5174 1799610366.9521 1209363709.0416 1667965271.9804 2033574389.5060 1262466641.1798 1206182966.1535 2026373925.4205 2103926980.6100 
1714041272.7058 1513931269.6299 1127507991.1352 1610365754.2937 1754264942.9508 1691744272.1008 1239059650.8693 1727037720.4468 1423455169.2606 1901485113.2567 1760165073.8639 
2081501661.6404 2015408560.9776 1475758816.2060 1983521034.1807 1967671098.6006 2058119137.6374 2040825103.5010 2082845530.6906 2135268575.6068 1892666640.1630 1903573534.4808 
1426919921.3983 1644460323.1337 1097037371.6754 1841473585.0346 1424703025.8791 1578716102.2223 1282718469.3098 1551875954.9737 1132786660.6093 1632632568.1272 1673853036.1442 
2075316865.6247 1186572854.3012 1472924950.4291 1125031743.7023 1354718466.6755 1233392544.1756 1395934911.2856 1114541284.6401 1841195300.0264 1438933496.2144 1681876240.6912 
1159952600.5648 1835915671.4272 1105842412.5839 2094124805.6814 1889077853.6533 1821264662.8170 1638081787.4153 2134204201.7206 2103727572.5294 1311907666.7706 1502105955.3728 
1742918153.1591 1491263567.1099 1236734765.3311 1090617800.1587 1334802932.8208 1821199341.8568 1251836882.0444 1092100455.8548 1818090477.8747 2123290221.0249 1341783950.9029 
1105459427.3262 1953333835.0529 1137244325.5710 1405822232.8033 1975189107.3234 1433913335.8947 1161058203.9166 2134315703.8580 1516291021.3550 1112212579.0893 1259856817.2597 
1256857243.7752 1764602145.2723 1160108943.5084 1862569523.6756 1616031501.6619 1527335350.0817 1344539015.2426 1158615798.4379 1882590453.5084 1291265748.5506 1926187796.7165 
1435445549.3938 1106840897.3577 1970913436.3811 1991402269.4510 1507047454.3530 1417728286.0302 1852576816.3904 1452086728.3026 1776824899.7217 1357563475.8521 1785030188.4555 
1358350654.0704 2113584366.4222 1988738545.5439 1800857861.7794 1709769616.7710 1123199873.3344 2012418155.9512 1992545892.2833 1666220570.4517 1655015833.9988 1105395306.7945 
1376209128.0135 1403996160.0284 1894359836.9566 1663636571.0090 1485809052.6179 1724804480.5966 1530844717.8825 1212965941.0857 1946404853.4321 1350715113.5411 1880265495.4464 
1650226746.6890 1296080705.9909 1624580910.6192 1204764577.1921 1485666324.8161 1455453986.2287 2140667431.9140 2057471969.5699 1939298440.3415 1677880290.7283 1322021719.9420 
1847384292.3507 1190436662.9203 1094750427.8165 1722573245.5254 2139167527.4865 1799009467.0904 1087182135.7249 1959437213.0137 1872374497.0229 1673997151.9532 1289567945.5208 
1386476123.9262 1285271957.7711 2044377731.9169 1857326191.7848 1126380769.6696 1131783084.5259 1132177695.3068 1686479652.9114 1444261630.8576 1881223259.0769 1848556004.3695 
2059782723.9002 1875095065.8665 1950487530.5029 1999862865.0982 1546655697.6057 1937904534.5034 2081350617.6949 2028997201.3081 1796751259.8547 2045068473.4434 2091592376.4090 
1513142577.4835 1554414404.8602 1202672492.5412 2057954619.4756 1323931201.0458 1648186718.1094 1646895736.8517 1966776854.5459 1246756226.3830 1764719366.2181 1140918879.4080 
1706048456.8413 1862520888.3998 1958928069.6006 1636500325.8185 1172682197.9480 2048737268.2519 1261980387.3497 1688001487.7966 2109592557.3877 1502226158.8494 1318826784.2049 
1171573389.2165 1581521401.1389 1981810803.4162 2102565324.3413 1103681826.9805 1657040820.8648 1773259856.2648 1493662030.5775 1416548117.7699 1306844875.1457 1584764926.8265 
1273261367.1413 1884535758.2687 1542443686.5092 1700447204.8175 1220611211.9645 2026065958.8410 1463974520.1038 1488173089.4911 1076411749.4946 1277273961.5854 1466303512.7833 
1535529448.7628 1543218267.0577 1927455184.0911 1110037990.5098 2060480683.9862 1188719130.1898 1253419399.0222 1706020845.8119 2099026653.9040 1338750815.5045 1245457071.7181 
1959310932.2317 1392574021.0878 2109271847.2629 1536509887.3713 1997841422.6544 1384931727.1345 1144837390.5533 1211600368.0485 2049552728.3407 1916359943.3412 1337056050.3858 
2019576709.6752 1549508249.8962 1681588112.5898 1761630028.8702 1953574497.4865 1594527356.8804 1163959797.4439 1470916317.9491 2035044092.8295 1223484177.6460 1152148604.0120 
1968443306.4737 2127496728.2456 1613631212.5778 1085030228.3842 1631218624.3664 1531435568.9456 1855989271.8088 1126972698.2070 2131713538.0898 1313885412.3009 2078877329.3885 
1172731197.1538 1588853904.7071 1535009704.3869 1453175188.4061 1103913485.6137 1469057527.5027 1624892904.9000 1206211850.1352 1677349264.8215 1353189195.8150 1536096268.9889 
1145599221.6235 1491734865.2718 1229167673.0126 1927868541.7156 1391921824.0074 2000150453.5570 2094662195.3668 1945344849.9115 1316754775.7134 1353886505.6700 1641926877.0449 
1347820186.0813 1106774471.0692 1908389024.8030 1360765463.0245 1328997373.5907 1916625900.0092 2045193718.6268 1984810879.7897 1804712343.5436 1647382540.3794 2086285074.9671 
1224198621.6775 1975734688.3705 1613790498.3322 1218932873.7556 1235197927.4691 1581845306.0883 1439074065.9457 1181253316.8252 2124268277.4030 2035249698.7034 1134296956.6721 
1622499605.4379 1587188021.7592 1395154182.7189 1543972877.4297 1348301853.4576 2132349200.7941 1612934440.5544 1412048844.7356 1481494849.5954 1251884316.3917 2013825514.0844 

-1,1 -1,-1 1,1 -1,1 -1,1 1,1 1,1 1,1 1,1 1,1 -1,-1 
1,-1 1,-1 1,-1 1,-1 -1,-1 -1,-1 1,-1 1,-1 1,-1 1,-1 1,-1 
1,1 -1,1 -1,1 1,1 1,-1 1,-1 -1,-1 -1,1 -1,-1 -1,1 1,1 
-1,-1 1,1 -1,-1 -1,-1 1,1 -1,1 -1,1 -1,-1 -1,1 -1,-1 -1,1 

-1,1 1,1 1,-1 1,1 1,-1 1,-1 -1,-1 1,-1 1,-1 1,1 -1,-1 
1,-1 -1,-1 -1,-1 -1,-1 -1,-1 1,1 -1,1 1,1 -1,1 -1,1 -1,1 
1,1 -1,1 -1,1 1,-1 -1,1 -1,1 1,1 -1,1 -1,-1 -1,-1 1,1 
-1,-1 1,-1 1,1 -1,1 1,1 -1,-1 1,-1 -1,-1 1,1 1,-1 1,-1 

1,-1 1,1 -1,-1 1,1 1,-1 1,-1 1,1 -1,1 1,1 1,1 1,-1 
-1,1 -1,1 -1,1 -1,1 -1,-1 -1,-1 -1,-1 -1,-1 -1,-1 -1,1 -1,1 
1,1 1,-1 1,-1 1,-1 1,1 -1,1 -1,1 1,-1 -1,1 -1,-1 1,1 
-1,-1 -1,-1 1,1 -1,-1 -1,1 1,1 1,-1 1,1 1,-1 1,-1 -1,-1 

-1,-1 1,-1 1,-1 1,-1 1,-1 1,1 1,1 1,1 1,1 1,1 -1,1 
-1,1 1,1 -1,1 1,1 -1,-1 -1,1 1,-1 1,-1 -1,-1 -1,-1 -1,-1 
1,1 -1,1 -1,-1 -1,-1 1,1 1,-1 -1,1 -1,1 -1,1 -1,1 1,1 
1,-1 -1,-1 1,1 -1,1 -1,1 -1,-1 -1,-1 -1,-1 1,-1 1,-1 1,-1 

-1,-1 -1,1 -1,-1 1,-1 -1,-1 1,-1 1,1 -1,1 -1,-1 1,-1 -1,1 
1,1 1,-1 -1,1 -1,-1 -1,1 -1,-1 1,-1 -1,-1 -1,1 -1,-1 1,-1 
-1,1 1,1 1,1 -1,1 1,-1 -1,1 -1,-1 1,1 1,-1 1,1 -1,-1 
1,-1 -1,-1 1,-1 1,1 1,1 1,1 -1,1 1,-1 1,1 -1,1 1,1 

-1,-1 -1,1 1,-1 -1,1 1,1 -1,1 1,1 1,-1 1,1 1,-1 1,1 
1,1 -1,-1 -1,1 1,1 -1,1 -1,-1 1,-1 1,1 -1,-1 1,1 1,-1 
1,-1 1,1 1,1 -1,-1 -1,-1 1,-1 -1,1 -1,1 1,-1 -1,1 -1,-1 
-1,1 1,-1 -1,-1 1,-1 1,-1 1,1 -1,-1 -1,-1 -1,1 -1,-1 -1,1 

-1,1 1,1 1,-1 -1,1 1,-1 -1,1 1,-1 -1,1 -1,-1 1,-1 -1,-1 
1,1 1,-1 -1,1 1,-1 1,1 1,-1 1,1 -1,-1 1,1 -1,-1 1,-1 
1,-1 -1,-1 1,1 1,1 -1,1 -1,-1 -1,-1 1,-1 1,-1 1,1 -1,1 
-1,-1 -1,1 -1,-1 -1,-1 -1,-1 1,1 -1,1 1,1 -1,1 -1,1 1,1 

1,-1 1,1 1,-1 1,1 -1,-1 -1,1 1,1 -1,-1 1,1 1,-1 -1,1 
-1,-1 1,-1 1,1 -1,-1 1,-1 1,1 -1,-1 -1,1 1,-1 -1,-1 1,1 
1,1 -1,-1 -1,-1 1,-1 1,1 -1,-1 1,-1 1,1 -1,1 -1,1 -1,-1 
-1,1 -1,1 -1,1 -1,1 -1,1 1,-1 -1,1 1,-1 -1,-1 1,1 1,-1 

-1,-1 1,1 -1,1 1,-1 -1,1 1,1 -1,1 1,1 1,-1 1,1 -1,1 
-1,1 -1,-1 1,-1 -1,1 -1,-1 -1,1 1,1 -1,-1 1,1 -1,-1 1,1 
1,-1 1,-1 1,1 1,1 1,-1 -1,-1 -1,-1 1,-1 -1,-1 1,-1 -1,-1 
1,1 -1,1 -1,-1 -1,-1 1,1 1,-1 1,-1 -1,1 -1,1 -1,1 1,-1 

1,1 -1,1 1,1 -1,1 -1,-1 1,-1 1,1 1,-1 1,1 -1,-1 -1,1 
1,-1 1,1 -1,1 1,1 -1,1 -1,-1 1,-1 -1,1 1,-1 1,1 -1,-1 
-1,1 1,-1 1,-1 -1,-1 1,1 1,1 -1,-1 -1,-1 -1,-1 1,-1 1,1 
-1,-1 -1,-1 -1,-1 1,-1 1,-1 -1,1 -1,1 1,1 -1,1 -1,1 1,-1 

1,1 1,-1 -1,1 1,-1 -1,1 1,-1 -1,1 -1,-1 1,-1 1,1 -1,1 
1,-1 -1,-1 1,-1 -1,-1 1,-1 1,1 1,-1 -1,1 1,1 -1,1 1,-1 
-1,-1 1,1 -1,-1 -1,1 1,1 -1,-1 1,1 1,1 -1,-1 1,-1 1,1 
-1,1 -1,1 1,1 1,1 -1,-1 -1,1 -1,-1 1,-1 -1,1 -1,-1 -1,-1 

-1,-1 1,1 -1,-1 -1,1 1,1 -1,1 -1,-1 1,-1 1,1 -1,-1 1,-1 
1,1 -1,-1 1,1 -1,-1 -1,1 -1,-1 1,-1 -1,-1 -1,1 1,-1 1,1 
-1,1 -1,1 -1,1 1,1 -1,-1 1,-1 -1,1 -1,1 1,-1 1,1 -1,1 
1,-1 1,-1 1,-1 1,-1 1,-1 1,1 1,1 1,1 -1,-1 -1,1 -1,-1 

1,1 1,-1 1,1 1,-1 -1,-1 1,-1 -1,1 1,1 -1,1 1,1 -1,1 
-1,1 -1,-1 1,-1 -1,-1 -1,1 -1,-1 1,-1 -1,1 1,1 -1,1 -1,-1 
1,-1 -1,1 -1,1 1,1 1,1 -1,1 1,1 -1,-1 1,-1 1,-1 1,1 
-1,-1 1,1 -1,-1 -1,1 1,-1 1,1 -1,-1 1,-1 -1,-1 -1,-1 1,-1 

-1,-1 1,1 1,-1 -1,1 1,-1 -1,1 1,1 1,-1 -1,1 1,1 -1,1 
1,1 1,-1 -1,1 -1,-1 -1,1 1,1 -1,-1 -1,1 1,-1 -1,-1 1,-1 
1,-1 -1,1 1,1 1,1 -1,-1 -1,-1 1,-1 -1,-1 1,1 1,-1 1,1 
-1,1 -1,-1 -1,-1 1,-1 1,1 1,-1 -1,1 1,1 -1,-1 -1,1 -1,-1 

1,1 -1,1 -1,-1 1,-1 -1,-1 -1,1 1,-1 -1,-1 1,1 -1,-1 1,1 
-1,1 -1,-1 1,-1 1,1 -1,1 -1,-1 -1,1 1,-1 -1,1 1,1 -1,1 
1,-1 1,-1 -1,1 -1,1 1,-1 1,1 -1,-1 -1,1 -1,-1 1,-1 1,-1 
-1,-1 1,1 1,1 -1,-1 1,1 1,-1 1,1 1,1 1,-1 -1,1 -1,-1 

1,-1 -1,-1 1,1 -1,-1 1,1 1,-1 -1,1 1,-1 -1,1 1,1 -1,-1 
1,1 1,-1 -1,-1 1,-1 -1,-1 -1,1 1,1 -1,1 1,-1 -1,-1 -1,1 
-1,1 -1,1 -1,1 1,1 1,-1 -1,-1 1,-1 -1,-1 1,1 1,-1 1,1 
-1,-1 1,1 1,-1 -1,1 -1,1 1,1 -1,-1 1,1 -1,-1 -1,1 1,-1 

1,1 -1,-1 -1,1 -1,-1 -1,1 1,-1 -1,1 1,1 1,-1 -1,-1 1,-1 
1,-1 1,1 -1,-1 1,-1 1,1 -1,1 1,1 1,-1 -1,-1 -1,1 -1,-1 
-1,1 -1,1 1,1 1,1 -1,-1 1,1 -1,-1 -1,1 -1,1 1,1 -1,1 
-1,-1 1,-1 1,-1 -1,1 1,-1 -1,-1 1,-1 -1,-1 1,1 1,-1 1,1 

-1,-1 -1,1 -1,-1 1,1 -1,-1 1,-1 -1,-1 -1,1 1,1 -1,1 -1,-1 
1,1 -1,-1 -1,1 -1,-1 -1,1 -1,-1 1,1 -1,-1 -1,1 1,-1 -1,1 
-1,1 1,-1 1,-1 -1,1 1,1 -1,1 -1,1 1,-1 -1,-1 1,1 1,-1 
1,-1 1,1 1,1 1,-1 1,-1 1,1 1,-1 1,1 1,-1 -1,-1 1,1 

1,-1 1,1 -1,1 1,-1 -1,1 -1,-1 -1,1 1,1 -1,-1 -1,1 -1,-1 
1,1 1,-1 1,1 -1,1 -1,-1 -1,1 1,1 -1,-1 -1,1 1,-1 1,1 
-1,1 -1,1 1,-1 1,1 1,1 1,1 1,-1 -1,1 1,-1 -1,-1 1,-1 
-1,-1 -1,-1 -1,-1 -1,-1 1,-1 1,-1 -1,-1 1,-1 1,1 1,1 -1,1 

-1,1 1,1 -1,1 1,1 -1,-1 1,-1 -1,-1 1,-1 -1,1 -1,-1 -1,1 
-1,-1 -1,1 1,-1 -1,-1 -1,1 1,1 1,-1 1,1 1,-1 -1,1 1,-1 
1,-1 -1,-1 1,1 1,-1 1,-1 -1,1 1,1 -1,1 -1,-1 1,-1 -1,-1 
1,1 1,-1 -1,-1 -1,1 1,1 -1,-1 -1,1 -1,-1 1,1 1,1 1,1 

1,-1 1,1 -1,1 1,1 -1,-1 1,-1 -1,-1 1,-1 -1,-1 1,-1 -1,-1 
1,1 -1,-1 1,1 -1,-1 -1,1 -1,-1 1,1 -1,-1 1,-1 1,1 -1,1 
-1,-1 -1,1 1,-1 1,-1 1,1 -1,1 1,-1 -1,1 1,1 -1,-1 1,1 
-1,1 1,-1 -1,-1 -1,1 1,-1 1,1 -1,1 1,1 -1,1 -1,1 1,-1 

-1,1 -1,-1 -1,1 1,1 1,-1 1,1 -1,-1 1,1 -1,1 1,1 -1,1 
1,1 -1,1 1,-1 -1,-1 1,1 -1,-1 1,1 -1,1 -1,-1 -1,1 1,1 
1,-1 1,1 -1,-1 -1,1 -1,-1 -1,1 -1,1 -1,-1 1,1 1,-1 -1,-1 
-1,-1 1,-1 1,1 1,-1 -1,1 1,-1 1,-1 1,-1 1,-1 -1,-1 1,-1 

-1,-1 -1,1 1,1 1,-1 1,1 1,-1 1,1 -1,-1 1,-1 -1,1 1,-1 
1,-1 -1,-1 1,-1 -1,-1 1,-1 -1,1 -1,-1 1,-1 -1,1 -1,-1 -1,1 
1,1 1,1 -1,-1 -1,1 -1,-1 1,1 -1,1 1,1 1,1 1,-1 -1,-1 
-1,1 1,-1 -1,1 1,1 -1,1 -1,-1 1,-1 -1,1 -1,-1 1,1 1,1 

1,1 -1,1 1,1 -1,1 -1,-1 1,-1 -1,1 1,-1 -1,1 1,-1 1,1 
1,-1 1,1 1,-1 -1,-1 -1,1 1,1 1,-1 -1,-1 1,-1 -1,-1 1,-1 
-1,1 -1,-1 -1,-1 1,1 1,1 -1,-1 1,1 1,1 -1,-1 1,1 -1,-1 
-1,-1 1,-1 -1,1 1,-1 1,-1 -1,1 -1,-1 -1,1 1,1 -1,1 -1,1 

-1,1 1,1 -1,-1 -1,1 -1,-1 -1,1 -1,-1 1,1 -1,1 1,-1 -1,1 
1,1 -1,-1 -1,1 -1,-1 1,1 1,-1 1,1 -1,1 1,1 -1,1 1,1 
1,-1 -1,1 1,1 1,1 1,-1 -1,-1 1,-1 1,-1 1,-1 1,1 1,-1 
-1,-1 1,-1 1,-1 1,-1 -1,1 1,1 -1,1 -1,-1 -1,-1 -1,-1 -1,-1 


0 10 5 4 
2 1 3 0 
10 7 3 0 
8 1 6 4 
0 10 6 9 
7 0 10 5 
9 2 4 7 
6 1 0 2 
10 3 5 6 
8 10 6 1 
5 8 7 1 
2 5 1 9 
1 2 9 0 
5 4 2 10 
10 5 4 0 
3 7 5 9 
10 0 4 7 
1 3 10 9 
5 10 2 9 
10 3 0 2 
5 9 4 6 
3 7 5 10 
7 10 4 5 
10 4 8 1 
5 1 0 2 


