1559226726.4007 1473134751.9561 1823520382.4948 1323907954.7768 1159799166.4727 2117266182.9884 2127311172.4882 1484679545.5055 2041617968.5518 1456630991.3127 1355404488.8943 
2054303485.3092 2061928548.6580 2034529212.3090 1777259979.6321 1132284785.0474 1291263972.3814 1687577146.9803 1300939422.8135 1382760508.4201 1619290567.0024 1960085105.4914 
1542530771.7864 1632329984.9356 1320981491.4475 1082765258.4973 1321958156.8519 1983904672.4803 1881206024.0225 1733067238.1270 1340324804.3724 1313364100.1000 1449275100.2222 
2145759596.5605 1243489866.1650 1185587452.1150 1259224875.0179 1646231113.1920 1740994783.6340 1985588474.0173 1934854773.2506 1260852553.0622 1998266588.7587 1159947762.2525 
2094002325.1297 1214637702.0666 1397173042.0044 1142826836.8565 1726280254.7925 1774644428.1595 1576136053.9905 1696703496.0029 1862039527.7622 1753908903.6424 1514463688.6492 
1594854971.7374 1706118938.5129 1820891944.9126 1635244650.9957 1790885466.1964 2039281946.5302 1098143437.6963 1788173812.6414 2105060295.8690 1173668829.5722 1673405174.6241 
1621973445.1974 1753383051.7961 1709947707.2157 1403359109.4891 1435430774.0434 2102009066.6689 1358828552.3646 1494350878.0857 1366120798.6141 1299865849.9764 1559218760.1823 
1838163274.2337 1593845068.6289 1906137394.7953 1511267994.5426 1551170027.1860 1760478244.6690 1696351722.2327 1844607586.9929 1835122067.7892 1429999324.6747 1342570143.9531 
1295025626.6558 2003085216.7143 1522882654.3028 1810298317.3280 2000826640.9265 1467854790.5752 1915451850.7575 1241174572.6894 2074877074.8229 1969577022.5885 2116807666.6085 
1598520927.9072 1155654817.6913 1183144191.6832 1083072017.2320 1107967874.0534 2103774429.8250 1239191775.5696 1436031184.2098 1250272037.0747 1628784766.6076 2106519543.9329 
1719714520.0014 1217513786.7547 1095262048.7325 1711207892.0189 1149488535.6154 2052129851.2329 2043475687.6291 1989747102.8484 1493759770.3867 1282640097.4101 1810578250.6013 
1501855123.6527 2127947728.0546 1704797408.1924 1534922631.8035 1831007551.0766 1504178873.0421 1847548186.4800 1736434243.2115 1104889690.0046 1930630171.5727 1825433945.0247 
1922462559.3105 1574411183.3682 1232477035.0711 1192666873.4311 2074569187.6834 1379066188.6289 1229537183.7263 1196939344.9268 1969374090.5234 1630566969.0674 2052560197.3308 
1530176112.0191 1452173380.5757 1944730366.5563 1745305600.3034 1486300813.7903 2056021774.7538 2062400194.1064 1402863384.4120 1285048354.5237 1379063524.0473 1267254496.7406 
2113321061.9698 1074406046.6316 1984819961.5470 2075707420.3671 1562552917.7080 1200083495.2338 1115447039.3354 1719928443.5022 1269100305.4770 1184375160.0506 1744486280.4820 
1399152794.2969 1570502521.2491 1760587836.4723 1532089176.9374 1105728661.7254 1976144044.1812 2079867979.4700 1120317395.8582 1551305219.4624 1593884076.0719 1820820005.5211 
2144820776.9072 1659533540.2049 1364145622.3927 1767515919.9535 2132656957.7184 1988884903.8131 2031920783.6400 1958895011.8867 2043595487.9389 1544763677.3716 1526250113.8124 
1110845053.0315 1450903049.7348 1880413883.0543 1786673764.9774 1181084654.7686 1208530133.2302 1286743257.6015 2005564426.8957 1234070398.4371 1215211272.4224 1815748034.8832 
1541168730.1499 1790665671.4233 1291646408.1137 1085803750.9130 1499640094.2977 1953782802.5567 1549342501.4686 1412488754.5420 2100790608.6151 1852179965.2880 1660902876.3912 
1210954469.9670 2061823246.2971 1480615985.9690 1765412593.4916 1240263883.9259 2038914643.6620 1690422972.8732 1639125822.9009 1319047207.1324 2146264422.8494 1663187976.5069 
1210280050.8504 1882418755.3517 1774130441.6566 1259714115.1731 1748174659.1159 1720684373.9629 1110100525.2451 1449696676.4068 1588150730.3406 1495477371.8468 1287410484.3571 
2142508171.7452 1774319060.2125 1174443728.0699 1533229161.5582 1190871005.2267 2064868807.1193 1174803769.5199 1667553722.5011 1365832761.6632 1836987173.2224 1112437289.9760 
1092659205.8626 1257865668.2259 1610497383.5211 1224447206.4876 1450238299.3266 1213755364.2308 1991712972.1526 1763930634.0240 1938737766.9781 1136584515.3362 1376265048.1119 
1603954731.6523 1283136940.3370 2088192943.2483 1732699399.0828 1782230364.4051 2096762579.8457 1797984930.2127 1591664826.1763 1313290760.1798 1489256049.1854 1285316015.1648 
1314946736.0824 1318011768.4862 1523390488.6656 1653258831.1562 1701081472.0983 1529937109.7166 1752368644.4848 1884267890.9389 1116242400.5159 1777299192.2804 1113572595.8369 
1393533831.5282 1787592940.9752 1992735297.7183 1624413681.8951 1349132615.5178 1264665718.9878 1829609073.9449 1350957867.4544 1502787060.4947 1981207546.2116 1764914803.3055 
1894044264.1389 1074329039.9903 1275180680.7834 1494364206.4266 1798643904.6212 1553877392.2985 1339133842.4654 1297810817.2646 1710375149.2396 1994431416.3849 2143433848.6529 
1785303442.9675 1986554404.2941 1496126286.9017 1093195964.7549 1454630871.6100 1795526934.6505 1898530039.2249 1979725135.9409 1909824184.3386 1803711136.6691 1530874132.4351 
1608185033.1840 1288481422.4499 1746852490.2583 1462894921.8751 1632046363.6758 1580803491.9697 1492792341.8421 1486486415.5285 1361428814.0595 1808535964.2289 1967438696.1026 
1605410381.3969 1101764134.5605 1734307615.9282 1367839546.6057 1966220342.5486 1552654256.3125 1115713337.6846 1324095330.2177 2003874756.7252 1190560752.1726 2079074880.2044 
2078079102.0431 1142631733.3786 1763111767.7999 1246333972.9245 1138887418.3306 1949489126.1691 1098774036.4451 1856670806.6405 1214317856.6222 1891915596.9619 1828367781.0329 
1489132129.8683 1077143659.5011 1969880097.4586 1719827039.1107 1359576218.7677 1274617650.7326 2093816557.0784 1189237738.5891 1359147215.6795 1980075313.5321 2068324591.7268 
1710449408.5650 1703683011.1953 1929000097.4489 1120050670.1102 1589291241.9103 1194962471.4930 1824142263.4164 2078164901.3464 1809822466.6714 1167547765.4263 1201725935.2791 
2027607602.5393 1339128804.5530 1969164316.8504 1325192538.6413 1744505721.5708 1884783224.4013 1822219223.7066 1300041509.0713 1121835268.6497 1888679694.6560 1919642402.7925 
1256094893.5001 1982443237.0088 1895843482.5984 1550804691.5154 1924545613.9625 1319959429.9339 1707562125.5802 2091167733.4593 1437547750.5897 1900920977.5499 1468358469.1770 
1391090605.7111 1693159762.2656 1075289907.2950 2103354859.0748 1506467327.5348 1296066386.8766 1646939604.5280 1395377347.8570 1965437725.5688 1103522567.2691 1351301884.3336 
2008011897.1576 1857585307.6726 1082880504.6571 1901137162.7933 1602573242.9940 1408474350.1417 1266188325.9196 1522500233.0753 1139253705.2100 2125165305.6994 1272445000.0135 
1649401176.1606 1902688470.0947 1584343277.6181 1752509327.2877 1091093398.8013 1710041786.8924 1423415780.2441 1596677358.6645 1180244989.7858 1902422404.8049 1366153974.8326 
1221328790.1629 1357573821.3344 1407475150.6848 1283059478.1152 1560096563.1502 1333602189.6338 1511709831.1711 1971928470.0358 1479187081.9180 2041087382.5652 1222856500.9424 
1701371115.6110 1670253788.1141 1815688852.2139 2109936683.2164 1658740254.1884 1179880917.5126 1276702034.8728 1580570124.4136 1181891469.2261 1412051098.7341 1451804760.0854 
1890540274.6208 2086852807.5098 1819710849.1754 1086724195.7411 2142612668.6003 1353943974.6389 1309382161.6850 1700934162.2924 1891634838.9006 1213492748.2629 2146823556.2417 
2058038809.2506 1540000008.9059 1702478474.6943 1785230982.8878 1496651420.7707 1950192005.6629 1559970147.3756 1374348745.1824 2123576810.6385 2091116278.3438 1775437551.0017 
1746595958.3565 1136760998.0636 1770252857.3600 1499226777.5488 1442224118.8455 1190173416.9869 1531596843.1631 2124950863.8215 1860071694.8824 1968109378.4409 1804259483.8311 
1353242520.5613 1937211512.2798 1766135564.4775 1253646257.0966 1490290184.3865 1995148337.9194 1646038584.3006 2087140337.9496 2090280256.6777 1949490817.1207 2023050462.3191 
2022828236.0238 1772629419.0516 1806523538.9348 1969429616.3545 1130685255.0364 2068076156.0864 1375084957.8083 1757693367.5596 1424481000.1840 1988992263.3667 1810590489.2741 
1267755964.5304 1953925555.7460 1364381455.9136 1803937374.3331 1200406321.3980 1798336329.4980 2122556543.9209 1737864959.5298 1573258103.1381 2107035193.8612 1634794477.4580 
1089795045.5202 1749020667.2673 1907172536.7578 1990855208.5906 1090608737.6837 1203366094.1274 1785077472.6499 1643481853.7061 1711656749.0900 1486584578.4422 1670446337.1156 
1750339160.6600 1303023413.5141 1384653238.7319 1657413158.3511 1668447098.0812 1801815298.5611 1880489272.4232 1932872775.2036 2048927127.7843 1688659548.7330 1869940425.8147 
2070157580.7722 1321219616.5481 2018642050.2326 1456528654.9946 1245695091.9912 1152573988.3432 1187275485.0754 1391002587.3518 1278616422.6907 1145487629.9911 1352460946.2687 
1904504891.6325 1727034315.4670 1667906180.4616 1464044413.0131 1639842752.1794 2007712111.8847 1737715993.2147 1233636710.1559 1515291546.3076 1690305747.8054 1602156714.4491 
1830760935.7751 1092671770.7287 1842642686.3688 1479302492.5798 1701566989.6523 1311011458.8126 2107618582.4227 1920234051.2896 1546108742.4007 1257833529.5894 1625587465.2836 
1102921347.9749 1172591429.9618 1142597568.1976 1787739301.0554 1715006893.1051 1695942745.8567 2136208950.5637 1565229349.7178 1082821419.0713 1952716857.3789 1447160360.5310 
1810045656.6971 1134701073.6425 1958217982.9133 1190682027.8459 1673256211.7756 2129777800.0045 1968986732.2613 2102350970.4752 1994306118.1323 1096433228.1972 1412597325.4069 
1433345156.3432 2074386671.8204 1913916881.1985 1256427672.6904 1079145877.2719 1598581106.7829 1826856560.7874 1411398126.9685 1608935010.1213 1966524145.9510 1854204237.4710 
1148685384.2568 1468328118.4035 1954506478.9983 1133033872.7446 2104397034.0013 1279603083.9800 1728220242.7558 1195992685.8036 2117580910.2525 2113242866.4382 1656628285.0619 
1757796825.0218 1576344218.1351 1550956000.9964 1746207938.4806 1582245075.4417 1933055876.0345 1405856281.1184 1254449769.9187 1109679373.3206 1658964511.3056 1759176704.8072 
1282360132.6608 1860276387.4564 1535819835.6403 1250485171.0577 2004461488.1255 1971694877.4920 2035864595.6082 1545144656.3671 1816136774.0640 1258184042.9288 1132749244.0679 
1238247069.9671 1496339646.3724 1675036124.9666 1741313615.0730 1608772683.1616 1677610466.9115 1210034867.7259 1174800761.2738 1311787118.6463 1109000533.5632 1559462546.9000 
2132345264.4156 2045645898.4266 1463063786.3428 1625726335.9915 1571949676.9986 1114921347.6970 1081791515.2937 1321013498.2301 1220668506.8763 1934951798.2045 1161841940.2293 
2060650714.9232 1192274871.0238 1770063325.8319 1382632467.4569 1125516131.5405 1913824849.4872 2072579912.2302 1595366344.2615 1292872735.6302 1959591523.3244 2078722704.9228 
1248488530.0142 1487227253.0173 1632276995.6098 1201031820.4210 1272086360.9032 1475880466.6921 1205480213.9082 2006054262.4016 2046300258.0272 1465813570.4666 1778198453.1543 
1622815095.3491 1279628178.4419 1459837526.2022 1401583220.5329 1411705848.6226 1620690544.5406 1980634577.4673 1745231595.8029 1726297914.9346 1683029787.2124 2137337458.0031 
1308504066.3108 1327101124.5720 2133030638.8700 1284963657.5821 1688210198.1723 1717746056.6562 1713450092.8107 1493327286.9839 1589237366.8109 2057528886.3747 1231743059.6280 
1162985912.1591 1086933770.4695 2069987370.1729 1079222384.9906 1872012390.1363 1128855941.6115 1454236123.1978 2129325709.8720 2002464846.7542 1313223017.7523 1203974884.3895 
1548948069.1946 1887894863.3978 2061792529.2825 1596068156.8361 2074430567.3507 1735631582.3760 1636244184.7175 1772704637.0021 1826599403.0422 1423159206.9668 1500218284.5667 
1737950798.8809 1869536362.0858 1673241870.7402 1306390132.6254 1965675496.6222 1901150798.3729 1781910088.2677 1244994671.0458 1519559563.7032 1865768746.8719 1149953759.7661 
2129334285.9459 1074904630.4575 2136850375.5907 1835296314.4893 1428284963.0368 1729572895.3963 2093590007.7259 1575495013.1758 1449207973.7554 1777818784.1925 1075813141.8682 
1263281150.3874 1662056598.4527 1296879822.0765 1519590036.7756 1545832524.3124 2106593522.7181 1792791334.1484 1170504435.1371 1914839231.5833 1137591819.2984 1462481714.5757 
1845518764.1407 1206310778.8348 1325321549.7679 1502602494.8552 1114898830.4603 1291934571.8131 2063300699.5786 1406472780.4630 1212834474.2049 1275047941.7779 1076763815.4988 
1240595825.3066 1718301615.9613 1717837464.6628 1941380980.7384 2118800923.9377 1849735461.2411 1340354171.4610 2108414946.0703 1832438143.4405 1446592386.6848 1716237500.6646 
1456761152.7651 1690006915.7246 1172001998.2097 1108727652.0530 2141569795.3065 1840342315.9300 1162592056.2813 1200563755.4928 1841583495.7704 1316969362.6390 1996723446.9481 
1332386559.3359 1981148732.0943 1199113308.8183 1789120476.8698 1362983698.0869 1813215758.4024 1434273611.7318 1896339797.4210 1931601379.2544 1796181039.0985 1810793502.7625 
1153409338.0128 1242157650.1642 1731115007.6967 1164412333.9297 1793605908.2913 1874895877.6683 1274645316.8146 1287322134.0438 1220483183.1950 1842006665.6676 1918349931.0109 
1453412188.5685 2082714908.8801 1643574627.6266 1253721309.8896 2146590197.5851 2141931531.0024 1740123025.6677 1729788574.9563 2102991313.4227 1427593913.6161 1466017722.7425 
1139375762.1572 1282938089.3703 1184724975.3506 1652419781.6341 1238572272.1009 1178039048.1211 1546620402.7090 1666822276.9747 1960219143.4922 1675775976.9595 1731936193.3546 
2075643848.7053 1445517328.1014 2108766351.6163 2051935332.3952 1830849421.9087 1635387352.4267 2090834626.5925 1098256059.1667 1751682407.9888 1816937604.5055 1199445180.6417 
1163830466.3848 1656290663.1095 1648042216.7772 1845122715.9053 1683227115.6793 1395226398.3564 1829391808.2607 1086152047.5074 1824399764.8261 1386145913.7172 2018011312.8692 
1852419519.9269 1594480653.2042 1646953471.0282 1328245478.4030 1690676462.4141 1527773463.7811 1303190637.1330 1834154978.4593 1829932762.4784 1929355485.5264 2089537797.7945 
2132785016.9807 1124762879.0106 1553555883.7565 1302714179.4153 1478329344.3990 1195929196.0651 1399957996.5873 1690455262.1626 1186887775.2325 1498221951.4173 1250005552.3024 
2097570917.4585 1782076523.5242 1227320038.3319 1379343225.2444 1806018269.4314 1899751924.8351 1296402497.8674 1212096902.2535 1082898983.3265 1087279951.6799 1960049271.7798 
1488628239.9558 2128769481.5369 2000696829.3993 1215341751.8240 1783166469.3740 1412079849.5343 1114535804.9963 1138798442.8293 1647834390.6918 1904482080.8341 1850049824.4030 
1584510285.1488 1316899398.6890 1116663927.5809 1337046830.6695 1421702916.5463 2077324653.2067 2103143566.3685 1476681441.8534 1162225539.1366 1553831539.4533 1690395950.9337 
1823570606.3612 2083841649.8777 1684269913.9828 2130525052.2025 1701121555.8601 1519051593.5202 1328375815.3958 1133819383.4156 1704392196.7765 1267689391.3833 1169728833.4947 
1975914920.5700 1224307013.3800 2143589569.8751 1132269646.5780 1894627611.3249 1589443463.5356 1077251868.0747 2125609564.4505 1874714951.5513 2121059696.6868 1859050180.4278 
1414303039.9303 1245512765.0178 1388155566.6356 1611181870.7186 2096310001.6566 1563732565.4525 1678840527.4120 1075714655.7277 2056555022.3554 1411031623.6731 1480651361.6335 
1153432277.6985 1192464887.7975 1589437617.1508 2074374956.9576 2129912497.8080 1563581363.4379 1084754588.1754 1468173543.0573 1912907307.2498 2049006230.0272 1619696536.2878 
1595192387.3288 1466793096.4307 1098452711.1874 2114851807.3661 1743371278.7348 1761892175.9083 1387816422.5113 2144569508.5611 1150684804.7645 1146502146.2519 1903171846.7216 
1102556148.4525 1098587016.5347 1574556650.9141 1174917420.6560 1596534619.3245 1957396426.8924 1922811286.5980 1098197668.6539 1628806456.9174 1150083638.2119 1980336184.3236 
1700163864.4256 1257845617.2817 1687398647.4358 1452520284.0577 1770975581.1094 1393203550.6064 1933180063.5259 1081725899.7884 1497669995.8811 1096691649.3398 1684790330.6829 
2132870323.7776 1326826334.8664 1697016367.8133 1842394194.6926 1290213826.4589 1940835490.9974 1083101081.2039 1138622329.3094 1475494207.6530 1947413499.5762 1487852242.5628 
2140033835.4741 1236735390.8468 1685226996.2173 1089254322.7232 1733090339.0206 1530752919.7306 1415095764.0555 1592477410.0451 1317672757.5434 2045022420.9981 1782379505.7606 
1544924466.4990 1301165148.8612 1380111382.1842 1103204187.7887 1490415601.9714 1364461036.8136 1607911247.2734 1922279943.3974 1779024386.6295 1549249486.2446 1298386440.2078 
1947576399.9655 1641305874.9806 1787450082.6305 1367586807.5180 1474366022.6125 2034351587.8275 2134064310.5742 1131516336.5291 1256921555.8353 1674904036.6921 1605248504.4125 
1225177332.9086 1933153064.9906 1461888093.9312 1786320283.9397 2020985622.2843 2051884687.8907 1475415931.6813 1406452286.9597 1922231405.7052 1604732695.5873 1634926996.2533 
1639866420.0696 1441570509.0427 1375483528.5441 1933763652.8430 1236373877.4999 1285421602.0156 1702431539.7696 1299713922.0683 2046532159.9471 1199839080.5338 1526713754.8056 
1780070720.2834 1463390924.8536 1786157265.2012 1821449136.3227 2145233734.3314 1694209241.4692 1389601416.3013 1420027472.3563 1652299544.6982 1863419211.2418 1788113211.9721 
1555883507.8833 1329748742.1573 1595728381.5908 1533336962.6876 2060815818.8805 1942186244.0144 1216132853.3993 1228056422.5485 2072087127.6528 2061024044.3385 1988797387.1874 
1544794115.0014 2057098411.5450 1954195137.4317 1836834754.4634 1417098662.0668 1104561332.7661 1171491854.7959 1865445885.7652 1317848990.3957 1613416507.4754 1328614632.9307 
1189052406.3361 2086387937.9063 1880754975.0940 1759257547.6213 2020317040.9807 1695542962.8263 1982540949.2917 1510058879.0039 1812133059.4661 1795727713.0949 1812194115.2159 
1089619775.9151 1473868198.6394 1673908088.5957 2041132687.5238 1908959973.4360 2011095793.0986 1554153508.0257 1742669510.5022 1598085242.2634 1999624375.5675 1801507525.9765 

-1,-1 -1,-1 -1,-1 -1,-1 1,-1 1,-1 -1,-1 1,1 1,1 1,1 -1,1 
1,-1 1,1 1,1 1,1 -1,1 1,1 -1,1 -1,1 1,-1 1,-1 1,-1 
1,1 -1,1 1,-1 1,-1 -1,-1 -1,-1 1,-1 -1,-1 -1,-1 -1,-1 -1,-1 
-1,1 1,-1 -1,1 -1,1 1,1 -1,1 1,1 1,-1 -1,1 -1,1 1,1 

1,1 1,1 -1,1 1,-1 -1,1 1,1 1,1 1,1 1,1 1,1 1,1 
1,-1 1,-1 -1,-1 -1,-1 -1,-1 -1,-1 1,-1 -1,-1 -1,-1 1,-1 -1,-1 
-1,1 -1,1 1,1 1,1 1,-1 1,-1 -1,-1 -1,1 -1,1 -1,-1 -1,1 
-1,-1 -1,-1 1,-1 -1,1 1,1 -1,1 -1,1 1,-1 1,-1 -1,1 1,-1 

1,1 1,1 1,-1 1,1 1,1 1,1 1,-1 1,1 1,1 1,1 1,1 
-1,1 -1,-1 -1,1 -1,1 -1,1 -1,1 -1,1 -1,-1 -1,-1 -1,1 -1,-1 
-1,-1 -1,1 -1,-1 -1,-1 -1,-1 1,-1 -1,-1 -1,1 -1,1 1,-1 -1,1 
1,-1 1,-1 1,1 1,-1 1,-1 -1,-1 1,1 1,-1 1,-1 -1,-1 1,-1 

1,1 1,1 1,-1 1,1 1,1 1,-1 1,-1 1,1 1,-1 1,-1 1,-1 
-1,1 -1,-1 -1,1 -1,1 -1,1 -1,1 -1,-1 -1,1 -1,1 -1,-1 -1,-1 
1,-1 -1,1 -1,-1 -1,-1 1,-1 1,1 -1,1 -1,-1 1,1 1,1 1,1 
-1,-1 1,-1 1,1 1,-1 -1,-1 -1,-1 1,1 1,-1 -1,-1 -1,1 -1,1 

1,-1 1,-1 1,-1 1,-1 -1,1 -1,1 1,-1 1,-1 -1,1 -1,1 -1,1 
1,1 -1,1 -1,1 1,1 1,1 1,1 1,1 -1,-1 -1,-1 1,1 1,1 
-1,-1 1,1 1,1 -1,-1 1,-1 -1,-1 -1,1 -1,1 1,1 -1,-1 1,-1 
-1,1 -1,-1 -1,-1 -1,1 -1,-1 1,-1 -1,-1 1,1 1,-1 1,-1 -1,-1 

-1,-1 -1,-1 -1,-1 -1,-1 -1,-1 1,-1 1,1 1,-1 1,-1 -1,1 -1,1 
1,1 1,1 1,-1 1,1 1,1 -1,1 -1,1 -1,1 -1,-1 1,1 1,-1 
-1,1 1,-1 -1,1 1,-1 -1,1 1,1 -1,-1 1,1 -1,1 1,-1 1,1 
1,-1 -1,1 1,1 -1,1 1,-1 -1,-1 1,-1 -1,-1 1,1 -1,-1 -1,-1 

1,1 -1,1 -1,-1 -1,-1 1,1 -1,1 -1,1 -1,1 -1,1 -1,-1 -1,1 
-1,-1 1,-1 1,-1 1,-1 1,-1 1,-1 1,1 1,1 1,-1 1,-1 1,-1 
-1,1 1,1 -1,1 -1,1 -1,-1 1,1 1,-1 -1,-1 -1,-1 1,1 -1,-1 
1,-1 -1,-1 1,1 1,1 -1,1 -1,-1 -1,-1 1,-1 1,1 -1,1 1,1 

1,-1 -1,1 1,-1 -1,-1 -1,1 1,-1 1,1 -1,-1 1,-1 1,1 -1,-1 
-1,-1 1,-1 -1,1 1,1 1,-1 -1,1 -1,-1 1,-1 -1,-1 1,-1 1,1 
-1,1 1,1 1,1 1,-1 -1,-1 -1,-1 1,-1 1,1 1,1 -1,-1 -1,1 
1,1 -1,-1 -1,-1 -1,1 1,1 1,1 -1,1 -1,1 -1,1 -1,1 1,-1 

1,-1 -1,1 1,1 1,-1 -1,1 -1,-1 1,1 -1,-1 1,-1 -1,1 -1,-1 
-1,1 -1,-1 -1,1 1,1 -1,-1 1,-1 -1,-1 1,-1 -1,-1 1,-1 1,1 
-1,-1 1,-1 1,-1 -1,-1 1,-1 -1,1 -1,1 -1,1 1,1 1,1 -1,1 
1,1 1,1 -1,-1 -1,1 1,1 1,1 1,-1 1,1 -1,1 -1,-1 1,-1 

1,1 1,-1 -1,1 1,1 -1,-1 1,-1 -1,-1 1,-1 -1,1 1,1 -1,-1 
-1,-1 1,1 1,-1 -1,1 1,-1 -1,1 1,-1 -1,1 1,1 -1,1 1,-1 
1,-1 -1,-1 -1,-1 -1,-1 -1,1 -1,-1 1,1 -1,-1 -1,-1 1,-1 1,1 
-1,1 -1,1 1,1 1,-1 1,1 1,1 -1,1 1,1 1,-1 -1,-1 -1,1 

1,1 -1,-1 -1,1 1,-1 -1,1 -1,-1 -1,1 1,-1 1,1 -1,-1 1,-1 
-1,1 1,1 1,-1 1,1 1,-1 -1,1 -1,-1 1,1 1,-1 1,1 -1,-1 
1,-1 -1,1 1,1 -1,-1 1,1 1,-1 1,1 -1,1 -1,1 1,-1 1,1 
-1,-1 1,-1 -1,-1 -1,1 -1,-1 1,1 1,-1 -1,-1 -1,-1 -1,1 -1,1 

1,1 -1,1 1,-1 -1,1 1,1 -1,1 -1,-1 1,-1 -1,-1 1,1 -1,-1 
1,-1 -1,-1 -1,1 1,-1 -1,1 -1,-1 1,-1 1,1 1,-1 -1,-1 -1,1 
-1,1 1,-1 -1,-1 1,1 -1,-1 1,1 -1,1 -1,1 -1,1 -1,1 1,1 
-1,-1 1,1 1,1 -1,-1 1,-1 1,-1 1,1 -1,-1 1,1 1,-1 1,-1 

1,-1 -1,-1 1,-1 -1,-1 -1,1 -1,-1 1,1 1,-1 -1,1 1,-1 1,1 
-1,-1 1,-1 -1,-1 -1,1 1,-1 -1,1 -1,-1 1,1 1,-1 -1,-1 -1,1 
1,1 -1,1 1,1 1,1 -1,-1 1,1 1,-1 -1,1 -1,-1 -1,1 1,-1 
-1,1 1,1 -1,1 1,-1 1,1 1,-1 -1,1 -1,-1 1,1 1,1 -1,-1 

-1,-1 1,1 1,-1 -1,1 1,-1 1,1 1,-1 -1,1 1,-1 -1,1 1,1 
1,-1 -1,-1 1,1 1,-1 -1,-1 1,-1 -1,1 1,-1 -1,1 1,-1 -1,1 
1,1 1,-1 -1,1 1,1 -1,1 -1,-1 1,1 1,1 -1,-1 -1,-1 -1,-1 
-1,1 -1,1 -1,-1 -1,-1 1,1 -1,1 -1,-1 -1,-1 1,1 1,1 1,-1 

-1,1 -1,-1 1,1 -1,1 1,1 -1,1 1,-1 -1,-1 -1,1 1,-1 1,1 
1,1 1,-1 -1,-1 1,-1 -1,1 1,-1 -1,-1 1,1 1,-1 -1,-1 1,-1 
1,-1 -1,1 -1,1 -1,-1 1,-1 1,1 -1,1 1,-1 -1,-1 -1,1 -1,1 
-1,-1 1,1 1,-1 1,1 -1,-1 -1,-1 1,1 -1,1 1,1 1,1 -1,-1 

-1,1 -1,-1 1,-1 1,1 1,-1 1,1 -1,1 -1,-1 -1,1 1,1 1,-1 
-1,-1 1,-1 -1,1 1,-1 1,1 1,-1 1,1 1,-1 -1,-1 1,-1 -1,-1 
1,-1 1,1 -1,-1 -1,1 -1,-1 -1,-1 -1,-1 1,1 1,1 -1,-1 -1,1 
1,1 -1,1 1,1 -1,-1 -1,1 -1,1 1,-1 -1,1 1,-1 -1,1 1,1 

-1,-1 -1,1 -1,-1 1,1 1,-1 -1,1 1,-1 1,1 1,-1 -1,-1 1,1 
1,1 -1,-1 1,-1 -1,-1 -1,1 1,-1 -1,-1 1,-1 -1,-1 1,1 -1,-1 
1,-1 1,1 -1,1 1,-1 -1,-1 -1,-1 -1,1 -1,-1 1,1 -1,1 1,-1 
-1,1 1,-1 1,1 -1,1 1,1 1,1 1,1 -1,1 -1,1 1,-1 -1,1 

-1,-1 1,1 -1,1 1,1 1,-1 -1,1 1,1 -1,1 1,-1 1,1 1,-1 
1,1 -1,1 -1,-1 1,-1 -1,1 1,1 -1,-1 1,-1 -1,1 1,-1 -1,1 
1,-1 1,-1 1,-1 -1,1 1,1 -1,-1 -1,1 -1,-1 -1,-1 -1,1 -1,-1 
-1,1 -1,-1 1,1 -1,-1 -1,-1 1,-1 1,-1 1,1 1,1 -1,-1 1,1 

-1,1 1,1 -1,1 -1,-1 1,-1 1,-1 1,-1 -1,1 -1,1 1,1 -1,-1 
1,1 -1,1 1,-1 -1,1 1,1 1,1 1,1 1,1 -1,-1 1,-1 1,-1 
1,-1 1,-1 1,1 1,1 -1,1 -1,1 -1,-1 1,-1 1,1 -1,1 -1,1 
-1,-1 -1,-1 -1,-1 1,-1 -1,-1 -1,-1 -1,1 -1,-1 1,-1 -1,-1 1,1 

-1,-1 -1,-1 -1,1 -1,1 1,1 1,1 1,1 1,-1 1,1 1,1 1,1 
-1,1 1,-1 1,-1 1,-1 1,-1 1,-1 -1,-1 -1,-1 -1,-1 -1,-1 1,-1 
1,-1 1,1 -1,-1 -1,-1 -1,1 -1,1 1,-1 -1,1 1,-1 1,-1 -1,1 
1,1 -1,1 1,1 1,1 -1,-1 -1,-1 -1,1 1,1 -1,1 -1,1 -1,-1 

1,1 -1,1 -1,-1 -1,1 -1,1 1,1 1,-1 1,-1 -1,-1 -1,-1 -1,-1 
-1,-1 1,-1 1,1 1,1 -1,-1 -1,-1 -1,-1 -1,1 1,1 -1,1 1,-1 
-1,1 1,1 1,-1 1,-1 1,-1 1,-1 1,1 1,1 -1,1 1,1 1,1 
1,-1 -1,-1 -1,1 -1,-1 1,1 -1,1 -1,1 -1,-1 1,-1 1,-1 -1,1 

-1,-1 1,-1 1,-1 1,-1 1,-1 1,-1 -1,1 1,-1 1,-1 1,-1 -1,-1 
-1,1 1,1 -1,1 1,1 1,1 1,1 1,1 1,1 -1,-1 1,1 1,1 
1,1 -1,1 -1,-1 -1,1 -1,-1 -1,-1 -1,-1 -1,1 -1,1 -1,-1 1,-1 
1,-1 -1,-1 1,1 -1,-1 -1,1 -1,1 1,-1 -1,-1 1,1 -1,1 -1,1 

1,-1 -1,1 -1,1 1,-1 -1,1 -1,1 1,1 -1,1 -1,1 1,-1 1,-1 
1,1 1,1 -1,-1 -1,-1 -1,-1 1,-1 1,-1 1,-1 -1,-1 -1,-1 -1,1 
-1,-1 1,-1 1,1 1,1 1,-1 -1,-1 -1,1 -1,-1 1,1 -1,1 1,1 
-1,1 -1,-1 1,-1 -1,1 1,1 1,1 -1,-1 1,1 1,-1 1,1 -1,-1 

1,-1 1,-1 1,-1 -1,1 -1,1 1,-1 1,-1 1,-1 1,-1 1,-1 -1,1 
-1,1 -1,-1 -1,-1 1,1 1,1 1,1 1,1 -1,-1 -1,-1 -1,-1 -1,-1 
1,1 -1,1 1,1 -1,-1 -1,-1 -1,1 -1,1 1,1 -1,1 1,1 1,-1 
-1,-1 1,1 -1,1 1,-1 1,-1 -1,-1 -1,-1 -1,1 1,1 -1,1 1,1 

1,-1 -1,-1 -1,-1 -1,-1 1,1 1,1 -1,-1 1,1 -1,1 1,1 1,1 
1,1 1,1 1,1 -1,1 1,-1 -1,1 1,-1 1,-1 1,-1 1,-1 1,-1 
-1,1 -1,1 -1,1 1,-1 -1,1 -1,-1 1,1 -1,-1 1,1 -1,-1 -1,1 
-1,-1 1,-1 1,-1 1,1 -1,-1 1,-1 -1,1 -1,1 -1,-1 -1,1 -1,-1 


4 2 5 1 
6 5 9 2 
8 4 0 10 
9 5 0 4 
6 1 3 5 
6 1 0 5 
6 1 8 5 
4 6 1 10 
0 2 6 1 
6 1 7 8 
0 6 3 4 
4 8 5 6 
8 0 4 3 
10 4 1 8 
6 8 10 9 
8 0 3 2 
0 2 3 5 
4 10 5 1 
10 4 6 0 
5 9 7 10 
1 6 8 4 
2 4 0 9 
5 8 1 6 
5 4 6 3 
5 2 4 9 


