1102019387.5769 1551850764.2559 2059595260.7753 1943001328.4626 2101496936.6030 1471696513.9616 1511397697.4480 1219889606.8926 1326817259.0422 2047130962.0683 1394434823.4015 
1776457567.5163 1133015929.2681 1571173522.3643 1733490571.1986 1955510174.2585 1820809223.7405 1769735128.9735 1796119228.2734 1990207121.9458 1381087155.3821 1292008192.6013 
1800732155.9103 1518221967.6087 2039136934.5648 2047901975.4459 1202060062.2566 1655102751.8074 1108551737.9777 1273487517.1213 1392307975.5802 2030640782.6075 1958119682.3682 
1769765237.6159 1593169801.3200 1490910768.1237 1451227320.2698 1503165599.2408 1158757884.4082 1191457436.9767 1855290464.5137 2001239371.5521 1805158379.1195 1696996566.4165 
1529909732.2466 1374851993.4189 1467684550.9663 2071606986.0706 1522208065.5789 2069721179.2900 1776373708.0566 1791982471.2255 1204516384.8383 2146052501.9887 1406346595.6091 
2080854139.5257 1775633337.1866 1366831282.0351 1145466532.8931 1239253218.4982 1599920437.3433 1980536247.9126 1648725348.4435 2073874656.9648 1366679573.1817 1217833700.2732 
1555225427.1646 1429842635.1001 1148748452.0463 2025500737.9160 1776684271.9714 1580749310.4593 1676040817.0887 1804050262.4945 1281641130.3571 2004693561.4638 1831843533.6781 
2124750955.1627 1812996666.7740 1839480221.3945 1154645532.0268 1724215874.7881 1819554776.5447 1233955729.6568 1771710841.0432 1337605508.8090 2139334274.5870 2008020620.0901 
1651697401.5491 1738079415.9125 1860297049.0838 2111366327.3380 2108835966.7965 2058638887.9462 1678236028.7311 1299856411.2054 1376291199.4380 1411683275.1779 2118347010.3274 
1253168105.1330 1369008401.0313 2042651833.7676 2133815552.5348 2039680905.4280 1494181963.1875 1998588656.8811 1542458811.1293 1578634998.8224 1980649218.3250 1270610457.9755 
1441233258.6089 2052327045.0350 1963149284.0976 2105957133.7925 1360162195.7649 1387819833.4241 1447486343.9386 2129078335.5455 1940608453.7606 2134132076.4059 1612514911.5074 
1590887171.6188 1414502566.6878 1834966849.1283 1077945592.1320 1954974443.2210 2098307648.3061 1568246441.5910 1315403436.9008 1187837262.9393 1467340244.8196 1394176150.2450 
2119966364.8117 1917061993.9250 1701988263.2202 2136489850.3784 1348162822.2141 1281962368.9140 2008465462.9814 2004509574.8592 1309946816.7521 1777240427.2827 1504156421.2407 
1232467228.7314 1494279809.6353 2024761222.1713 1134723065.0858 1342465595.0120 2059073293.5491 1116942270.6082 1600253450.0930 1536958296.6058 1555056886.7514 1548850717.3919 
1959295874.2024 2045379286.5779 1349735864.6506 1348760269.7874 1257160132.0667 1158099306.5780 1420293831.0356 2098854019.6987 1565271025.8643 2089687713.8352 1314695259.8921 
1110111533.8244 1522154437.0604 1695476120.5217 1306934090.1394 1893506916.8122 1212100067.4132 1763864916.9854 1361443901.4261 1972557780.4998 1718041531.0656 1705748816.6160 
1899373386.5890 2118852159.6708 1785554269.0823 1121652782.9517 1234111444.6182 1430071573.4437 1285995880.4659 1323761829.4115 1105980403.7789 1086791043.3232 2083112125.0681 
1600246933.1950 2112987866.5913 1505858583.4257 1641155362.4338 1612778275.7899 1200123609.8160 1271359654.2946 1764417954.7734 1136557525.0449 1868745587.3593 1182219695.5940 
1674153795.0471 1233192440.6943 2100761150.8759 1121685224.3771 1842180129.4384 2070568868.0103 2068631827.9631 1086920761.8888 1835230770.3524 1400827117.4983 1162107233.4726 
1103796135.6083 1556162469.6654 1425217261.9294 1505752315.6789 1087812395.5867 1973084711.9591 1511910933.4976 2139518225.2658 1883247158.9136 1482244587.8681 2064077409.5158 
1869102345.4727 1521999668.7026 1896986889.9981 1107341388.0512 1926085921.2564 1482827673.6406 1726358217.2647 1806444605.7993 1599565276.8922 1923400682.5798 1841614480.9591 
1742956279.2782 1512117235.9277 1225846408.0295 1172088916.5182 1111884083.2362 2038848183.9142 1828654131.4818 1298873001.9321 1495046867.3521 2125539680.7684 1185334683.3623 
1956789497.6893 1570647938.5199 1537909477.9030 2080897904.1854 1100312418.4001 1568047415.9116 1444632599.4635 1614851079.7321 1314829962.1454 1975844786.6849 1715579046.2886 
1137810622.3148 1167544354.5134 1898809099.9016 2122955896.2583 1618764321.5443 1738204087.1661 1888975599.5863 1252205566.4868 2044837308.6276 1162169795.7342 1818630535.7637 
1124257252.8212 1713183332.9479 1449593629.8554 1569497913.0167 1944689612.7813 1335097597.6024 1856792406.1961 2136166691.4325 1090296083.4447 1458094145.9177 1725653464.1903 
1482588478.9820 1478396847.6618 1615360730.4841 1957992851.2331 1479904594.8533 2056581635.1952 1658326937.1117 1600826433.6698 1498802945.0547 1464572576.5493 1550868109.2301 
1490065797.0542 1201292179.4239 1372981943.0349 1883252654.7176 1194298685.6430 2089417684.9684 1418578456.3755 1953754584.6384 2122063884.2811 2079448608.4922 1906830301.8085 
1412846492.8739 1308419939.1769 1444628579.0230 1941961738.5053 1308698040.7285 1277035070.0434 1982738533.8946 1282147013.8380 1567998731.5163 1904885672.0111 1780158870.9966 
1724940934.2871 1224491760.1651 1524569001.7445 1638909275.3663 2008007351.5793 2061561884.3270 1524887060.9647 1302029051.5418 2075941936.5935 1093742369.6068 1250899885.1966 
1205685400.6273 1671338295.1957 2142118781.0057 1634530842.0348 1165435597.0273 1260404488.8032 1252001891.0570 1991646385.9840 1602522969.3525 1557163735.3867 1960400384.2641 
1620997881.3270 1687343420.0994 1586897392.7506 2048353725.0526 1481286154.0522 1585892257.5694 1544370920.7167 1910029383.0959 1496235061.9887 1142384663.6520 1815622815.4151 
1334876311.4778 1919097244.5222 1377905649.8469 1943908383.3088 1978350143.0873 1828365112.0015 1329452645.6986 1856246209.5161 1106444976.6987 1956202021.7688 2013830163.8349 
1656231832.0210 1507632982.6860 1683554089.8604 1259377277.7889 1116933050.8918 2076121481.4640 2064774700.4163 1976612340.0301 1263902129.8751 1167946915.8525 2004683469.6508 
1876172018.1404 1701414558.1996 1305957689.1149 1618885042.4148 1324928455.2261 1831532269.0851 2030567715.6390 1804432316.6532 1363484414.9234 1183285106.2345 1258408259.4982 
2082957506.2076 1082134488.0024 2059842216.6025 2041804224.4874 1890999059.1749 2083340315.5972 1973147339.8282 1260283694.7534 1304441368.1604 1596433027.5266 1697112504.3549 
2019711544.6101 1329743972.2468 1876016768.8145 1465037944.2644 1361081482.1955 1200730784.9445 1177978103.9596 1536463897.7226 1230958239.5802 1191138307.0431 1523869036.7074 
1965589574.6924 1922984614.7207 1488488388.3739 1435674721.7968 1703807734.2073 1472768442.0001 1593364416.9136 2118852975.2316 1289627775.6268 1184321903.7062 1365572771.2123 
1675263968.5370 1805808556.4162 1504260882.8255 1521639039.3183 2097198560.3622 1606093418.9461 1621388257.8902 1174853041.6774 2087743868.2781 2093024837.9037 1120819309.8291 
1889315042.7054 1427055147.3062 1135872959.7184 1512391664.1697 1552531397.4815 2113553239.1524 1179713740.0468 2009901691.7472 1618302201.2400 1075865124.4326 1613475930.6204 
1190646808.7673 1395456408.2412 1702436688.9426 1918342004.6848 1165052987.2379 2103608440.0940 1471796487.9871 1208241349.9480 1409488607.9556 1811491357.3654 1663169890.9492 
1367760474.3555 2060743861.5177 1803412805.8220 2101877912.6321 1987899250.9240 1925131184.3265 1638585633.3136 1679806930.2407 1103792833.3173 1763297268.8325 2086511922.6587 
1263703316.4897 1193624374.8204 1278827204.4361 1785567449.7369 1765007777.6540 1164079603.6867 1647042563.5508 1534745442.7926 1725473119.0915 2023385907.5742 1505526437.1674 
2036400814.2024 1535376711.5547 1141321807.4880 1186144705.0106 1820334971.4018 1501575910.0121 1856914435.6169 2115804716.3685 1833912875.2769 1415204653.6974 1772827415.0653 
1711822074.8962 1736471267.4689 1223147775.9045 2064814256.7292 1277642243.6887 1465644109.6650 1724261117.2778 2030824362.0956 1187985721.5877 1258435294.7869 1416961289.7990 
1802919370.8414 1353496132.0733 1928101179.2562 1654321038.0725 1398995351.6302 1273699384.7404 1710346688.5346 1571402171.7682 1839769625.0871 1146637330.7843 1624259332.5199 
1937409755.8577 1932077325.1835 1547321157.5916 1157289399.4845 1687909662.9462 1127341597.2542 1398365537.2939 1474981965.9987 1702804078.8394 1205347191.8961 1104853343.0212 
1922071075.7803 1704433932.4253 1901963824.8007 1153796418.5458 1699149366.6193 1779197155.3274 1875924068.9010 1351305338.4330 1646204381.3477 1165141367.3885 1694976861.4051 
1468917559.3828 1450665789.6423 1546233542.3862 1077359577.3980 1703893408.9007 1331529026.0391 1852624696.2632 1515000042.2359 2138281820.4412 1928453512.2791 1876606740.5370 
1564203382.9741 1374623675.3135 1586411896.7899 1898046288.1130 1901230217.5818 1995792034.0884 1319785574.5346 1561691025.0837 1343820623.6222 1955480727.5576 1117554375.8550 
1466704390.2592 1620712312.9796 1582431624.7668 1522047291.6117 1304463384.8190 1741348548.8339 1911763284.7172 1642624981.1952 1468195013.1570 1088942384.6505 1444129657.3102 
1735081829.4079 2079388022.8277 1158577330.1375 1891965741.7160 1606355649.2185 2093735181.8824 1289570227.0457 1608662617.6510 1092591099.5052 1089571299.0361 1491935145.7768 
1130336625.9881 1235834837.0828 1940211729.4067 1710082847.9061 1580437522.2117 1882436369.3408 1573556228.6076 1610663837.7321 1205093187.2723 1770340463.1530 1498084467.2334 
1449648583.4123 1487551495.3705 1794418703.7985 1493250922.1741 1840081596.9468 1376080066.9396 1622018266.7214 1154173392.5888 1467041551.8534 1573375399.5742 1939889959.1235 
1753333768.4281 1403755293.0448 1652946854.8467 1274241938.7592 1394899008.4870 1493396106.3855 1157683829.9475 1721294880.0642 1343936008.2410 1787796625.3045 1366977990.2296 
1458618842.8330 1547533570.1309 1738020432.1878 1733322907.0040 1488475151.0114 1079833135.3618 1377827724.9561 1767511808.0347 1309344272.4195 2054721449.8254 1258452618.6808 
1976685276.4558 2135533324.7577 1888099189.7308 1181539283.5618 1911437706.9429 1118168281.6587 1117454439.7386 1766501964.7563 1278008492.9869 1785916686.8296 1469766904.6123 
1370501207.7149 1967781408.3812 1915118357.3675 1388102765.2162 1841992036.0203 1205231512.7323 1835438847.7962 1517032525.2350 1747995107.4847 2134788396.9433 1498447059.0378 
1556332150.3494 1205445990.0528 1470769456.6352 1311614001.0064 1123949436.7223 1851062355.6673 1773846162.2495 1266920113.9550 2112864343.3524 1488735187.9430 1491753537.2806 
1387179968.8059 1745897809.2087 1189901848.1491 1489035096.9980 1205073551.3608 2036611300.7473 1382140861.0593 1487051868.0297 1084725596.7273 1515879994.3748 2008900559.2075 
2145105198.3954 2035365430.2810 1275018319.2089 1123730848.3107 1533656686.1609 1463831237.8268 1352603256.2435 2069564264.4000 1235150952.3245 1608478344.2455 1245914130.7058 
2023544159.8686 1759035233.1420 1608358252.3572 2027482882.4938 1569044383.2910 1229456074.0657 1132522797.7320 1728425757.1513 2103865769.7576 1586158554.1076 1657329133.4061 
1748658340.9983 1635739934.1693 1782496978.5648 1701299175.5640 1897354665.2626 1773135092.0496 2038330911.1083 1944003681.5409 1664610001.0409 1118830301.3945 1290837212.0813 
1403600626.8759 1817141412.2891 1099642773.1438 1305751334.9265 1943725241.1023 1777354014.9668 1608332381.7267 2138404369.3946 1551353572.8870 2123604053.9437 2056675760.5249 
1787343179.9685 1972324699.7446 1805662734.8230 1423571936.1091 1413808999.2163 1115821851.0305 1452954612.6870 2007665944.2291 2088608392.6802 1321059391.4508 1713473373.1944 
2063434518.1971 1813426593.3894 2013156099.4210 1897551150.9702 1416311567.2550 1672874529.1353 1760790815.6736 1477260495.9749 1265614737.2648 1388079875.9610 1265536967.8043 
1113169756.5963 1283930979.7733 1442934892.3618 1349217724.1978 1229967070.6216 1882765321.9299 1969239035.0506 1841564605.2069 1573903298.7304 1224397776.5887 1637353023.1140 
2124243385.5077 1664049492.6629 1156289825.5427 1144498766.6170 1670725290.8259 1592251711.1960 1430960842.3825 1237300153.8803 2062851470.9891 1356520437.4007 1833910854.8378 
1904614151.6373 1337765370.9595 1911460796.6260 1422594128.6229 1122224100.7921 2106089400.9017 1593431172.5173 1982670912.1272 1607899201.1121 1913269160.7947 1994869793.8088 
1372385936.3658 1074233394.2996 1280515358.5398 1878349564.0354 1882705125.9107 1864667176.9821 2049137659.9823 1644383270.3394 1352180343.3100 2123620514.6404 1505911970.6408 
1443362667.6674 1515267479.7004 1359210267.3087 1380107042.9668 1656261214.2698 1312341069.7341 1227216479.0087 1406033843.4588 1637791000.6654 1247224965.6187 1531237298.1692 
1579408552.4995 1083364619.0435 1580170036.7832 1987597851.8453 2089247347.6205 1809446601.4064 1273331884.0831 1133359918.6210 1824521775.2924 1367463325.1547 1227567777.4162 
1465450447.2635 1859775332.8884 1319634417.5175 1867831233.6858 2035329357.7325 1496503782.1328 1860567258.9240 1737133296.1042 1791324142.6149 1976471252.9049 1753709316.7271 
2088868040.6221 1371773929.0302 1905573644.7840 1665745706.2743 1525675435.1619 1242306630.6563 1730422592.3620 1586723487.9039 1878601505.0335 1371351854.4062 1376945563.4884 
1611829856.9856 1334356470.0184 1272500599.8516 1651593241.5977 1789591123.1453 1865147899.7380 1491070112.2248 2003804680.0315 1818032250.2085 1872981446.3361 1233214537.7929 
1221376473.7298 1748675529.5719 1501031503.6783 1799231386.8025 1873042463.1936 1180494324.2214 1706223536.5735 2013229597.4104 1391502956.5742 1131546880.9698 1806612814.5863 
1114313170.7568 1602814972.0191 1404158035.5295 1347233765.2140 2134859282.4372 1760185420.8364 1865411869.0984 1272882259.0876 1824862815.2461 1683719688.6183 1315595651.6373 
1123797248.8840 1909255013.0304 1674466705.0942 1351425959.2534 1976433084.0993 1397579999.0967 1623110220.4888 1472312763.4311 1717930503.4633 2109963081.1235 1303399148.5641 
2138050573.3742 1458380631.0315 1947351505.1389 1231427573.3388 1526704928.0288 1740799588.6778 1945738467.4525 1478512784.4447 1822687293.5845 2001682995.3880 1418025540.2309 
2139645362.9842 1637446291.6797 1763881522.4021 1899906123.5575 1145273323.4335 1560778234.7855 1465350814.5915 1991465099.2313 1407103868.2517 1972774821.8517 2059159161.5820 
1947572362.0538 1320066969.6499 1724673322.4378 2103756243.8895 1998938909.6348 1411766423.2488 1267961798.6862 1985823320.8867 1408575375.0984 1491775391.4203 1800765938.3622 
1894735866.2238 1712894877.9978 2023661456.6325 1733127623.5359 1145627548.1637 1502806941.5038 1128154185.5727 1600144331.8415 1094285680.8395 1094592822.3032 1553202932.6341 
1530641826.3652 1429554593.6995 1488472978.1084 1441440100.6816 2136454950.7322 1126891899.7348 2011507527.8455 1866466849.5390 1920357537.4472 1707828535.5177 2052812002.5086 
1398132247.3669 1722314046.4033 1144562793.5317 1464980355.1354 1082592845.9855 1839720257.9847 1949823566.6460 1235430220.1898 1168285354.5211 1900986833.7030 1581264475.7976 
1097074218.0814 1212498853.7372 1751305047.0948 1320285854.0896 1902890462.3168 1899317943.9923 1509355224.1693 1334713343.0144 1884679503.7147 1326313715.4329 2050945175.6310 
1839599174.6675 1830057044.0868 1314352922.4263 1501923230.0101 1222500272.7443 1823359646.4367 1629033212.3030 2045411013.3204 1851464332.3662 2129178310.7265 1919927355.0237 
1161191087.1419 1493658458.3013 1591035155.4044 1247582279.1905 1087207660.0521 1822585511.0860 1475717688.6016 1295506232.2181 1681410064.1761 1534271192.2649 2022264398.6563 
1906584783.7636 1497804751.5315 1109960994.9068 1378081296.7480 1196809749.4877 1528230896.0983 1645230663.5315 1783626992.8438 1933012029.6237 1466785075.3320 1892232266.8639 
1981636473.1540 1998678886.3802 1733274037.5132 1089177061.2570 1074202362.3023 1536835444.5356 1167760434.9292 1364151963.0948 1800470606.5338 1211733206.2763 1582411159.9452 
1692054230.6099 1787754980.8062 1741889275.7529 1983852785.5163 1663851935.9140 1777315898.5749 2123509931.9082 1842581066.0889 1641922246.7490 1163720714.3736 1580432330.6799 
2143512087.0433 1397119228.7183 1124010064.9178 1578373902.3878 1860171257.6694 1390505005.1821 1490210676.9935 1619506420.9473 1869293480.5962 1468606233.1488 2096628112.3073 
1674446335.5452 1513035965.7444 1540091721.0125 2044776803.2308 1678337899.7414 2128819314.2748 1693236537.0030 1607685028.8916 1318564168.5647 1467921597.9372 1294359581.7019 
1818178681.3293 1249901074.4018 1442524792.5308 2107456592.6944 1403694618.0408 1534200486.7612 2140205152.7127 1719962627.1376 1242793385.7201 1176020742.1552 1531510533.3989 
2068054064.5930 1660599856.9013 1179184064.0659 1130566150.7828 1688574985.3008 1234827195.0614 1940383192.5207 1417527696.4755 1639643625.6222 1665466161.0075 1962139942.8805 
2143275650.4278 1611834939.0678 1421991493.1397 1464261227.8942 1351084070.6074 1424354583.9094 2029738818.9153 1348715644.7416 1386943772.3383 1176434199.8297 2143631856.2049 
1717841871.9543 1269288063.1469 1627309318.9326 1749091810.5526 1891843517.3003 1446114692.1127 1978363315.6701 1144422312.9677 1477334300.0475 1297646857.3723 1848363958.5849 
1402520136.2851 2039945852.0403 1443901368.2142 1455656807.3610 1478164171.3843 1215082664.2903 1146039117.7529 1377602608.1083 1998895815.4883 1434439036.4327 1120246901.9929 
1283219021.1610 1416931828.2655 1157503082.0097 1308696052.2654 1141976123.9021 1927360664.8218 1496160910.6297 1734451278.6231 1611059274.9566 2081975119.6838 1195281736.4193 
1635016659.7390 1937222414.0483 1819750364.6127 1691170773.1133 1690112139.3010 1958948847.2661 1693179172.5339 1394122206.7438 1886589221.6722 1501757097.5425 1863333672.0409 
1408805596.4494 1120030943.8759 2061355808.6955 2135930991.4210 1183356547.6867 1810078834.5711 1338639263.5920 1667774878.7384 1230205176.2678 1746579675.6666 1643491030.4081 
1833017268.2748 2137133816.8604 1195795198.6121 1969542141.5691 1752619733.4963 1222170935.2874 1122630148.2066 1225687810.2596 2107629353.6483 1618050855.5925 1223762885.6032 

1,1 1,1 -1,-1 -1,-1 1,1 1,1 1,1 -1,-1 1,1 1,1 1,1 
1,-1 -1,1 -1,1 -1,1 -1,1 -1,-1 1,-1 1,-1 1,-1 -1,-1 -1,-1 
-1,-1 1,-1 1,-1 1,-1 1,-1 -1,1 -1,-1 -1,1 -1,-1 -1,1 -1,1 
-1,1 -1,-1 1,1 1,1 -1,-1 1,-1 -1,1 1,1 -1,1 1,-1 1,-1 

1,1 1,1 1,1 1,1 1,-1 -1,1 1,1 1,-1 1,-1 1,-1 -1,1 
1,-1 -1,1 -1,-1 -1,-1 -1,-1 -1,-1 -1,-1 -1,-1 -1,-1 1,1 1,1 
-1,1 -1,-1 1,-1 1,-1 1,1 1,1 -1,1 -1,1 1,1 -1,1 -1,-1 
-1,-1 1,-1 -1,1 -1,1 -1,1 1,-1 1,-1 1,1 -1,1 -1,-1 1,-1 

1,-1 -1,1 -1,-1 1,-1 1,1 -1,-1 -1,1 1,-1 -1,-1 -1,1 1,-1 
1,1 1,1 1,-1 -1,1 -1,-1 -1,1 -1,-1 1,1 1,-1 1,1 -1,1 
-1,1 1,-1 -1,1 1,1 -1,1 1,1 1,1 -1,1 1,1 -1,-1 1,1 
-1,-1 -1,-1 1,1 -1,-1 1,-1 1,-1 1,-1 -1,-1 -1,1 1,-1 -1,-1 

1,1 1,-1 -1,-1 -1,1 1,1 -1,1 -1,-1 1,1 1,-1 -1,1 -1,-1 
1,-1 1,1 1,-1 -1,-1 1,-1 1,1 -1,1 -1,-1 1,1 1,-1 -1,1 
-1,1 -1,1 -1,1 1,-1 -1,1 1,-1 1,-1 -1,1 -1,1 1,1 1,1 
-1,-1 -1,-1 1,1 1,1 -1,-1 -1,-1 1,1 1,-1 -1,-1 -1,-1 1,-1 

1,-1 -1,-1 1,1 -1,1 1,-1 -1,1 1,-1 1,1 -1,1 -1,-1 1,-1 
-1,-1 1,-1 -1,1 -1,-1 -1,1 1,-1 1,1 1,-1 -1,-1 1,-1 -1,1 
-1,1 -1,1 -1,-1 1,-1 1,1 -1,-1 -1,-1 -1,-1 1,1 1,1 -1,-1 
1,1 1,1 1,-1 1,1 -1,-1 1,1 -1,1 -1,1 1,-1 -1,1 1,1 

-1,1 1,1 -1,-1 -1,1 -1,-1 1,1 -1,-1 1,1 1,-1 -1,1 -1,-1 
1,1 -1,1 1,1 -1,-1 1,-1 -1,-1 -1,1 1,-1 1,1 -1,-1 -1,1 
-1,-1 -1,-1 1,-1 1,-1 -1,1 1,-1 1,1 -1,1 -1,1 1,1 1,1 
1,-1 1,-1 -1,1 1,1 1,1 -1,1 1,-1 -1,-1 -1,-1 1,-1 1,-1 

-1,1 -1,-1 1,1 -1,-1 1,1 1,-1 -1,-1 -1,1 1,1 -1,1 1,-1 
-1,-1 1,1 1,-1 1,1 1,-1 -1,-1 1,-1 -1,-1 -1,1 1,-1 -1,-1 
1,-1 -1,1 -1,1 -1,1 -1,-1 -1,1 1,1 1,-1 1,-1 -1,-1 -1,1 
1,1 1,-1 -1,-1 1,-1 -1,1 1,1 -1,1 1,1 -1,-1 1,1 1,1 

1,1 -1,1 1,1 -1,-1 1,-1 -1,1 1,1 1,-1 -1,-1 1,-1 -1,1 
1,-1 1,1 1,-1 -1,1 -1,-1 1,-1 -1,-1 -1,1 1,-1 -1,1 -1,-1 
-1,-1 -1,-1 -1,-1 1,-1 -1,1 -1,-1 -1,1 1,1 1,1 1,1 1,-1 
-1,1 1,-1 -1,1 1,1 1,1 1,1 1,-1 -1,-1 -1,1 -1,-1 1,1 

1,1 -1,1 1,-1 1,1 -1,1 1,-1 -1,1 1,-1 1,1 -1,1 1,1 
-1,1 -1,-1 -1,1 1,-1 1,1 -1,-1 1,-1 1,1 -1,-1 1,1 -1,1 
1,-1 1,1 1,1 -1,-1 -1,-1 -1,1 1,1 -1,1 -1,1 1,-1 -1,-1 
-1,-1 1,-1 -1,-1 -1,1 1,-1 1,1 -1,-1 -1,-1 1,-1 -1,-1 1,-1 

-1,1 1,1 -1,-1 1,1 -1,-1 1,1 1,-1 1,1 1,-1 -1,1 -1,-1 
1,1 1,-1 1,1 -1,1 1,1 1,-1 -1,-1 1,-1 -1,1 1,-1 1,1 
-1,-1 -1,-1 1,-1 -1,-1 -1,1 -1,-1 -1,1 -1,1 -1,-1 1,1 -1,1 
1,-1 -1,1 -1,1 1,-1 1,-1 -1,1 1,1 -1,-1 1,1 -1,-1 1,-1 

1,-1 -1,-1 1,1 -1,-1 1,-1 -1,1 1,1 1,-1 -1,-1 1,-1 -1,1 
-1,-1 1,-1 -1,-1 1,1 -1,-1 1,-1 -1,1 1,1 1,-1 -1,1 1,-1 
-1,1 -1,1 1,-1 1,-1 1,1 -1,-1 -1,-1 -1,-1 -1,1 -1,-1 -1,-1 
1,1 1,1 -1,1 -1,1 -1,1 1,1 1,-1 -1,1 1,1 1,1 1,1 

-1,-1 1,-1 -1,-1 1,1 -1,1 1,1 -1,-1 1,-1 -1,1 1,-1 1,1 
-1,1 -1,-1 1,1 -1,1 1,1 1,-1 1,1 -1,1 1,1 -1,1 1,-1 
1,-1 1,1 1,-1 1,-1 -1,-1 -1,1 1,-1 1,1 -1,-1 -1,-1 -1,-1 
1,1 -1,1 -1,1 -1,-1 1,-1 -1,-1 -1,1 -1,-1 1,-1 1,1 -1,1 

-1,-1 1,-1 1,1 1,-1 -1,-1 -1,1 -1,-1 -1,1 -1,-1 -1,1 1,1 
-1,1 1,1 1,-1 -1,-1 1,-1 -1,-1 -1,1 1,1 -1,1 1,-1 -1,1 
1,-1 -1,1 -1,-1 1,1 -1,1 1,-1 1,1 -1,-1 1,-1 1,1 1,-1 
1,1 -1,-1 -1,1 -1,1 1,1 1,1 1,-1 1,-1 1,1 -1,-1 -1,-1 

1,-1 1,1 -1,1 -1,-1 1,1 -1,-1 -1,1 -1,-1 1,1 1,-1 -1,1 
1,1 -1,1 -1,-1 1,1 1,-1 -1,1 1,1 -1,1 1,-1 -1,1 1,-1 
-1,1 1,-1 1,1 -1,1 -1,1 1,1 1,-1 1,1 -1,1 -1,-1 1,1 
-1,-1 -1,-1 1,-1 1,-1 -1,-1 1,-1 -1,-1 1,-1 -1,-1 1,1 -1,-1 

-1,-1 -1,1 1,-1 1,1 -1,-1 1,1 -1,-1 -1,1 1,1 -1,-1 -1,1 
-1,1 1,1 -1,1 -1,-1 1,-1 -1,-1 1,-1 -1,-1 1,-1 1,1 -1,-1 
1,-1 1,-1 -1,-1 1,-1 1,1 -1,1 -1,1 1,1 -1,-1 -1,1 1,-1 
1,1 -1,-1 1,1 -1,1 -1,1 1,-1 1,1 1,-1 -1,1 1,-1 1,1 

-1,-1 1,-1 -1,-1 1,-1 -1,-1 1,-1 1,1 -1,1 1,-1 -1,-1 1,1 
1,1 -1,-1 1,1 -1,-1 1,-1 1,1 -1,1 1,-1 -1,1 1,-1 -1,1 
1,-1 -1,1 -1,1 1,1 -1,1 -1,1 -1,-1 1,1 -1,-1 -1,1 -1,-1 
-1,1 1,1 1,-1 -1,1 1,1 -1,-1 1,-1 -1,-1 1,1 1,1 1,-1 

1,-1 1,1 -1,-1 -1,1 1,1 1,-1 -1,1 1,-1 -1,-1 -1,1 -1,-1 
1,1 -1,-1 -1,1 1,1 1,-1 -1,-1 1,-1 -1,-1 1,-1 -1,-1 1,-1 
-1,1 1,-1 1,1 1,-1 -1,-1 1,1 -1,-1 -1,1 1,1 1,-1 1,1 
-1,-1 -1,1 1,-1 -1,-1 -1,1 -1,1 1,1 1,1 -1,1 1,1 -1,1 

1,1 -1,-1 -1,-1 1,1 1,-1 1,-1 1,1 1,1 -1,1 -1,-1 -1,-1 
-1,1 1,-1 -1,1 -1,1 -1,1 -1,1 -1,-1 1,-1 1,-1 1,-1 1,-1 
1,-1 -1,1 1,-1 -1,-1 1,1 -1,-1 -1,1 -1,1 -1,-1 1,1 -1,1 
-1,-1 1,1 1,1 1,-1 -1,-1 1,1 1,-1 -1,-1 1,1 -1,1 1,1 

-1,-1 1,-1 -1,-1 -1,-1 -1,-1 1,-1 1,-1 1,-1 1,-1 1,-1 1,-1 
-1,1 -1,1 -1,1 1,1 -1,1 -1,1 -1,-1 -1,1 -1,1 -1,1 1,1 
1,1 -1,-1 1,-1 -1,1 1,1 1,1 1,1 -1,-1 1,1 1,1 -1,1 
1,-1 1,1 1,1 1,-1 1,-1 -1,-1 -1,1 1,1 -1,-1 -1,-1 -1,-1 

1,-1 1,1 -1,-1 1,-1 1,1 1,1 1,1 1,1 -1,-1 -1,-1 -1,1 
-1,1 -1,1 -1,1 -1,1 -1,1 -1,1 -1,-1 1,-1 1,-1 1,1 1,1 
1,1 -1,-1 1,-1 1,1 1,-1 -1,-1 -1,1 -1,-1 -1,1 -1,1 1,-1 
-1,-1 1,-1 1,1 -1,-1 -1,-1 1,-1 1,-1 -1,1 1,1 1,-1 -1,-1 

-1,1 -1,-1 -1,-1 -1,1 -1,1 -1,-1 -1,-1 -1,-1 -1,-1 1,-1 -1,1 
1,-1 1,-1 1,-1 1,-1 1,-1 1,-1 1,-1 1,-1 1,1 1,1 1,1 
-1,-1 -1,1 1,1 -1,-1 -1,-1 1,1 1,1 -1,1 1,-1 -1,1 1,-1 
1,1 1,1 -1,1 1,1 1,1 -1,1 -1,1 1,1 -1,1 -1,-1 -1,-1 

-1,-1 -1,1 -1,-1 1,1 1,-1 1,-1 1,-1 1,1 1,1 -1,-1 -1,-1 
1,1 1,-1 1,-1 -1,1 -1,1 -1,1 -1,1 -1,1 -1,1 -1,1 1,1 
1,-1 1,1 -1,1 1,-1 -1,-1 -1,-1 1,1 1,-1 1,-1 1,-1 1,-1 
-1,1 -1,-1 1,1 -1,-1 1,1 1,1 -1,-1 -1,-1 -1,-1 1,1 -1,1 

-1,-1 1,1 -1,1 -1,1 -1,1 -1,1 -1,-1 -1,1 -1,1 -1,1 1,-1 
1,-1 1,-1 1,-1 1,1 -1,-1 1,-1 1,1 1,1 1,1 -1,-1 1,1 
1,1 -1,-1 1,1 -1,-1 1,1 -1,-1 -1,1 1,-1 -1,-1 1,1 -1,-1 
-1,1 -1,1 -1,-1 1,-1 1,-1 1,1 1,-1 -1,-1 1,-1 1,-1 -1,1 

1,-1 1,-1 1,1 1,1 1,1 1,1 -1,1 -1,-1 -1,-1 -1,-1 -1,-1 
1,1 -1,-1 -1,-1 -1,1 1,-1 1,-1 1,-1 1,-1 -1,1 1,1 1,1 
-1,-1 1,1 1,-1 1,-1 -1,-1 -1,1 -1,-1 1,1 1,1 1,-1 1,-1 
-1,1 -1,1 -1,1 -1,-1 -1,1 -1,-1 1,1 -1,1 1,-1 -1,1 -1,1 

-1,-1 1,1 -1,1 1,1 1,1 1,1 1,1 1,1 -1,-1 1,1 -1,-1 
1,-1 1,-1 1,-1 1,-1 -1,1 -1,1 -1,-1 1,-1 1,-1 -1,1 -1,1 
1,1 -1,-1 -1,-1 -1,1 -1,-1 -1,-1 1,-1 -1,-1 1,1 -1,-1 1,-1 
-1,1 -1,1 1,1 -1,-1 1,-1 1,-1 -1,1 -1,1 -1,1 1,-1 1,1 


5 3 10 1 
5 6 10 3 
2 9 10 4 
1 7 0 6 
3 9 7 10 
0 8 9 4 
4 10 7 9 
8 4 6 5 
4 7 3 6 
0 3 8 1 
10 8 2 9 
4 2 1 7 
2 6 8 1 
10 0 7 1 
1 9 7 4 
9 2 7 3 
8 3 7 10 
3 5 4 0 
4 1 8 5 
0 10 4 1 
3 10 0 2 
4 5 3 0 
6 5 8 2 
9 1 4 6 
6 0 2 5 


