1356596756.2297 1332869427.9685 1883339459.7823 1631244309.7293 1775942369.3743 1121471523.2252 1290568926.2522 2088087668.4137 1430662755.9775 2012787986.2696 1176907952.4181 
1834345453.1246 2032714651.6580 1187513815.3814 1319742755.6507 1955645822.1155 1472672154.4779 1711957407.7705 1529202113.8350 1219504776.2362 1857718105.0248 1919155610.4752 
2096330765.4728 2101962844.6163 1488443034.6236 2081907202.5437 1942697702.0838 1332200323.5103 1827576526.9937 1916439644.0736 1610825650.7645 1256875053.0869 1885868489.0246 
1375285569.2840 1742631095.1157 1405025573.7830 1410906969.0630 1959084750.6035 1576766047.9891 1733862405.9681 1499567870.7440 1697283150.7526 1940607637.3720 1415079120.7298 
2131115785.9165 1224320209.0393 1514126556.8922 1385277141.9037 1413469280.5068 1502194286.7315 1592880703.7107 2036999283.8697 1222490806.4471 1388555502.4577 2033890029.7423 
1450263032.3251 1909785191.0726 1548714717.6265 1801630681.4912 1640328387.2546 1693631690.3930 1859728808.2190 1758594333.0622 1443944292.7534 1871811546.5845 1107911680.0202 
1673771299.4847 2066320072.9766 1861241292.0173 1329015845.4994 1414163217.6858 1369245086.5387 1156075147.7943 1781197379.5299 1963435910.1370 1354475989.3359 1473361836.5014 
1163924208.6578 2045210712.7054 1669499516.6291 1375949853.4011 1631088421.2107 1285270367.1973 1591576419.9828 1893758629.5285 1653403633.7942 1702300385.7328 1928784620.6277 
1403570642.1878 1472303915.2333 1906654835.0698 1324644793.4185 1388524918.9525 1205082294.7311 1179015058.0171 1827590114.6093 1421866418.7193 1414690621.3692 1488683528.2776 
2045513386.3920 1675339707.5034 1892859330.0900 1938786482.5217 2058109023.0757 1098169602.0439 2046855122.5871 1785894213.1072 1082681410.0759 2008164592.3348 1132939543.1928 
1258746640.4755 1843061405.1325 2135025080.9675 1261899324.1699 1873782137.3352 1497625910.3057 1291770813.1764 2070497912.3037 1219741234.6172 1132531681.7001 1903896353.8843 
1347461915.8508 2087405587.6786 1730654228.4187 1344260408.4910 1625108712.6918 2080202477.6382 1393173045.2302 1662605281.5351 1400413781.4671 1584732136.1313 1939320367.5050 
1096085341.8581 2012314631.2427 2100956189.5740 1118811150.4009 1118650405.7710 1170219693.5610 1200003210.6890 1232372842.3160 1727409399.6137 1207264034.4682 1583030986.9684 
2062734420.8061 1219358398.3569 1345859320.4025 1298509877.9013 1435386122.4546 1329887173.6004 1538432102.1209 1803355889.5172 1735691469.3456 1429051804.9933 1086477309.7990 
1415982555.4914 1791021208.1704 1400272695.4974 1283272747.7463 1697701502.4475 2007128898.2081 1352083488.2911 1925041399.6975 1380225237.8703 1890056860.4126 1639494510.3098 
2045467983.1944 1223949243.7276 1695420283.6577 2145080517.4829 2069404846.6195 1395479261.7261 1914696828.3192 1404642252.9326 1130188051.3015 1963607431.5978 1480595552.7957 
1169713463.7769 1610767825.1096 1818724909.6576 1513916719.9227 1537573024.4033 1330990113.8538 1224520496.9605 1386376229.8407 1637869932.3177 1193376431.1863 1408590031.1165 
1100553319.1707 1749942452.4664 2036115075.0921 1586817019.3663 1721044307.1188 1875611075.7751 1551183895.1695 2117059249.1096 1825264123.0873 1900433567.4609 1826303490.6957 
2119515323.2994 1914333023.3924 1179123345.8753 1750285958.3848 2077892021.3194 1741900764.4725 1279218480.9500 2097730826.0899 1804400241.7965 1344617057.6549 1239857602.6243 
1244617376.2426 1553900872.7824 1495974227.7953 2015977943.9242 1218976294.4231 1098897291.1820 1191117489.9853 2120577913.6002 1493580720.8168 1765398416.4584 1645660466.1925 
1431347970.8795 1294460116.4633 2143588968.9192 2089594934.9649 1575233901.9086 1386568572.1535 1082202166.3055 1587814245.1925 1511275650.2281 1524406217.7210 1107825622.5977 
1142410322.3163 1949490657.2406 1924167209.2258 1198149186.3590 1700753543.7419 1552358758.1710 1860201403.0653 1975463379.9629 2000349494.5688 1907594473.7504 1260100373.7123 
2079983197.4480 1165144569.3017 2090108772.7982 1678774856.5265 1681122186.7776 2029038143.9727 1907690148.2784 2071592778.2168 1760806516.6899 2067413990.6474 1836246949.0554 
1126483161.6958 2027720897.1616 1356177217.4555 2049418360.8524 2123058837.4821 2042287052.2444 2022864636.5765 1861228807.4190 2008659903.0346 1376427638.2960 1163168877.0142 
1614438905.8927 1408696211.5070 1633373938.9979 1106411820.9180 1383030743.9755 2005725444.4773 2062574619.9689 1639590514.4976 1302036838.7534 1754947172.3555 1604633784.8590 
1561562450.9108 1547097960.8052 1501530619.5583 2045476603.4381 2129119374.6381 1251883834.4403 1152225256.2782 1324854577.4742 1438663993.6410 1117626944.0565 1466659008.3271 
1732592961.2286 1667714750.4655 1939101626.9574 1865856588.8631 1240977156.5384 1581486338.3183 1746735080.4228 1781354100.2527 1391551533.3309 1584955047.7722 1479032320.3209 
1931203623.7517 2056688459.7281 1569097917.3647 1753335689.9726 1940325379.5596 1215350870.8348 1768327523.9316 1262943573.7604 1520023937.6784 1283438171.4639 1571637557.1247 
2028814700.6053 1341259193.5021 1232458308.3375 1745880859.7998 1190459909.5170 1724375604.5848 1744674628.2251 1139997021.0296 1216269762.6704 1813902389.1656 1127702359.8201 
1186398161.4200 2050975807.1002 1194833330.8068 2133960368.1943 1418110761.4825 1812395145.8464 1320086249.7031 1828945250.6858 1619592062.0092 2070047258.9534 1436980503.7925 
2081930556.2790 1658661639.5020 1516574409.7109 1748888244.4001 1631179478.9643 1289874242.4142 1665423270.5832 1627704883.2334 2134345990.5072 1269307835.8620 1405441948.3807 
1510846800.9147 1848875087.1669 1858531705.7100 1296819517.7632 2046204168.7941 1679931041.9140 1860121822.4930 1238985307.1541 1770947701.9058 1088270228.1042 1488591046.5910 
1375596923.5443 1348545355.6854 1519217788.1288 2094880503.4104 1411596289.6230 1301722270.3861 1444185858.1042 1853690430.9582 1211942560.7945 1642256844.1395 1625576228.4224 
1983120425.2067 1491423122.0217 1262047548.1034 1996424354.6094 1405615301.0633 1305588356.0803 1090801031.5325 2121271906.4872 2146859936.3567 1724604710.2248 1951886030.7111 
1133821832.2368 1996542664.0678 1770572252.8291 1665899169.7037 2061152005.3616 1359388371.6027 1178714846.1731 1491111333.4463 1327205475.7240 1273458491.3861 1499532371.9529 
1924546191.1864 1099420930.7331 2010628160.3467 1746390332.0449 1877656556.6443 1509651513.6395 1904827397.8642 1279652899.5744 1987389834.8870 2024162952.9319 1175579749.4415 
2081681628.9599 2073149360.9399 1728339257.3421 2063762835.5433 1078468984.7744 1722575313.6008 1108688650.5430 1774255031.1592 1747742365.1027 1728012529.0864 1754067057.6977 
2002685494.3416 1279098040.9474 1214677039.3248 1113149177.5477 1464014238.2800 1311799120.1377 1432764617.9587 1537039122.2764 1785901856.0990 1819944282.8223 1928618127.3521 
1143808184.6429 1394104735.1636 1537697123.7105 1918841585.3726 1765786522.2073 1870727686.9396 1148095483.5749 2097552536.3727 2078745476.1567 1920098368.8179 1812526132.5869 
1694793402.0772 1776343048.2333 2043634107.2199 1239478047.8895 1761280928.2532 1078239388.9391 1615187132.7039 1676291994.6121 1444950903.1258 1482454908.1000 1190848634.8486 
1922942349.8120 1748662524.2855 1181196451.7787 1273171628.1653 1735134935.4273 1962945298.1348 1317289099.4616 1991929257.4460 1154641072.6492 1666239549.1992 1559841869.0587 
1579675177.8696 1647645307.6557 1776501774.2351 1972682991.3961 1670777980.0015 1795230738.7974 2111285626.6049 1753916946.8344 1425192869.6290 1429522482.4170 1896677267.7372 
2054791079.0103 2139821815.5466 2147111219.0353 1101873062.1114 1911298847.4455 1608884045.0289 1272086524.9054 1630922892.3378 1674966601.2647 1811291578.5940 1689417609.4101 
2087799855.9505 1100205693.9173 1987513924.9670 2075983205.4513 2023557435.7957 1320251471.3373 1692435277.3517 1817368125.3160 1800932124.0713 1192705134.8706 1716113449.6491 
1684057376.5059 1673868069.6138 2018060764.6891 1437309332.4273 1951658462.7312 1581846698.8730 1796350897.7894 1546988472.8462 1910952202.0827 1646809074.8513 1262840168.7120 
1165725763.0391 1891408951.1618 1626049947.8792 2015827216.4447 1515409892.5195 1769428677.3053 1898160874.9700 1945317973.0196 1657921371.3208 2127848832.4866 1714831928.4277 
1676395342.4691 1663049612.6378 1148540439.2100 2016575516.2797 1861366582.1982 2122460496.2189 2004782830.0267 1146883991.7388 2144726007.4350 1078825112.9224 1270349293.4668 
1439791189.0636 1768045904.9841 1176273087.4756 1323524567.1802 1139353764.4531 1136343181.5616 1430392698.2735 1299844100.9920 1955742326.3813 1447924257.2101 1286017354.6876 
1629697904.3645 1219652992.7535 2009279601.8260 1956260331.1860 1804789239.0966 1999544438.8092 1294334593.8786 1172900159.0328 1206583242.6735 1995140253.5241 1823746628.4028 
1105758488.8444 1713306962.1699 1344322361.7249 1969970606.9979 1546817046.1580 1776435706.6158 2104566313.0018 1462652629.4753 1375349744.5405 1608529519.4930 1130611925.4989 
1852821748.8120 1192873374.4781 1397659475.1692 1831954006.3053 1854317351.2755 1718558881.1728 2007394594.4459 1631100414.1304 1355478481.8565 1787066491.1395 1845486703.4610 
1920871437.7493 1212461552.5784 1629318478.6892 1668401666.7019 1889814826.7875 1529443384.3131 1623047439.5003 1313662220.2920 1688011146.7777 1086307310.5102 1720462570.9444 
1161589627.0572 1502930612.4291 2008187516.8602 2073589539.7482 1956569903.9996 1907200252.6148 1349479530.2102 2050655025.9349 1574469027.1498 1601451991.8675 1532465315.4819 
2021255677.0219 1917402824.8790 2036717878.6994 1455981489.9622 1516601537.9612 1583286421.4582 1609927734.3835 1363503514.6588 1840382118.4960 1233056510.1584 2106535316.3174 
2105753670.9844 1344657194.1581 1167774754.3713 1483030894.3176 2102329665.2053 2040809266.0089 1589526193.6073 1337554984.4646 1321192311.9297 1860723929.8718 2073871999.1440 
1093002357.4060 2093898253.6901 1569147005.0823 1596449922.7107 1334038901.6490 1792032851.3500 2007174159.9801 1702911312.4721 1758119898.7501 1446134908.5423 1406475527.2957 
1789509286.2634 1667151242.9131 1874350516.9869 1244772421.0185 2006147535.4170 1883335192.1054 1838949368.3893 1735649027.9132 1083230748.8390 1516888805.1765 1509813538.6380 
1711819935.4525 1897322662.6019 1691391015.7230 2143886432.4473 1425686030.1746 1947859704.7594 1098638916.1925 2101625881.3111 1631304427.6195 1322281274.9223 1397704436.4632 
2124573562.4297 2064569908.1200 1146160193.6539 1526288410.1944 2049088443.2051 1869183915.6636 1602270112.4158 2092968386.4068 1109121184.8764 1915251756.1757 1267052582.6475 
1282837524.1161 1907496006.2367 1910457234.5473 1796804896.6172 1457890053.3164 1850646669.7094 1952082838.1622 1398477687.5235 1536634396.4339 1362686221.5373 2026171896.7726 
1142282136.6333 1440232034.2631 1287469073.4868 1428404403.0387 1457735438.0779 1388693396.5691 1543744525.8650 1667784769.4679 1175430663.7941 1272264509.0393 1892239167.9741 
1428178345.6925 1235378165.6016 1813471492.2146 1830941768.6027 1752109021.7581 1520479438.0682 1344143467.5854 1280473557.4556 2069299144.8861 1809337351.7843 1407365471.8529 
1568037300.5222 1434481297.8749 1086388842.2921 1804091787.6604 1510675941.8954 1890293072.8682 1359852985.3981 1818450974.9052 2076071881.3023 1334499702.8480 1384189313.5766 
1295853537.3835 1104834460.8572 1500056781.7395 1206666596.1221 2143864442.8150 1532647092.1022 1975613931.9020 1521633577.8013 1251884692.0322 1782840986.8723 1952968041.9907 
1991645921.5039 1389272275.6503 1464851405.3221 1516854710.3807 1980355679.3094 1333330387.7366 2083170501.0761 1922199067.9518 1383060672.6278 1423096901.6689 1440820703.5237 
1897305775.6619 1093041139.0336 1661179800.5907 1288720548.2067 1972612126.3400 1831073105.5962 1276401362.3430 2019504021.9692 1220995529.0213 1399270923.7650 1555780357.1599 
1998441087.4727 1616273422.5432 2071175668.9816 1556205854.2349 1857225897.6713 1090532986.8513 2021579627.7966 1342388034.8788 1906927547.3004 1322602522.0509 1655032307.7171 
2079326108.3305 2025336111.9602 1690976359.1031 2146357784.7043 1944458130.9995 1196571883.1617 1812741422.0016 2134255418.1714 1899988142.2405 1214157770.1396 1122359061.4923 
1903488697.7692 1917979205.6917 1641793170.8425 1439581380.1203 1098476545.7185 1336198928.3275 1091758875.1030 1295300966.2144 1175417829.5984 2011056803.1269 1214078637.4038 
1165761567.4134 1128484400.7315 2138543598.9273 1423523059.8576 1325905437.7520 1150508241.5971 1776814534.9571 1595560275.4926 1981272856.7891 1332653240.4141 1184174187.4392 
1791456896.4529 1262491260.7790 2053526736.6353 1461420132.0196 1385997006.9044 1305798059.0405 1882765054.9112 1710275196.8074 1928354676.5411 1655287024.0574 1746495281.5140 
1502054646.6159 1728738439.7443 1168510101.3336 1306717574.9085 2099236242.3093 1999553533.2602 1875044812.9906 1588706203.2727 1903055270.5737 1855913646.2417 1962349805.3931 
1819143477.2684 1533045449.7163 2113998296.6486 1993924707.7883 1325044503.9251 1463832014.6509 1792539735.6593 1792866374.2476 1517089306.5472 1560986757.7549 1796486302.5319 
1135604976.0228 1463820398.0272 1773822343.0510 1987734433.4399 1432504263.0778 1492302712.6971 2097078830.2651 1564487251.4703 1234207275.4044 1210546233.9893 2146690911.6811 
1490803860.6842 1717330790.1809 1204711315.0869 1418147343.8364 1771882324.5950 1467083845.2717 1988790720.7921 1766705075.6559 1861453057.1199 1543133145.8561 1511201065.5372 
1137516070.2770 1771903921.7710 1225232995.2155 1336437192.8705 1704485433.0384 1390558347.7274 1607171284.0199 1715417607.4135 1505073180.3933 1127498960.3085 1786964671.3874 
1605355418.9405 1862658782.8390 1610020190.3549 1272752067.7979 1747175131.1548 1427470674.3672 1282465905.1070 2033570528.9456 1688460553.5464 2024730094.9014 1399440084.0887 
1551509424.4798 1967605878.0181 2143349346.2063 1201311224.7622 1808801038.0898 1284292724.5409 1596271572.3357 1698500747.0926 1834223145.8023 2049348144.7162 1999938745.8179 
1875506735.5058 1081778861.9157 1506980708.3043 1157437368.2654 1720065559.1342 1130284897.4209 1767392952.1730 1331723951.0101 1859826941.2955 1250784774.3573 1320938812.3337 
1294807445.3608 1903968400.4144 2071708199.5892 1307288392.6709 1178789127.4195 2046109289.5446 1306695730.3238 1289177291.8839 2036475644.9741 1759197209.8488 1673944918.6859 
2120025466.3855 2090118989.5487 1510372320.9496 1742106130.8540 1182944004.9676 1823535082.3549 1550436780.6029 1496823692.6848 1473104889.5669 1722162535.6667 1453692065.6338 
1871256799.8736 1907655715.4233 1554781223.4660 1331325850.0319 1161899947.0298 1087213399.4706 1597886036.9217 1890412046.9067 1524793784.9828 1691310194.1744 1969200635.6521 
1873141626.4358 1711898891.9924 1389162588.7466 1496273257.9929 1609152940.3857 2031313814.2169 2118881763.2853 1740266622.2718 1442015243.8122 1144502242.3097 2013426511.6723 
1675001772.3793 1415181311.5004 2084103370.6725 2116881821.4340 1853880060.7254 1093823861.6686 1846679200.8893 1885472865.5493 1503860874.8074 1161807598.8525 1620520680.2445 
1764567561.4366 2012949554.5320 1956709965.4088 1649317561.4708 1833634864.3760 1518242057.6175 1167610322.9104 1577925913.6191 2039693213.8305 1423522162.2180 2139944006.0031 
1434365922.3278 1507628914.2814 1336754678.0055 1220590007.0725 1470302396.1574 1085915528.1408 1424723350.6028 1449384148.2609 2001279980.7794 2058644569.6734 1317337089.4394 
1988607080.3185 1411976199.3883 1347020152.9016 2027483300.1654 1390860255.6283 1200314888.5038 2024716981.4932 1569553397.6445 1533245123.3324 1277641042.4324 1515286286.7018 
2070417356.6182 2095285851.3021 1581995372.4541 1116340543.3196 1805520853.0748 1757597279.3098 2062311345.0260 1400847472.7147 2132077610.0352 1798368158.1015 1371989350.4710 
2050804706.6052 1879193012.6050 1560803063.7120 1361717133.6893 1613777544.8041 1487929440.4047 2041612675.4866 2037498170.3122 2138917611.7051 1085845837.9703 1565974965.1889 
1326937183.6341 1195598236.7139 1153370879.7674 1928801782.0027 1158223252.5936 1739105145.3025 1193853836.4909 2048000040.9483 1887028219.6620 1127921584.1301 1843177670.2474 
1719932295.4909 1663292248.3743 1657483350.5830 1595849779.5630 1370997944.9865 1435286565.7729 1313621768.8061 1900961910.6594 1975770338.4699 1231854741.2555 2028970301.3397 
2083438069.9111 1640163135.7832 2087056405.9661 1597144068.0615 2115120649.8091 1631291700.2345 2079916529.5283 1463086604.0574 1473791547.0286 1526230242.8583 1567425432.3012 
1801433689.9279 2013576068.0605 1312533233.2122 1648086670.9046 1589215929.0149 1324521164.5242 1635033812.2145 1297081430.5864 1811993260.6258 2115177445.2983 1103969542.1879 
1572181941.5375 1240751388.1320 1390097440.3731 1204905286.5380 1594397366.0186 1887984716.6009 1127375208.6155 1789993913.9217 1300840680.8648 1803072810.5388 1552017666.4590 
2028855245.0529 1628702823.0872 1748442301.4581 1940722221.7625 1685482952.8785 2059639619.6302 1695491474.0792 1588682119.5219 2138589675.1046 2069690965.8200 1310451223.8862 
1951409790.8926 1154316541.5286 1331891841.3479 1741758827.9995 1250728282.3126 1680153161.7261 1158973479.5784 2027762142.9429 1157770672.5936 2013644106.0162 1458625868.3808 
1943743216.5549 1686109083.0225 1534129069.0411 1925489612.9538 1406866720.4030 1204805288.2805 1560598678.7045 1682058040.3881 1168790641.4959 1545272264.8263 1472192071.7424 
1591816143.9013 1247271429.3025 2114898194.0764 2051274471.8846 1555024072.9797 1086688107.2047 2139461441.3149 1364067385.4856 1505671183.5973 1251391312.1041 1538212372.7831 
1304238160.8327 1812651971.6376 1874585345.7295 1935151858.4994 1195481876.3264 1576860597.7512 1373299991.8723 1801607787.1307 1657743097.0917 1553088932.5560 1943284414.8573 
1182509635.4627 1816519568.9488 1274531253.9399 1083893211.4617 1199013534.5652 1537772354.3548 1174890767.2685 1720151779.7310 1675450675.1034 1861236926.4291 1912671538.0088 

1,-1 1,1 -1,1 1,1 1,-1 -1,-1 1,1 1,-1 1,1 -1,-1 1,1 
1,1 -1,1 -1,-1 1,-1 -1,1 1,1 1,-1 1,1 -1,-1 1,1 -1,-1 
-1,1 -1,-1 1,1 -1,-1 1,1 1,-1 -1,1 -1,1 1,-1 1,-1 1,-1 
-1,-1 1,-1 1,-1 -1,1 -1,-1 -1,1 -1,-1 -1,-1 -1,1 -1,1 -1,1 

1,-1 -1,-1 1,1 -1,1 1,1 1,-1 1,1 -1,-1 1,1 -1,1 1,1 
1,1 1,-1 -1,1 1,1 -1,1 -1,-1 1,-1 1,1 -1,1 -1,-1 1,-1 
-1,1 -1,1 -1,-1 1,-1 1,-1 -1,1 -1,-1 -1,1 -1,-1 1,1 -1,-1 
-1,-1 1,1 1,-1 -1,-1 -1,-1 1,1 -1,1 1,-1 1,-1 1,-1 -1,1 

1,-1 1,1 1,-1 -1,1 1,-1 1,1 -1,1 1,1 1,-1 -1,-1 -1,1 
1,1 1,-1 -1,1 -1,-1 1,1 -1,-1 1,1 1,-1 -1,-1 -1,1 1,-1 
-1,1 -1,1 1,1 1,1 -1,1 1,-1 -1,-1 -1,-1 1,1 1,1 -1,-1 
-1,-1 -1,-1 -1,-1 1,-1 -1,-1 -1,1 1,-1 -1,1 -1,1 1,-1 1,1 

1,1 -1,1 1,-1 -1,1 1,1 1,-1 -1,-1 1,1 -1,-1 1,-1 1,1 
-1,-1 1,-1 -1,1 1,-1 -1,-1 1,1 1,-1 -1,1 1,-1 1,1 -1,1 
-1,1 -1,-1 -1,-1 -1,-1 -1,1 -1,1 -1,1 -1,-1 -1,1 -1,1 -1,-1 
1,-1 1,1 1,1 1,1 1,-1 -1,-1 1,1 1,-1 1,1 -1,-1 1,-1 

-1,1 -1,-1 -1,1 1,1 -1,1 1,-1 -1,1 1,1 -1,1 1,-1 1,-1 
1,-1 -1,1 1,1 -1,1 1,-1 -1,-1 1,-1 -1,1 -1,-1 -1,-1 1,1 
1,1 1,-1 -1,-1 -1,-1 1,1 1,1 -1,-1 1,-1 1,1 -1,1 -1,1 
-1,-1 1,1 1,-1 1,-1 -1,-1 -1,1 1,1 -1,-1 1,-1 1,1 -1,-1 

-1,-1 -1,-1 -1,-1 -1,1 -1,1 1,-1 -1,1 -1,1 -1,-1 -1,-1 1,-1 
-1,1 1,1 1,1 1,1 1,1 1,1 1,1 1,-1 1,-1 1,1 1,1 
1,1 1,-1 -1,1 -1,-1 1,-1 -1,1 -1,-1 1,1 1,1 -1,1 -1,1 
1,-1 -1,1 1,-1 1,-1 -1,-1 -1,-1 1,-1 -1,-1 -1,1 1,-1 -1,-1 

-1,1 -1,1 -1,1 -1,-1 -1,1 -1,1 1,1 1,1 -1,-1 -1,-1 -1,-1 
-1,-1 1,1 1,1 1,-1 1,-1 -1,-1 1,-1 1,-1 -1,1 -1,1 1,1 
1,-1 1,-1 1,-1 1,1 1,1 1,-1 -1,-1 -1,1 1,-1 1,1 1,-1 
1,1 -1,-1 -1,-1 -1,1 -1,-1 1,1 -1,1 -1,-1 1,1 1,-1 -1,1 

1,-1 1,-1 -1,-1 -1,-1 -1,-1 -1,-1 -1,-1 1,1 1,1 1,1 1,1 
1,1 1,1 1,1 -1,1 1,1 1,1 -1,1 -1,1 -1,1 -1,1 1,-1 
-1,-1 -1,1 1,-1 1,-1 1,-1 -1,1 1,1 1,-1 1,-1 1,-1 -1,1 
-1,1 -1,-1 -1,1 1,1 -1,1 1,-1 1,-1 -1,-1 -1,-1 -1,-1 -1,-1 

-1,-1 -1,-1 -1,-1 1,-1 1,-1 1,-1 -1,1 -1,1 -1,-1 -1,-1 1,-1 
-1,1 1,1 -1,1 1,1 1,1 -1,-1 -1,-1 1,1 1,1 -1,1 -1,1 
1,-1 1,-1 1,-1 -1,-1 -1,-1 1,1 1,-1 -1,-1 1,-1 1,-1 1,1 
1,1 -1,1 1,1 -1,1 -1,1 -1,1 1,1 1,-1 -1,1 1,1 -1,-1 

-1,-1 -1,-1 1,-1 -1,1 -1,1 -1,1 1,-1 1,-1 -1,1 1,-1 1,-1 
-1,1 1,1 1,1 1,1 1,1 -1,-1 -1,-1 1,1 -1,-1 -1,-1 -1,-1 
1,1 -1,1 -1,-1 -1,-1 1,-1 1,-1 1,1 -1,1 1,-1 -1,1 1,1 
1,-1 1,-1 -1,1 1,-1 -1,-1 1,1 -1,1 -1,-1 1,1 1,1 -1,1 

-1,1 1,-1 1,-1 1,-1 1,-1 1,-1 -1,1 -1,1 -1,1 1,1 1,1 
-1,-1 -1,-1 1,1 -1,1 1,1 -1,-1 1,1 1,1 -1,-1 -1,-1 -1,1 
1,1 -1,1 -1,1 -1,-1 -1,-1 1,1 -1,-1 1,-1 1,-1 1,-1 -1,-1 
1,-1 1,1 -1,-1 1,1 -1,1 -1,1 1,-1 -1,-1 1,1 -1,1 1,-1 

-1,-1 1,1 1,1 1,1 -1,1 1,-1 1,-1 1,-1 1,-1 -1,1 -1,1 
-1,1 -1,1 1,-1 -1,-1 -1,-1 -1,-1 -1,1 1,1 -1,-1 -1,-1 -1,-1 
1,-1 1,-1 -1,1 1,-1 1,1 1,1 -1,-1 -1,-1 -1,1 1,-1 1,-1 
1,1 -1,-1 -1,-1 -1,1 1,-1 -1,1 1,1 -1,1 1,1 1,1 1,1 

-1,1 -1,1 -1,1 1,-1 -1,1 -1,1 -1,1 -1,1 -1,1 1,-1 1,-1 
-1,-1 1,-1 -1,-1 1,1 1,1 1,1 -1,-1 1,1 1,1 1,1 -1,1 
1,1 1,1 1,1 -1,-1 -1,-1 1,-1 1,1 1,-1 -1,-1 -1,-1 1,1 
1,-1 -1,-1 1,-1 -1,1 1,-1 -1,-1 1,-1 -1,-1 1,-1 -1,1 -1,-1 

1,-1 1,-1 -1,1 1,-1 1,-1 1,1 1,-1 1,1 1,-1 1,1 1,1 
1,1 -1,-1 -1,-1 1,1 -1,-1 -1,-1 -1,-1 -1,-1 -1,-1 -1,1 -1,1 
-1,1 -1,1 1,1 -1,-1 1,1 1,-1 1,1 -1,1 -1,1 -1,-1 1,-1 
-1,-1 1,1 1,-1 -1,1 -1,1 -1,1 -1,1 1,-1 1,1 1,-1 -1,-1 

-1,-1 -1,-1 -1,-1 -1,1 -1,-1 -1,1 -1,1 -1,1 -1,1 -1,1 1,-1 
-1,1 1,-1 1,-1 1,1 1,1 1,1 -1,-1 1,-1 1,-1 -1,-1 1,1 
1,-1 -1,1 1,1 1,-1 -1,1 -1,-1 1,-1 -1,-1 -1,-1 1,1 -1,-1 
1,1 1,1 -1,1 -1,-1 1,-1 1,-1 1,1 1,1 1,1 1,-1 -1,1 

-1,-1 1,-1 1,-1 1,1 1,1 1,1 1,1 1,1 -1,1 -1,1 1,1 
1,1 1,1 -1,1 -1,1 -1,1 -1,-1 -1,-1 1,-1 1,-1 1,-1 -1,-1 
-1,1 -1,-1 -1,-1 -1,-1 -1,-1 -1,1 1,-1 -1,-1 -1,-1 1,1 -1,1 
1,-1 -1,1 1,1 1,-1 1,-1 1,-1 -1,1 -1,1 1,1 -1,-1 1,-1 

1,1 1,1 1,1 1,1 -1,1 1,-1 1,1 -1,1 1,-1 1,-1 1,-1 
-1,1 -1,-1 -1,-1 -1,-1 -1,-1 -1,-1 -1,-1 -1,-1 1,1 -1,1 -1,1 
1,-1 -1,1 -1,1 1,-1 1,1 -1,1 1,-1 1,1 -1,-1 1,1 1,1 
-1,-1 1,-1 1,-1 -1,1 1,-1 1,1 -1,1 1,-1 -1,1 -1,-1 -1,-1 

1,-1 1,1 1,1 1,1 1,1 1,1 1,1 -1,1 -1,1 1,1 1,1 
-1,1 -1,-1 -1,1 1,-1 -1,1 -1,1 1,-1 1,-1 -1,-1 -1,-1 -1,1 
1,1 1,-1 -1,-1 -1,-1 1,-1 -1,-1 -1,1 1,1 1,-1 -1,1 1,-1 
-1,-1 -1,1 1,-1 -1,1 -1,-1 1,-1 -1,-1 -1,-1 1,1 1,-1 -1,-1 

-1,-1 -1,-1 1,1 1,1 -1,1 -1,1 -1,1 -1,1 -1,1 -1,1 -1,1 
-1,1 1,-1 -1,1 -1,-1 -1,-1 -1,-1 1,1 -1,-1 1,1 1,-1 1,-1 
1,-1 1,1 -1,-1 1,-1 1,1 1,1 1,-1 1,-1 -1,-1 1,1 1,1 
1,1 -1,1 1,-1 -1,1 1,-1 1,-1 -1,-1 1,1 1,-1 -1,-1 -1,-1 

-1,1 1,1 1,-1 1,-1 1,1 1,-1 1,-1 1,-1 -1,-1 1,1 -1,-1 
1,-1 -1,-1 -1,-1 -1,1 -1,-1 -1,-1 -1,1 -1,1 1,1 -1,-1 -1,1 
1,1 -1,1 -1,1 -1,-1 -1,1 1,1 -1,-1 -1,-1 1,-1 1,-1 1,-1 
-1,-1 1,-1 1,1 1,1 1,-1 -1,1 1,1 1,1 -1,1 -1,1 1,1 

-1,1 1,1 -1,-1 1,-1 -1,1 -1,-1 1,-1 -1,1 1,-1 1,1 1,-1 
1,1 -1,-1 -1,1 -1,-1 1,-1 -1,1 -1,-1 1,-1 -1,1 -1,-1 1,1 
1,-1 -1,1 1,1 -1,1 -1,-1 1,1 1,1 -1,-1 1,1 -1,1 -1,1 
-1,-1 1,-1 1,-1 1,1 1,1 1,-1 -1,1 1,1 -1,-1 1,-1 -1,-1 

1,1 -1,1 1,1 -1,1 1,-1 -1,1 1,1 -1,-1 -1,1 -1,-1 1,-1 
-1,1 1,1 -1,-1 1,1 -1,-1 1,1 1,-1 1,1 -1,-1 -1,1 1,1 
-1,-1 -1,-1 -1,1 -1,-1 -1,1 -1,-1 -1,1 1,-1 1,1 1,1 -1,-1 
1,-1 1,-1 1,-1 1,-1 1,1 1,-1 -1,-1 -1,1 1,-1 1,-1 -1,1 

-1,-1 1,-1 -1,-1 1,-1 1,1 -1,1 -1,-1 -1,1 1,1 1,-1 -1,1 
-1,1 -1,-1 1,1 -1,-1 -1,1 1,-1 -1,1 1,1 1,-1 -1,-1 1,1 
1,1 1,1 1,-1 -1,1 1,-1 -1,-1 1,-1 -1,-1 -1,1 1,1 1,-1 
1,-1 -1,1 -1,1 1,1 -1,-1 1,1 1,1 1,-1 -1,-1 -1,1 -1,-1 

1,-1 -1,1 -1,-1 1,-1 -1,-1 1,-1 -1,1 1,-1 1,1 -1,-1 1,1 
-1,-1 1,1 -1,1 -1,-1 1,-1 1,1 1,-1 1,1 -1,1 1,1 -1,-1 
1,1 1,-1 1,-1 -1,1 -1,1 -1,1 -1,-1 -1,-1 1,-1 1,-1 1,-1 
-1,1 -1,-1 1,1 1,1 1,1 -1,-1 1,1 -1,1 -1,-1 -1,1 -1,1 

-1,1 1,-1 1,1 -1,-1 1,-1 1,1 -1,1 1,1 -1,1 1,-1 -1,1 
1,1 -1,-1 1,-1 1,1 -1,1 1,-1 -1,-1 -1,1 -1,-1 -1,1 1,1 
-1,-1 -1,1 -1,1 1,-1 1,1 -1,-1 1,1 1,-1 1,1 -1,-1 -1,-1 
1,-1 1,1 -1,-1 -1,1 -1,-1 -1,1 1,-1 -1,-1 1,-1 1,1 1,-1 


1 6 4 5 
8 1 2 4 
1 7 2 9 
7 1 4 9 
8 7 4 10 
6 5 1 4 
0 2 8 4 
9 2 0 7 
5 10 3 9 
7 4 5 9 
6 5 1 9 
0 3 5 9 
0 10 1 8 
8 7 9 0 
1 3 0 2 
1 8 6 5 
0 9 2 3 
0 7 5 10 
0 9 1 3 
0 9 5 1 
3 7 9 10 
2 1 7 3 
3 8 5 7 
1 7 0 2 
10 8 7 4 


