1569467173.4257 2005661997.0976 1538989730.4847 1200977258.8204 1488922566.6782 1177008850.9540 1760293695.3453 1195917321.3222 1517070360.1034 1172929902.7452 1120620611.3262 
1113649607.4279 1226828084.9756 1432473496.9437 1725111387.6732 1388497795.1519 1568080915.3568 1337545969.6260 1722427919.2328 1364785581.1280 1178232272.9132 1167256827.3679 
1543161240.3201 1486266607.7339 1236582332.7229 1876830605.6979 2008609383.1400 1829424297.3225 1153151353.8240 2005080580.3557 1955238987.3220 1235868422.0733 1288696948.0628 
1204738389.4402 2105009428.1879 1177022398.6773 1919108193.5992 1822955271.3471 1429144590.4521 1729523588.1240 1591680182.8726 1227485088.2200 2049214305.6600 1170951445.4984 
1284934767.9951 1557362812.8244 1346261015.7502 1452716747.1888 1359672270.2640 1996363152.6565 1672526176.8329 1723544553.9126 1648885535.1318 1308660282.5058 1986620352.9088 
2109426686.9890 1130884774.2054 1753945319.8553 1686462142.5944 2031232506.2672 1958940736.0000 1901485882.6644 1155279008.3066 1933919101.4412 1991987845.4202 1231803879.1796 
1438454092.3917 1303880265.5872 1206081486.7717 1191063185.3483 1919109113.9876 1995900689.0154 1831682745.8617 1841044594.1401 1366134006.4671 2053859803.7820 1239120097.9192 
1865936726.5492 1476120866.8846 1742433828.2897 1406991071.2409 1826983907.8332 1288361632.8506 2077838184.1290 1527366581.8514 1607456282.7319 1870710997.7887 1719011911.9760 
1212678311.2514 1628073205.8845 1762774113.5438 1619810184.1297 1609251736.2314 1832279429.3048 1686021019.6656 1293101406.6274 1696637488.8692 2045043862.4161 1497804575.6634 
1860182876.1041 1974172896.3167 1117746286.6470 1570772184.8581 1632453810.9635 1961263653.5129 1751138519.2044 2052545541.9683 1130131609.5318 1414198701.1444 1199820605.1587 
1181750689.3397 1648672024.8527 1955234663.4370 1731086889.5007 1926133580.9191 1678211970.6956 1222316900.4449 2010069857.6754 2012753895.4235 1844846889.7734 1593135072.4367 
1113287743.0002 1536199877.4317 2075293923.3003 1603819318.0102 1299726842.7927 1187024588.2477 1668751976.6469 1895321904.0343 2018455698.3689 1821824094.8763 1526190389.6895 
1190604608.6384 1621673105.1216 1626056773.8269 1751561884.2520 2043262467.7730 2017260908.2053 1749033904.9577 1330509922.8243 1735565222.6783 2104712832.6345 1142569853.8239 
1779086028.8305 1158634268.8633 2030156721.7904 1285385276.9533 1465876980.7650 1372637915.7729 1633263174.2923 1713430750.6165 2129200921.4247 1136436867.4710 1824350906.8736 
2087829540.9883 1528072547.5481 2050147750.1694 1653887025.2536 1162674697.5134 2090373474.9683 1424010208.8609 1330106249.5685 2123568251.3804 1237067160.4814 1097253197.7663 
1357567751.7730 1689643474.9001 1762000495.4147 1618548022.0739 1614065632.3577 1257164486.4445 1762183169.6746 1832609533.7029 2008180529.0492 1815258744.9529 1274106440.0718 
1955917062.4491 1205149049.3515 1692861945.5181 1742187876.5852 1445496766.8519 2004694974.3585 1396174403.7834 1788264624.1419 1340229619.8675 1617027923.1379 1699495455.0404 
2101368863.3360 1461152897.9495 1666723261.5744 1500457936.2891 1154340317.2129 1208306072.9189 1453000900.5027 1194065072.3336 2082824086.6340 1713655383.0464 1262532732.3756 
1128779430.5986 1265883291.9236 1527507171.6927 1387629221.6275 2132805187.5850 1658894967.1659 1407121180.9351 1572754716.1147 1221069288.0964 1604818720.5337 1717014593.0030 
1377011661.7727 1364269416.7723 2099762326.2318 1840076048.7290 1866460925.3529 1426743473.9412 1614667442.2250 1807526833.6670 1195017385.9854 1463079369.0099 1096055152.1202 
1883347182.3864 1202969359.8908 1616263600.3877 2006914290.8448 1360954884.1198 1370589550.6119 1844983851.9582 1976546081.8657 1412579316.4951 1725345658.9742 1365232145.4637 
1407139553.6214 1955033993.6145 1327474447.5542 1234701659.4551 1592483440.2142 1688892156.9363 1315512558.6188 1404193801.9948 1661409812.2865 1726715927.4148 1553463928.3632 
2112148872.9494 1688340174.5294 1192797321.1845 1733951866.3872 1362764962.3168 1847879602.7228 1292687133.3920 1580442659.0187 1258845109.8002 1757655042.8236 1166865226.1441 
1909576385.0966 1807720525.7335 2017567876.7674 1657807995.2752 1637645919.1427 1892306520.5840 1211016021.5174 1735764133.9751 1703084739.8172 1263668658.6469 1544391206.3759 
1501580952.8743 1382957733.2150 1564524669.4950 2052305647.4591 1791733287.7705 1104804912.2952 2049097594.5196 1371114150.7714 1251548016.5112 1674195505.6361 1389274214.6661 
1576029231.4408 1135903565.1446 2113203935.4688 2017703378.0934 1802978064.4708 1167026649.8590 1458914761.4402 1613524749.5083 1283588529.2359 2127298157.3190 1420079849.8434 
1911068035.8491 1750214225.3541 1862806772.5577 2064209573.9361 2139687534.7591 2091857211.4329 1105384600.1764 1785672509.3111 1323170376.5647 1279044736.3112 1094357659.2956 
1937874997.1519 1442651874.3689 1216664934.3594 1781791532.2285 2116849192.9299 2110030988.2086 2026197988.2687 1181364916.3739 1160881091.8792 1230797150.6304 1640490252.7008 
1542978599.0195 2145191350.9181 1625825274.5738 2038428430.7074 1942566644.8028 1302845138.9572 1742397538.1699 1393393815.4442 2013197579.5895 1226359814.6698 2076603056.3787 
1516213211.6744 1349452559.2012 1608951979.3125 2105524323.2132 1497912238.0059 1188269523.8210 1802005284.5143 1533065432.5865 1082391099.8442 1361675942.4606 1242195431.6356 
2008513710.7507 1724120016.4757 1787203532.7644 1204597515.4367 1558760711.5767 1437545271.2757 1583210003.7346 2063206921.2076 1585862002.8962 1166885661.6284 1996484188.8374 
1259620253.3956 2104438331.2131 1528790533.0353 1458706841.7378 1963756296.7073 1207504206.7065 2140137239.3670 1308558316.2230 1166054382.3466 1638372484.4980 1361968767.7765 
1496848158.6645 1910170878.1654 1365954352.9748 1572775838.9279 2094944925.0755 1255662689.4820 1642740037.8098 2064167884.1125 1473135048.8120 1825569477.9990 1301926559.7933 
2064746083.7809 1652096639.5039 1346579848.1724 1499613830.2277 1506101627.4342 1577120551.7763 1962094843.9551 1665015002.6294 1263299168.1988 1764849690.1894 1206850857.9893 
1963301518.0889 1082982223.5312 1669793333.8739 1458196030.7773 2073064934.8113 1137629493.1312 1579799831.9798 1169211918.6858 1353168003.9445 1431285473.7255 1760647726.4084 
1098580721.0024 1226848662.5410 1902419189.5424 1452573496.3879 1673375816.9350 1221716193.5949 1644778342.6339 1272307246.8276 1166367495.1326 2049527279.8315 2046494099.7632 
1427503221.4480 1626902301.1825 1358925038.5038 1612519991.9509 2046075896.0824 1291387696.5482 1432671321.2112 1363049152.8842 1396438383.0265 1314841414.2670 1839519753.6476 
2124966424.2399 1417158350.0917 1593111048.1882 2049972111.1845 1298324555.0479 1483678614.5492 1505125169.2185 1166299211.7516 1275237718.0760 1539079802.4147 1857859730.6371 
2144672897.2937 1139108664.5629 1466830186.4511 1606466232.4508 1757066086.4343 1091010647.9641 1960209382.9778 1945110860.6340 1399908079.4596 1751077131.3284 1318667630.8043 
1958419238.2037 1486074315.6961 1957368843.3893 1337451810.3369 1794167247.0627 1283671301.0109 1225422224.1269 1762376936.2482 2083491979.4531 2074295849.1094 1719003463.8062 
1789848400.2228 1249440722.6781 1188953383.1918 1514308385.0985 2069704639.9642 1768904545.4202 1546027127.5400 1492316387.6690 1623027951.9307 1651576417.9542 1807312758.0301 
1156865959.2744 1986385532.4101 1531365594.6129 1231165108.6792 1527142795.4750 2003758484.8496 1917048066.4392 1717999119.6261 1385488266.9858 1232053568.4902 1521741408.9234 
2147390011.7101 1636168934.7910 1303355392.4761 1993185637.3969 2112992826.8747 1350013955.8194 1436402117.0455 1693446753.8905 1563039040.9953 1436208802.7583 1346099859.0541 
1088600384.0884 1467077974.6549 1575216949.8610 1754680334.3637 2076408999.7100 2025628965.6301 1265001469.9984 1709149964.9604 1867306202.1778 2073521304.6590 1997428037.5036 
1924913134.4021 2036504437.4776 1333491029.6776 2068917425.8200 1867422014.3509 1472417718.5055 1822200639.8818 1303789184.4293 2079502025.8723 1593360489.4347 1872616202.9716 
1615201051.2902 1265487543.8384 1921394151.9622 1661630007.5876 1789055398.6962 1972489420.1452 1741736090.5527 1593342322.4537 1556942126.0354 2051254793.1144 1627256886.3929 
2060311976.9321 1520238488.1781 1279604935.6395 1818875721.8547 1605559170.1883 1909132159.4769 1937199203.8774 1836795365.4469 1112290907.9747 1598383073.1880 2066154422.4604 
1216191300.1201 2137160789.3526 2061211119.1291 1842160509.5150 1487734571.3139 1605659397.0555 1131511634.0371 1135698802.6856 2099578871.3536 1271156510.2634 1522966585.4586 
1088455056.8126 1342724978.9017 1624507916.1744 1129438117.5507 1620840356.9093 1849889983.5180 1301913051.1346 1111306237.2873 1856897529.7223 1519134226.1805 1964629565.6351 
2007901416.2864 2015700565.9552 1887703614.8750 1192758083.9764 1274471395.6521 1825437423.6838 2038847703.4462 1390766747.5702 1553589496.6010 2118055430.4377 1707861723.2745 
2001514836.2205 1785921141.2574 1330346433.0173 1492934947.6728 1653594883.8002 1921305880.4335 1580313221.3211 1284138869.8108 1208380463.7704 1941763365.0401 2143175358.4531 
1208433454.9072 1552921710.0927 1776257924.3930 1994933690.0083 2025822453.9744 1370917809.6113 1765093353.4529 2048819772.1805 2107386640.2827 1624616816.1991 2128294590.3332 
1619479847.8276 1109848067.6809 2091471835.5286 1232355501.2786 1734315297.9844 1310477071.1124 1644770893.8093 1648151506.1193 1198939028.6589 1991590408.6944 1266364932.6013 
1368701117.8143 1342241459.2104 1299544283.0876 1104124382.7417 1307794453.5031 1489327114.6693 1926733492.3184 1746484017.4543 1197872940.7444 1223895129.6358 1477157619.0309 
1881876392.5336 1281517681.4530 1557139746.0808 2046300231.6564 1496412236.4949 1446995279.8223 2047118269.6259 1301285557.2154 1955129413.1621 1907242906.3410 1591748882.7697 
1541115273.0498 1542543758.7738 1162577847.5998 1297924581.9723 1346804477.7914 1141736967.1525 1676040522.2160 1151972216.3849 1707296189.3500 1805063553.1115 1262563922.7697 
1621371548.3015 1323735982.6853 1412619300.8622 1666697902.7325 1142323113.2571 1350415352.5002 2097351216.8025 1817310627.3376 1457887382.8018 1267254311.6452 1253769899.6678 
1977209307.3076 1733716708.9848 1153567248.7815 1808370652.9274 1518475823.8907 1302006453.8651 1162901542.5663 1423690046.6228 1400766221.6286 1967098423.7457 1193059277.8497 
2117491856.2945 1112117553.8089 1379928644.6278 1346812989.5854 1321876014.3869 1247827701.1519 1519437660.3754 2044531920.5843 2102669998.2200 1289301933.4726 1107089489.0841 
1416497767.8104 1462251805.8964 1511444797.5302 2142924342.6209 1157624741.3953 1999190651.3606 1454917622.2592 1852475939.4478 1156905397.7382 1241332582.5249 1473872867.9998 
2137124036.5637 1325571844.1564 1758465520.0524 1922609624.1911 1658258352.0972 1559595179.0947 1457360870.8250 1860151279.5767 1687004799.3019 1678468614.1857 1905928206.5902 
1097673410.0202 1909538086.0758 1237030836.9022 1284411512.6563 1834165409.4870 1981691397.7014 1241143011.6045 2010666281.5161 1569847203.6788 1729489031.8146 1622655552.6310 
1564030537.9581 2128408463.1628 1839702635.4239 1896841809.9587 1102393992.9111 2009538308.1140 1270758339.0723 1311629183.6455 1279574320.4860 1755774056.0563 1447098850.6838 
2047667543.9370 2058946658.7199 1572635058.5415 1257824026.6941 1759092592.8336 1483286652.6896 1903448657.5218 1331636170.3322 1961162182.7029 1169383748.8685 1649814180.0655 
1113819543.0923 1238780757.8167 1795008558.3274 1828808757.1030 1505590918.8348 1507875353.2148 1424741837.0162 1821587106.2522 1648370684.4485 1605521341.2529 2031565210.7949 
1344836171.5320 1821634978.3810 1598965653.2771 1603621761.5891 2061990540.4564 1584765758.3753 2075713388.3952 1600176054.7897 1681092600.6343 1648933530.3871 1643972526.6938 
1799964652.0124 1993780004.0449 1371587830.3359 1937642531.3574 1447613431.0541 1576921099.0259 1874714539.8128 1846611670.9280 1355402372.5271 1195892841.9932 1561555804.9533 
1117300584.3529 1096135607.4278 1610069276.2615 1624657627.0098 1318484984.3984 2137471934.9410 1826836255.8460 1680288319.5600 1843163831.2734 2038940748.1797 1106716694.5339 
1279140552.2648 2006412702.8949 1983058863.2736 2072717590.5813 1435088620.6898 1855917226.7619 1900181112.8632 1168020748.1068 1497325597.7562 1416321117.9421 1280775272.3449 
1905552690.5949 2076813491.4932 1989125191.7618 1928921766.4247 1149078116.0242 1538860389.0428 1641586960.2185 1497430517.0603 1156396326.5211 2016323517.2625 2095282763.9438 
1318024766.6841 2013382444.7236 1727163925.0830 1768735566.5699 1279948225.4697 2049282823.7560 1613693840.4470 1907144814.1400 1869883591.2610 1244621438.0586 2070857188.7956 
1082606833.3013 1592355165.3638 1667902512.9129 1646928383.1548 1426471291.2982 1937240592.8953 1230160134.2059 1263280868.8640 1602168943.8947 2134372382.1536 1225361259.0276 
1330186943.8685 1857377599.7640 1329560347.7612 1745924582.7563 1677318039.8126 1852619224.0357 1857425730.0120 1144325560.9654 1382676597.7021 1689425490.4110 1334695285.3107 
1361532310.5862 1165773834.4403 1287499449.4756 1625656438.9601 1364120842.2580 1612555471.6152 1961729867.2816 1090985905.2384 1801890162.1367 1621078951.2675 1190168241.7709 
1084805051.2064 2093956868.0351 1615711145.5844 1699867639.2352 1727515947.9007 1396781781.4786 2129041975.2128 1339858965.9165 1601294562.2223 1686614946.3933 1890380200.8319 
1627011414.3288 1321725607.8231 2024503054.6981 1603045331.0014 1218054679.1591 1746106849.5719 1531853073.1036 1969163645.6817 1695365594.9807 1779802650.2147 1818010185.5859 
2127897679.4008 2059650232.1312 1576900274.5519 1426600872.2325 1503718146.5057 1966198928.9846 1156601569.7760 1535331765.9209 2005843141.4414 1210133318.5961 1091073785.9663 
2030792410.0377 1412598014.5469 1711521664.1077 2095734581.4523 1619452592.0009 1767077643.0797 1086458710.3140 1336331165.2716 1440704970.4629 1332871539.2304 1188136232.1514 
2083136052.2330 1180750823.4916 1300608830.7032 1584137094.5203 2062235047.4625 1391418187.1088 1362332649.0213 1715649519.7162 2057605158.2229 1554246260.0253 1512729534.5140 
2064166855.1023 1790137996.5992 1930826780.0792 1712090070.9579 1953520051.2685 2083762492.9099 1390717384.5899 1339193080.5150 1374033655.2992 1745840586.8207 1359376914.8591 
1258880707.1581 1436916618.3035 1314496307.0643 1458939227.0922 1909353113.4753 1508650341.7075 2011276294.1278 1988584360.3430 1329197979.1334 1280453956.4867 1484785461.1883 
1806683424.1619 1796035924.4443 1724126428.5461 1616043876.1551 1987668608.6073 1486396387.6128 1181059615.6869 2121903641.3848 2058434567.7185 1964619496.3987 2106709686.7997 
1697490009.9688 1458105658.0416 1216736570.3065 1440323214.9711 1818027848.1945 1809966961.2429 1280715315.1625 1525592838.2718 2043989633.2565 1462102066.8793 1861787922.6846 
1472685922.4113 1738300922.9027 1947996476.3991 1498843791.1356 2092699723.4539 1600879879.2317 1719684964.6787 2077949128.8248 1300026767.5079 2057485492.9057 1478682654.0183 
1303646906.9306 1289974209.0235 1391186202.6101 1946419214.2497 1239919195.0503 1762625238.7070 1356870311.2197 2019281446.2487 1962449147.9699 1374010087.1313 1427240229.8395 
2012997412.4838 1173876918.5543 1816850475.3863 1723553327.4479 1749353998.7940 1237648217.2430 2069129358.2190 1077761463.7741 1191277462.5687 1967706568.7099 1296504265.2057 
1654663143.9621 2044918944.9092 1773433298.9424 2015114055.4206 1256573755.6970 2012668440.2847 1571140073.8496 1214429370.9534 1614194187.5760 2129308360.2628 1755814774.8887 
1634349549.6769 1563886273.4796 1627534574.0672 1985824143.5360 1816233801.9845 2006599177.8852 2002480698.7511 1607466171.1504 1250985986.7889 1422293076.0029 1594745728.8760 
1528757997.4927 1141510338.1877 1080351970.8876 1322165278.9648 1704207358.8409 1951266064.5733 1227529501.4720 2022982368.4832 1231744809.2542 1573432852.5551 1382708553.0543 
1379734744.8727 1107686248.8452 1254756647.3302 1083009568.6975 1456798979.3895 2076365190.8805 1941961362.2093 1257207318.6776 1960418764.6945 2115595503.9314 1083363255.4406 
1757245037.4374 1775469538.0021 1744940969.1053 1870706131.2946 1442746733.1806 1167866758.5563 1488743896.0430 1343704190.7109 1226867714.9678 1094339555.9389 1305768231.9215 
2145602136.9226 1372078990.5524 1078701465.4014 1659775197.8618 1563943650.9701 1218308338.6351 1337164762.6763 1452693896.9981 2136075502.8082 1662398412.2639 1205646917.1667 
1597314517.8256 1149225687.2435 2029996276.1552 2045191782.9052 1788554601.5918 1337998996.6349 2086531912.6174 1135681040.0269 2087272099.7031 1266231565.4415 1797787056.6701 
1788608316.3111 1450291153.1598 1854252066.7410 1978984153.4044 1482254190.6412 1328305571.4057 1691326907.8851 1876476867.6965 1119331706.5433 1871587267.5463 1830353179.9377 
1474189195.3928 1105642236.5787 1646848314.6982 1354766938.6047 2091670624.8543 1802227206.8651 1951372058.7130 1692065533.7341 1297311338.4379 2004829602.1047 1759833876.1757 
2110302539.0751 1420410169.8298 2044597389.5587 1345578814.5273 2074179067.4284 1190776312.4003 1618680458.4626 1267269632.5712 1877511124.3687 1931406055.8941 2106721159.8590 
1983198464.3247 1657743378.2874 1471738962.4825 1687061849.9438 1241632776.7254 1303239709.6903 1593870145.6196 2063146938.6378 1660213690.4960 1206532294.0691 1525339322.6878 
1253436458.5361 1639227293.3832 1759564352.8368 2056523954.9156 1444394405.9611 1730514378.9756 1357353771.4087 1643095115.6821 1365673700.2410 1626772717.2817 2018763561.6041 
1142875693.6535 1815863202.2583 1279639534.3077 1981938376.2773 1253188069.0487 1412822415.2284 2023826390.1547 1706886899.8023 1728741506.3372 1942951419.5789 1200695326.3735 
1966832869.4167 1438317865.4998 1307605335.5245 1138389504.3624 1936076981.7597 1481484544.3331 1117289255.1856 1758415540.4559 1508397605.9141 1434343522.1125 1622617199.7132 

-1,1 -1,1 1,1 1,-1 1,-1 1,1 1,1 1,1 -1,1 -1,1 -1,-1 
1,-1 -1,-1 -1,-1 -1,1 -1,-1 -1,-1 -1,1 -1,-1 -1,-1 1,-1 1,-1 
-1,-1 1,1 -1,1 -1,-1 -1,1 -1,1 1,-1 1,-1 1,1 -1,-1 1,1 
1,1 1,-1 1,-1 1,1 1,1 1,-1 -1,-1 -1,1 1,-1 1,1 -1,1 

-1,-1 -1,-1 1,-1 1,-1 1,-1 1,-1 1,-1 1,-1 -1,-1 -1,-1 -1,-1 
-1,1 -1,1 1,1 -1,-1 -1,1 1,1 -1,1 -1,1 -1,1 1,1 1,1 
1,-1 1,1 -1,1 -1,1 -1,-1 -1,1 1,1 1,1 1,1 1,-1 -1,1 
1,1 1,-1 -1,-1 1,1 1,1 -1,-1 -1,-1 -1,-1 1,-1 -1,1 1,-1 

-1,-1 -1,-1 -1,-1 -1,-1 1,-1 -1,1 1,-1 1,-1 1,-1 1,-1 1,-1 
-1,1 1,-1 1,1 -1,1 1,1 -1,-1 -1,-1 -1,-1 -1,-1 1,1 -1,1 
1,-1 -1,1 1,-1 1,-1 -1,-1 1,1 -1,1 1,1 1,1 -1,-1 1,1 
1,1 1,1 -1,1 1,1 -1,1 1,-1 1,1 -1,1 -1,1 -1,1 -1,-1 

-1,-1 -1,-1 -1,-1 -1,-1 1,-1 1,1 -1,-1 1,1 1,1 -1,1 1,1 
-1,1 1,-1 -1,1 -1,1 -1,1 -1,1 -1,1 1,-1 -1,-1 1,-1 1,-1 
1,1 -1,1 1,1 1,1 1,1 1,-1 1,1 -1,-1 1,-1 -1,-1 -1,-1 
1,-1 1,1 1,-1 1,-1 -1,-1 -1,-1 1,-1 -1,1 -1,1 1,1 -1,1 

-1,1 1,1 1,1 1,1 1,1 1,1 1,1 -1,-1 -1,-1 -1,1 -1,1 
1,-1 -1,-1 -1,-1 1,-1 -1,-1 -1,1 1,-1 1,-1 1,-1 1,-1 -1,-1 
-1,-1 1,-1 -1,1 -1,1 1,-1 -1,-1 -1,-1 1,1 1,1 -1,-1 1,1 
1,1 -1,1 1,-1 -1,-1 -1,1 1,-1 -1,1 -1,1 -1,1 1,1 1,-1 

-1,1 -1,1 -1,1 -1,1 -1,-1 -1,-1 -1,1 -1,1 1,-1 1,1 1,1 
1,-1 1,-1 1,1 1,1 1,1 1,-1 1,-1 1,1 -1,-1 -1,-1 -1,1 
1,1 -1,-1 1,-1 -1,-1 1,-1 1,1 -1,-1 1,-1 -1,1 -1,1 1,-1 
-1,-1 1,1 -1,-1 1,-1 -1,1 -1,1 1,1 -1,-1 1,1 1,-1 -1,-1 

1,-1 -1,-1 -1,-1 -1,-1 -1,-1 -1,-1 1,1 1,-1 -1,-1 1,-1 1,-1 
-1,1 -1,1 -1,1 1,1 -1,1 -1,1 -1,1 -1,1 -1,1 1,1 1,1 
-1,-1 1,-1 1,-1 -1,1 1,-1 1,-1 -1,-1 -1,-1 1,-1 -1,-1 -1,1 
1,1 1,1 1,1 1,-1 1,1 1,1 1,-1 1,1 1,1 -1,1 -1,-1 

-1,1 1,-1 -1,1 -1,-1 -1,-1 -1,-1 -1,-1 -1,-1 -1,1 -1,1 -1,1 
1,1 1,1 1,1 1,1 -1,1 1,1 1,-1 1,-1 1,1 1,1 -1,-1 
1,-1 -1,1 1,-1 1,-1 1,-1 -1,1 1,1 -1,1 -1,-1 -1,-1 1,1 
-1,-1 -1,-1 -1,-1 -1,1 1,1 1,-1 -1,1 1,1 1,-1 1,-1 1,-1 

-1,1 1,-1 -1,1 -1,1 -1,1 -1,1 -1,1 -1,-1 1,1 1,1 1,1 
-1,-1 -1,-1 -1,-1 -1,-1 1,-1 1,1 1,-1 1,-1 1,-1 1,-1 1,-1 
1,1 -1,1 1,1 1,1 1,1 1,-1 1,1 1,1 -1,1 -1,-1 -1,-1 
1,-1 1,1 1,-1 1,-1 -1,-1 -1,-1 -1,-1 -1,1 -1,-1 -1,1 -1,1 

1,1 1,1 -1,-1 -1,-1 1,1 1,-1 1,-1 -1,1 1,-1 1,-1 1,-1 
1,-1 -1,1 1,-1 1,-1 -1,1 -1,-1 1,1 -1,-1 -1,-1 -1,-1 -1,-1 
-1,-1 1,-1 -1,1 -1,1 1,-1 1,1 -1,-1 1,1 -1,1 1,1 -1,1 
-1,1 -1,-1 1,1 1,1 -1,-1 -1,1 -1,1 1,-1 1,1 -1,1 1,1 

1,1 1,1 -1,1 -1,1 1,1 -1,1 -1,1 -1,1 -1,1 -1,1 -1,-1 
-1,1 1,-1 1,-1 -1,-1 1,-1 1,-1 1,1 1,1 -1,-1 1,-1 1,-1 
-1,-1 -1,1 -1,-1 1,1 -1,1 -1,-1 1,-1 1,-1 1,-1 -1,-1 -1,1 
1,-1 -1,-1 1,1 1,-1 -1,-1 1,1 -1,-1 -1,-1 1,1 1,1 1,1 

-1,-1 -1,-1 1,1 -1,-1 -1,1 -1,1 1,-1 1,-1 -1,1 -1,1 -1,1 
-1,1 -1,1 -1,1 1,-1 1,1 1,1 -1,-1 -1,-1 -1,-1 1,1 1,-1 
1,1 1,-1 1,-1 -1,1 -1,-1 -1,-1 1,1 -1,1 1,-1 -1,-1 1,1 
1,-1 1,1 -1,-1 1,1 1,-1 1,-1 -1,1 1,1 1,1 1,-1 -1,-1 

1,1 1,1 -1,1 1,1 1,1 1,1 1,1 -1,1 1,1 1,1 -1,1 
-1,-1 1,-1 1,-1 -1,-1 1,-1 -1,1 -1,-1 1,-1 1,-1 1,-1 -1,-1 
-1,1 -1,1 1,1 -1,1 -1,1 1,-1 -1,1 1,1 -1,1 -1,1 1,1 
1,-1 -1,-1 -1,-1 1,-1 -1,-1 -1,-1 1,-1 -1,-1 -1,-1 -1,-1 1,-1 

1,1 1,1 -1,1 -1,1 -1,1 1,-1 1,-1 1,1 1,1 -1,-1 -1,-1 
1,-1 1,-1 -1,-1 1,-1 -1,-1 -1,-1 -1,1 -1,1 1,-1 1,-1 1,1 
-1,1 -1,1 1,1 1,1 1,1 1,1 1,1 -1,-1 -1,1 -1,1 1,-1 
-1,-1 -1,-1 1,-1 -1,-1 1,-1 -1,1 -1,-1 1,-1 -1,-1 1,1 -1,1 

-1,-1 -1,-1 1,-1 -1,1 -1,1 1,-1 -1,-1 -1,-1 -1,-1 -1,-1 1,1 
-1,1 -1,1 1,1 -1,-1 1,1 1,1 1,1 -1,1 -1,1 -1,1 -1,1 
1,1 1,1 -1,1 1,-1 -1,-1 -1,1 1,-1 1,-1 1,1 1,1 1,-1 
1,-1 1,-1 -1,-1 1,1 1,-1 -1,-1 -1,1 1,1 1,-1 1,-1 -1,-1 

1,1 1,-1 1,-1 1,-1 1,-1 1,-1 1,-1 1,-1 -1,1 -1,-1 -1,-1 
-1,1 -1,-1 1,1 -1,-1 -1,1 -1,1 -1,1 1,1 1,1 1,1 1,1 
1,-1 1,1 -1,1 1,1 1,1 -1,-1 -1,-1 -1,1 -1,-1 1,-1 1,-1 
-1,-1 -1,1 -1,-1 -1,1 -1,-1 1,1 1,1 -1,-1 1,-1 -1,1 -1,1 

-1,-1 -1,-1 -1,-1 1,-1 -1,-1 1,-1 -1,-1 -1,-1 -1,-1 -1,-1 -1,-1 
1,-1 1,1 1,1 1,1 1,1 1,1 1,1 1,-1 1,1 1,-1 1,-1 
1,1 -1,1 1,-1 -1,1 -1,1 -1,-1 -1,1 1,1 -1,1 1,1 -1,1 
-1,1 1,-1 -1,1 -1,-1 1,-1 -1,1 1,-1 -1,1 1,-1 -1,1 1,1 

-1,-1 -1,-1 1,-1 -1,1 1,1 -1,1 1,1 1,-1 -1,1 1,1 -1,1 
1,-1 1,1 1,1 -1,-1 -1,-1 1,-1 -1,-1 -1,-1 -1,-1 -1,-1 1,-1 
1,1 -1,1 -1,1 1,-1 1,-1 -1,-1 1,-1 1,1 1,-1 -1,1 1,1 
-1,1 1,-1 -1,-1 1,1 -1,1 1,1 -1,1 -1,1 1,1 1,-1 -1,-1 

-1,-1 -1,-1 1,1 1,1 1,1 1,-1 1,1 1,1 -1,-1 -1,-1 1,-1 
1,1 -1,1 -1,1 -1,1 -1,1 -1,1 -1,1 1,-1 1,-1 1,1 1,1 
1,-1 1,1 -1,-1 -1,-1 1,-1 1,1 1,-1 -1,-1 1,1 -1,1 -1,-1 
-1,1 1,-1 1,-1 1,-1 -1,-1 -1,-1 -1,-1 -1,1 -1,1 1,-1 -1,1 

-1,-1 1,1 1,1 -1,1 1,-1 1,-1 1,-1 1,-1 1,1 1,1 1,1 
-1,1 -1,1 -1,-1 -1,-1 -1,-1 -1,-1 -1,-1 -1,1 -1,1 -1,-1 -1,-1 
1,-1 -1,-1 -1,1 1,1 -1,1 1,1 1,1 1,1 -1,-1 1,-1 -1,1 
1,1 1,-1 1,-1 1,-1 1,1 -1,1 -1,1 -1,-1 1,-1 -1,1 1,-1 

1,-1 1,1 -1,1 -1,1 -1,-1 1,-1 -1,-1 -1,-1 1,-1 1,-1 -1,-1 
-1,-1 -1,-1 1,-1 1,-1 1,1 -1,1 -1,1 1,1 1,1 -1,1 -1,1 
-1,1 -1,1 1,1 1,1 1,-1 -1,-1 1,-1 -1,1 -1,-1 -1,-1 1,-1 
1,1 1,-1 -1,-1 -1,-1 -1,1 1,1 1,1 1,-1 -1,1 1,1 1,1 

1,-1 1,1 -1,-1 1,1 -1,-1 -1,1 1,-1 -1,-1 -1,1 -1,-1 -1,1 
-1,-1 1,-1 1,1 -1,-1 -1,1 -1,-1 -1,1 1,-1 -1,-1 -1,1 -1,-1 
-1,1 -1,1 1,-1 -1,1 1,1 1,-1 1,1 1,1 1,-1 1,1 1,1 
1,1 -1,-1 -1,1 1,-1 1,-1 1,1 -1,-1 -1,1 1,1 1,-1 1,-1 

-1,-1 -1,1 1,1 -1,1 -1,-1 -1,1 1,1 -1,-1 1,-1 -1,1 1,-1 
1,-1 -1,-1 -1,1 1,-1 -1,1 1,1 -1,-1 1,-1 -1,-1 1,1 -1,-1 
-1,1 1,-1 1,-1 -1,-1 1,1 -1,-1 1,-1 1,1 1,1 1,-1 1,1 
1,1 1,1 -1,-1 1,1 1,-1 1,-1 -1,1 -1,1 -1,1 -1,-1 -1,1 

-1,1 -1,-1 -1,1 1,1 -1,-1 1,-1 1,1 1,-1 -1,-1 1,-1 -1,-1 
1,-1 -1,1 1,-1 -1,1 1,-1 -1,-1 1,-1 -1,1 1,1 -1,-1 1,1 
-1,-1 1,-1 -1,-1 -1,-1 -1,1 -1,1 -1,1 -1,-1 -1,1 -1,1 -1,1 
1,1 1,1 1,1 1,-1 1,1 1,1 -1,-1 1,1 1,-1 1,1 1,-1 

1,-1 -1,-1 1,-1 -1,1 1,1 -1,1 1,1 1,-1 -1,-1 -1,1 -1,-1 
-1,1 1,1 -1,1 1,1 -1,1 -1,-1 -1,1 -1,-1 -1,1 1,-1 -1,1 
-1,-1 -1,1 -1,-1 1,-1 -1,-1 1,-1 -1,-1 1,1 1,-1 -1,-1 1,1 
1,1 1,-1 1,1 -1,-1 1,-1 1,1 1,-1 -1,1 1,1 1,1 1,-1 


2 8 6 7 
3 9 2 0 
2 6 7 9 
3 6 8 10 
5 6 3 9 
4 0 2 1 
4 6 0 2 
4 0 8 2 
4 10 0 1 
2 1 5 9 
7 8 1 0 
6 2 3 0 
6 4 5 0 
1 3 4 9 
2 6 9 8 
8 6 7 4 
9 4 1 3 
8 4 1 7 
8 10 2 7 
4 7 0 6 
1 7 2 0 
2 4 0 5 
6 3 10 9 
2 0 5 10 
5 2 4 9 


