1282572010.0072 1640604494.9101 1843611388.6936 1304174903.4981 1272273217.1393 1744189821.4044 1267866091.3544 1657561736.3319 1929337875.9870 1413766983.5273 1919114460.9498 
1636311427.2223 1621777804.3878 1357365340.3961 1129140062.2940 1630622120.0857 1924900634.6435 1559007605.4351 2135256104.8578 2090759264.7499 1203933632.1753 1126244942.9781 
1382716287.1966 2052441512.5597 1537441312.0970 1105178100.6127 1812553271.2200 1273956222.3977 1359581477.7180 1685772617.1567 1689485586.0524 2041533853.9394 2025111212.6838 
1083701260.7774 1748333463.5745 1275462010.7911 1550066318.1803 1888009340.6497 1098373951.7812 1362319287.5489 1625119608.5273 1512707606.6950 1289744730.2095 1188643250.6255 
1207043610.3851 1399606528.5725 2069866011.2652 1520677878.4520 1181896834.4873 1842049025.6766 1791016486.7239 1280729328.8491 1247629079.6226 2093271752.8554 1449297055.5675 
2098316480.1881 2087389619.6436 1955278720.0029 1934160093.0346 1968089152.7840 1840116053.7062 2088609032.3729 1575354779.1927 1298492269.5175 2115832382.4505 2101160276.7424 
1446450098.8033 1181945040.5534 1650096692.3751 1121558864.3106 1595413276.2197 2004705873.1604 1676105280.1294 1418441812.6399 1203159582.3699 1502243092.2702 1093632032.6277 
1283261706.8633 2108474561.2436 2101389328.1576 1291145958.9513 1183431666.0872 1499917209.3701 1082250816.4139 1187079118.2001 1143880015.0848 1233239350.0759 1684372677.8552 
1806814965.2053 1104458216.3297 1780666255.0562 2088078770.5963 1736743592.1930 1283612514.0921 1844001512.2429 1407386327.6475 1109207275.2581 1172115338.1573 1093498012.9258 
1939603690.4256 1484243196.4370 1220595278.8721 1399905929.6331 1093422058.1991 1108678872.5573 1395240351.2297 1359069411.9319 1764683139.7226 1884630759.8171 1085416824.3271 
1594163784.3575 1115685049.0535 1309664480.4829 1951783425.2356 1132702298.4327 1940469565.2536 1949258382.6467 1121068325.1600 1777824917.0504 1409716329.2272 1632506648.4809 
1162144216.6822 1592966696.3533 1528575875.0692 1161221867.7807 2135515423.6400 1548913701.7748 1619601119.3789 1721612051.1998 1424621371.7984 1251607234.7786 1610860105.5406 
1545691144.1255 1435531337.4866 1888029362.2567 1278387431.1055 2143179357.6281 1391793508.6092 1276331459.3786 1190565515.6501 1177676821.9021 1605425289.9288 1168582084.2395 
1273654722.4411 2125964351.0721 1654043718.1225 1271417937.3410 1585975696.0633 1148666958.5012 2079750373.3287 1766964968.0400 2116651646.8916 1543317505.1347 2028429331.4618 
1156835565.8143 1140783932.8847 1568335351.6569 1368540362.1461 1366570853.4749 1813635792.4772 1097773503.7058 1143673265.6459 1508268213.2140 1286121604.9618 1372392467.4407 
1231631840.4973 1160281167.7862 1926551786.0831 1164298545.4900 1820221544.4256 1637520827.2510 1194386349.9550 1291970639.9119 1644418439.9708 1606099027.3217 2114632612.3935 
1903418851.6684 1084002539.8683 1905688148.0790 1604232662.6132 1130657909.8702 1207328686.0707 1830657622.2050 1888796940.1616 1304903174.6376 1608373331.1520 1937948729.0284 
1537560713.0343 1627965991.5341 1349559644.3199 1157577126.2302 1630290676.6444 1184266961.3598 1333521457.2525 1922496879.9218 1451270106.0221 1451203997.0273 1812762168.3466 
2024136133.7312 1652945810.1762 1507845820.9686 1265915140.6372 2131477665.5044 2072089306.1611 1105547300.9657 1278651163.1122 1550350548.1400 1856922221.3453 1371097078.2359 
1941130626.5198 2094292134.4555 2074947304.6360 1752383306.4358 2114155489.7678 1606371745.1576 1518720562.4729 1144665417.1340 1323182877.8065 1106512618.2483 1770008072.6248 
1547608242.1781 2145432926.6517 1352468803.2099 1746949485.5472 1479561427.6497 1137149984.1531 1465436145.6205 1456741765.9011 1566892027.4583 1986365305.9255 1425984539.3564 
1474059791.1544 2003922250.9025 1880931574.6872 1775615336.5187 1771150129.2708 1873410330.9197 1272940596.6865 1076431898.5057 1106897313.0844 1618416633.4944 1359704048.5925 
1080677214.5524 2130406905.2630 2141235980.3453 1224553503.2439 1605428898.3031 1499527599.5759 1357408830.6209 1297516408.7911 2047743655.2496 2000091357.2607 1186497797.0585 
1692969964.5466 1914711208.0913 1292166947.9404 1472866297.8474 2014330576.0715 1985675563.7442 2064134350.0526 1498501999.5732 2097174789.7831 1135809409.3221 1958627186.5880 
1670194601.4951 1113318183.5965 1840732098.9535 1578507686.7192 1252901191.6509 1988738786.5195 1157916166.1825 1784248201.4412 1701224958.2697 1167161645.5017 1479271362.0157 
2051362460.7344 1293977955.9252 1444153537.4943 2139130347.4711 1638027300.1495 1920609987.5952 1094972655.9227 1463980736.5238 1927677075.9491 1502784109.6122 1620402782.8525 
1815296260.0611 1575016553.6457 1439874826.5021 1750341672.1222 1928770143.1166 1750758956.3979 1241911299.7427 1946125444.9689 1831583088.3021 1353304075.4059 1526073947.8787 
1140939826.1808 1323899951.1494 1528186461.7531 2040695688.0521 2021381452.1206 1198648007.6940 1436158338.8994 1652820733.9448 1967066540.4173 1581110929.4616 1812213923.0457 
2023213908.9396 1930182862.7168 1747101189.9509 1209797463.0858 1757640432.9586 1667046870.9956 1096909727.9460 1821223359.0167 1559051242.0185 1951562937.5282 1265710528.3310 
1680704635.4832 1383191324.6033 1799113731.5416 1563304714.9843 1801983567.1782 1163882930.5727 1653106252.5172 1906859591.5959 1790902011.4552 1594118955.7451 1885051612.4192 
1100415970.6348 1711513701.3557 1160705203.0192 1123382781.1537 1612457251.0102 1516512878.5982 1423239019.6153 1198961067.4107 1767272841.6579 1182467889.4311 1437480491.7691 
1685973495.3233 1792149526.7202 1442816526.3677 1130536556.0678 2128656226.4790 1189023068.2570 1966926548.5654 2143670603.3899 2135907939.6469 1949313752.7197 1652204354.5880 
1687210988.3327 1989852565.0894 2146556249.3201 2119166533.2155 1774475026.5324 2082111057.6359 1160588291.4508 1595574707.6785 1666362594.6088 1845266003.7875 1224927171.3739 
1524296709.6520 1236451342.3604 1445964280.7714 1342662422.9008 1672020811.7291 1521026170.2688 1168022083.2003 1718402964.4725 2056112584.7710 1947598469.2102 1442548814.4683 
1679563550.4839 1819166272.0788 1185393250.5710 1470681192.1950 2133882134.5814 2144929397.5472 1157206832.5872 1441411347.5704 1908773407.2951 2056230062.6805 1510103399.7221 
2087219332.0707 1437523785.1880 1108796411.1246 1941370494.6582 1463289122.2451 2053137920.1531 1327409491.3517 1946449407.6096 1425045815.9590 1231677582.0819 1666521126.1156 
1593711956.2940 1210730205.1058 1370209113.3978 1111601388.7977 2018983448.6833 2108430376.7736 1174964427.4489 1877937336.9544 2037768707.8289 1933531807.1311 1214834958.6653 
1932918150.0471 2107203383.1937 1151221757.8239 1382632657.1743 2041226466.3948 1729570751.5028 2057044605.6751 1906459085.9662 1559813072.1055 1807984560.8569 1115393633.9936 
2060638149.4016 1398764428.1178 1990056382.6003 1509043236.3215 1954375741.1497 1160207569.7467 2102362491.1708 1738945193.9847 1909996293.4060 1454056844.1905 1134781968.5426 
1278760485.9136 1777153115.2069 1874901528.4026 1961927695.4989 2000062292.1333 1947109917.0394 1336306527.5457 1810020036.1140 1929978659.1826 1797092261.8993 1290941785.9099 
1258983244.5596 1557072043.2179 2040135543.1208 1518141306.7680 2104572015.4945 1665024802.2084 1273080760.7846 1854974819.8277 1616046183.7230 2038018811.6722 1132446872.8424 
1714328021.5440 2079671600.9010 1637221505.8027 2079034304.4363 1623837341.3025 1231907224.3979 2024106503.7459 1728832123.0150 1930022011.7760 1779827516.7225 1569780106.5493 
1104633476.7075 1519787504.6849 1554313054.8658 1514426323.0383 1648063467.4945 1294866401.5592 1779065959.2595 1378452543.4109 1216641301.4117 1497148614.7784 1518629511.1522 
1761171213.4955 1790288858.2436 2046350350.3675 1446236395.8404 1139125163.3410 1845211823.4326 1690650896.3836 1753062390.7909 1626874931.1287 2026230932.4110 2140563146.5250 
1159315902.9173 1232759919.8824 1336975368.2795 1521740678.5802 1957650729.0277 1541848510.7334 1411404716.3903 1111266346.2094 1483435479.0623 1492478460.3038 1962692935.0154 
1809429701.4448 1297771064.9736 1805029440.0166 2017260699.2056 1767507156.4732 1635715513.1870 1171915312.8050 1282815380.5367 1462941661.6493 1654485243.0625 1747965843.7404 
1584896587.7022 2125221210.9652 1530242130.6911 1296408938.9473 1716526702.7737 1438306923.5113 1766140634.3659 2105307962.4295 1181415145.5178 1185707383.7954 1311277070.0050 
1857321834.7683 1963592431.9152 1478333708.1762 1121064829.5296 2086832033.3108 1536715925.7492 1672631514.9640 1567910883.5921 1192752604.1604 1787053987.5866 1453068322.9977 
1422817355.5744 1736047587.1108 1232061141.5969 1813089674.2540 1841264191.1241 2018245065.2931 1394625259.3300 1841360605.0672 1125549072.7163 2025597332.3491 1263667395.2496 
1260437121.1015 1984514335.4946 1285349592.2391 1766093058.2653 2015524463.9735 1742603324.8616 1825123334.9569 2024736148.4748 1966376894.1641 1419597231.9138 1901966831.5635 
1085850148.5060 1552307930.7099 1351404873.6937 1890465248.8542 1682429377.5460 1915332663.5973 2112289676.5679 1788674283.2248 1779436917.4826 1367315720.3038 1078425085.1221 
1844701439.3709 1084064801.3242 1347334831.0462 2130771498.2243 1618951810.7123 1498461533.9102 1576697536.9817 1120963106.8611 1329512489.8094 1455015805.6108 1509785125.8971 
1962700760.9638 1626313788.8355 1074287666.1327 1965214977.6022 1577615415.9673 1566939984.9601 1533769748.3794 1303635491.5625 1140465219.7949 1991233996.0564 1885019374.3881 
2141485636.8521 1791071639.2254 1576782640.0565 1680134236.5479 1334187736.5935 1634618623.8682 1346575604.8830 1253007348.9649 1393337795.7958 1483001518.6572 2127464673.4988 
1875559718.0709 1513123061.7321 1357976769.5245 1168367261.1158 1612393898.0753 1917035256.4754 1720004625.0277 1797397236.0653 1517289083.5076 2043530365.2678 1254043252.0911 
1155720598.6819 1585242993.5725 2080208926.1344 1868683566.2235 1888897891.7668 1310891709.4333 1926454176.8167 1654004561.1822 2076358542.2842 1879717687.0993 1610678632.8648 
1423225080.5912 1187732030.7912 1500579250.5270 2101379949.5444 2091843611.1236 1290242683.2422 1481171871.7951 1656171942.7404 1149874863.8841 1473635923.7177 1803313404.8984 
2128336588.8788 1382817122.4359 1362318243.7062 1999961115.3682 1876195568.1815 1089190101.8137 1758232342.5414 1594914886.5609 1892040766.6549 1869541455.0508 1505641537.6240 
1102640934.2336 1233675563.3241 1810962949.8871 1547660481.7061 2077322701.4971 1682250597.9612 1356996919.6782 1594187324.3437 1973675398.0368 1576178965.1804 1520667843.1748 
1079949534.8138 1233454483.2326 2081110613.9084 1824330171.2392 2083951094.3224 1872076882.5143 1560074573.5179 1440563251.5613 1539464058.8137 1321181307.1446 1703187717.1390 
1118882117.3180 1853543268.0109 1221570776.1517 2008694326.3347 1215970349.4160 1406889374.9432 2112807523.3035 1537864686.0441 1490688620.7852 1900499079.9496 1545725579.9471 
1726026815.5266 2051115531.9335 1447051643.1352 1897056422.9273 1573394643.5294 1538729334.4005 1244678074.3232 1727127026.9187 1808878678.8185 1768355346.5994 1714152680.3983 
1076129275.0941 1266175867.3643 2030307999.9508 2013991294.8158 1259680285.4127 2053967763.6360 1925472914.9034 1582989554.4363 1119114553.6030 1172992254.1962 1288977764.4710 
1164546311.6005 1084463525.1794 1933682898.7129 1733918764.8312 1152109226.8615 1832113070.0385 1555740481.7423 1708378102.8905 1823858827.0965 1841320989.9075 1405844455.1673 
1112968004.1944 1117281193.5391 1849365745.9775 1213411592.4493 1973447436.9451 1606838794.9248 1858416766.9445 1820671324.8515 1921246211.0354 2022588319.2660 1447247111.3709 
1884475738.9454 1902629396.3749 1804400489.8607 1605260282.3995 1766490852.5049 1892895894.9726 1249924096.6663 1074719955.3684 1619252400.6633 1377639711.1502 1884120279.1718 
2069760812.2486 1211923689.8411 1106244818.9926 1224770895.0211 2028635916.8986 1800506101.5306 2143290442.9217 1123778709.2290 1598249386.5956 1364969655.2611 1579413711.7275 
1305519720.7908 1958192857.3031 1151028988.6124 1580453331.8498 1982641498.5578 1636392982.9085 1901124431.2863 1230307501.0476 1829049180.0442 1955786694.6357 1595207997.1945 
2121502696.1626 1159783394.7436 2013702281.2685 1911369600.2577 1882378112.3374 1580162196.6578 1437285748.2714 1408421415.5407 1508754196.7312 1704159521.6546 1149886574.9526 
1342718759.1874 1270082381.7957 1550730248.5779 1779455730.7448 1767128280.8234 1753286729.3313 1605583394.8647 1774160394.5408 2087782431.6788 1142748417.3205 1452310103.9237 
1529787546.2399 1211252263.3103 1199207866.3243 1540876408.3786 2028380114.3568 1240398586.5070 1972143696.6541 1302577586.9379 1316565961.1793 1908582911.2089 2081443636.7131 
2058021063.5632 1102300976.8594 1754198368.6482 1698814125.0863 1939391280.8528 1750937911.5230 1982529362.8330 1375664368.2880 1490539800.3455 1858837123.7460 1455621646.8014 
1477801457.6088 2079898896.2570 1524102578.9762 1243793316.3479 1490126497.7736 2080706456.7180 2000761892.7404 1737416413.3195 2112876796.6302 1716034823.7522 2134748600.3103 
2049092276.2392 1191313420.5623 1615059800.1629 1600252305.0447 1299087064.8753 1223483151.2745 1101597850.4569 1314834282.2361 1565704771.3368 1925806905.0772 1166081236.1620 
1242726102.3397 1556622424.4831 1346502086.4559 1337022055.9677 1887852139.2865 1373608568.8072 1879028553.6179 1403821500.2787 2130417498.8095 2024324167.3193 1675895577.1692 
1700219613.7611 1614156292.0498 1720748352.0858 1162949718.7951 1488652456.0603 1740241746.8645 1295451727.9810 1893208110.4468 1542613260.8824 1461832971.9224 1515827479.2564 
1564490976.3826 2120026970.2585 1731131379.2261 1101917522.9996 1343997531.7651 1209860929.7477 1347041736.0729 1984708634.2944 1489209216.4496 1836224566.3113 1889821011.7315 
1519673990.3524 1669735624.5849 1642415866.9972 1556674208.1028 1318697137.3353 1356578025.3741 1829924241.7848 1354422843.9242 1169450460.3024 1828385418.7539 1625512951.6333 
1444421057.2098 1974450919.4114 1324424025.0154 1602883119.4243 1201539930.3742 1627566682.7110 1945173555.7494 1961749149.4735 1901445956.6441 1632601478.9387 1793973657.5128 
1638784047.3265 1548158963.1709 1334165128.2063 1909317785.4471 1579561278.4971 1599258810.7193 1150776688.4617 1473685996.2758 1644177991.6420 1610214791.4437 2099770458.5911 
1262536250.7548 1806756300.2576 1825279531.0419 1329717690.0500 1571252605.3250 1524969320.6233 1801713627.6510 1712001347.9706 2109905337.7197 1405899305.7076 2000841997.9505 
1523286743.7470 1894140112.0686 1361915639.5083 1700048721.9380 2138805097.7010 1423655451.9043 1435100364.3898 1383006867.4134 1657836099.4664 1075000855.8387 1684661122.4226 
1487982495.1658 1336338332.2450 1937477256.4817 1645320736.4448 1790480514.0551 1918694199.7486 2134201797.8969 1638061428.0769 1108074652.1056 1764348212.8446 1762719345.5823 
1487565940.0779 1930461209.0382 1925229357.2953 1551130175.5005 1807370295.4008 1920264801.4357 1088663376.7153 1239701564.9361 1614806214.3661 1296288722.7770 1830902929.9394 
1257361434.4934 1986164039.9246 1244589983.6123 1092985156.1387 1918891541.8925 2125518754.4333 1989516676.4475 2081374266.6306 1464534984.4675 2047942116.8989 1327374011.6874 
2030795436.4105 1625447607.2688 1936200565.6564 1408491328.2323 1799982097.5496 1440766568.1664 1115771999.0103 1620856667.4532 1736274159.5398 1974025477.0612 1828154757.1549 
2120961741.2895 1107846531.9615 1837362414.1272 1768261049.0235 1317775666.7912 2019271771.2796 1687355880.1380 1502802499.7698 1577289799.9562 1978346258.7949 1917403988.5541 
2131672099.2969 1755401898.8878 2072828349.3539 1280701843.9128 1642536043.2753 2095685704.5453 1249073781.2735 1890562199.4734 2013849184.6134 1613858266.6304 1473615372.5231 
1302769046.2713 1658335828.9961 1747377750.8759 1687025586.1947 1197436855.4004 1820656554.2786 1107565153.1620 2040254431.6140 1153768433.3591 1516610708.7303 1083537269.5645 
1719524141.2642 1288810214.3312 1902414418.9764 1450386634.8485 1693874963.8389 1125512408.9392 1592955653.1593 1374398435.3392 1433078628.8843 1134155349.3588 1112827682.8550 
2019784966.7814 1904155148.3563 1897461719.8885 1296199732.4432 1587086753.5158 1247558313.7889 1368824918.6269 1221855712.0672 1547916205.1356 1655484390.1056 1933529648.7329 
1377365740.2998 1940842887.0804 1842195978.4688 1517386273.6191 1308295602.8437 1697115600.2850 1463496295.6163 1288530400.5625 1656202214.5572 2034472061.9448 2025095951.9156 
1443585248.9931 1253685906.6988 1432952105.6434 1947325519.6259 2143691954.4850 2057126739.2407 1174000638.9268 1647023101.6964 1559585724.6634 1191034244.5030 1199430110.0909 
1365682964.9548 2051130833.2494 1789997005.0744 1479732834.5556 1132108241.9899 1128630399.3483 1751485913.2095 1920205159.5638 1782815057.8950 1645214814.5012 1263067762.7350 
1619606430.2431 1930332060.9357 1190224917.6000 2093933190.0898 1504583905.2956 1876339935.6767 1693985403.5068 2129576199.7386 1788901853.5157 1896362549.3726 1389911155.4280 
1168689586.0464 1294124692.3015 1217915855.4320 1527275716.7816 1218504841.1585 1346215552.7226 1232680520.1280 1121414036.4573 1907268277.8766 1185857023.5902 1845675905.1739 
1162430398.0238 1841534920.8246 1428511693.8627 2146707610.0593 1455918651.7824 1221751529.6948 1827423375.5805 1466411234.9558 1706003684.7646 1411869843.1297 1564421414.7717 
1119621882.2824 1964881123.9042 1897689576.1526 1670409816.0750 1983210620.0910 1600518669.3292 1151771761.8228 2047557791.5980 1841850701.6587 1575633099.4711 1648456728.0217 
1544691926.8697 1736557125.4467 1376509023.7193 1598867607.0570 2131953667.3138 1394478391.7553 1429325042.0340 2140073320.4187 1815621461.6950 1256715955.8944 1311459104.2445 
1675850334.0240 1206474778.9471 1748924466.4459 1763812625.3714 1773226707.9003 1965313298.2573 1279328068.9590 2018546733.3738 1913185808.6739 1987383229.1495 1082215478.0029 

-1,1 1,1 -1,-1 1,-1 -1,-1 1,-1 1,-1 1,-1 1,-1 1,-1 1,-1 
1,-1 1,-1 -1,1 1,1 1,1 1,1 -1,1 1,1 -1,1 -1,1 -1,1 
-1,-1 -1,1 1,-1 -1,-1 1,-1 -1,-1 1,1 -1,-1 1,1 -1,-1 1,1 
1,1 -1,-1 1,1 -1,1 -1,1 -1,1 -1,-1 -1,1 -1,-1 1,1 -1,-1 

-1,-1 1,1 -1,-1 1,-1 1,-1 1,-1 1,1 1,-1 1,-1 1,-1 1,1 
-1,1 1,-1 -1,1 1,1 -1,-1 -1,1 -1,1 -1,1 -1,-1 -1,1 -1,1 
1,1 -1,-1 1,1 -1,1 1,1 -1,-1 -1,-1 -1,-1 1,1 1,1 -1,-1 
1,-1 -1,1 1,-1 -1,-1 -1,1 1,1 1,-1 1,1 -1,1 -1,-1 1,-1 

1,1 1,1 1,1 1,1 1,1 1,1 1,1 1,1 1,-1 1,-1 1,-1 
-1,1 1,-1 -1,-1 1,-1 -1,-1 -1,-1 1,-1 -1,-1 -1,1 -1,1 1,1 
1,-1 -1,1 1,-1 -1,1 -1,1 1,-1 -1,1 -1,1 -1,-1 1,1 -1,-1 
-1,-1 -1,-1 -1,1 -1,-1 1,-1 -1,1 -1,-1 1,-1 1,1 -1,-1 -1,1 

1,-1 1,-1 1,-1 -1,-1 -1,1 -1,1 -1,1 -1,1 -1,1 -1,1 1,1 
-1,1 -1,-1 1,1 1,1 1,-1 1,-1 1,1 1,1 1,1 -1,-1 1,-1 
1,1 1,1 -1,-1 1,-1 1,1 1,1 1,-1 -1,-1 -1,-1 1,-1 -1,-1 
-1,-1 -1,1 -1,1 -1,1 -1,-1 -1,-1 -1,-1 1,-1 1,-1 1,1 -1,1 

-1,-1 1,1 1,1 1,-1 1,1 -1,1 -1,-1 -1,1 -1,1 -1,1 -1,1 
1,-1 -1,1 -1,-1 -1,-1 -1,-1 1,-1 1,1 1,1 -1,-1 1,-1 -1,-1 
1,1 -1,-1 -1,1 -1,1 -1,1 1,1 1,-1 -1,-1 1,-1 1,1 1,1 
-1,1 1,-1 1,-1 1,1 1,-1 -1,-1 -1,1 1,-1 1,1 -1,-1 1,-1 

1,-1 1,1 1,1 -1,-1 -1,-1 1,1 1,1 1,1 1,-1 1,1 1,1 
-1,-1 -1,-1 -1,1 -1,1 1,-1 1,-1 -1,-1 -1,-1 -1,-1 -1,-1 -1,-1 
-1,1 1,-1 -1,-1 1,-1 -1,1 -1,-1 -1,1 -1,1 1,1 -1,1 -1,1 
1,1 -1,1 1,-1 1,1 1,1 -1,1 1,-1 1,-1 -1,1 1,-1 1,-1 

-1,1 -1,1 -1,1 1,1 1,1 1,-1 1,1 -1,1 -1,1 1,-1 1,-1 
-1,-1 1,1 1,-1 -1,-1 -1,1 -1,1 -1,-1 1,-1 1,1 1,1 -1,1 
1,-1 -1,-1 -1,-1 1,-1 -1,-1 1,1 1,-1 -1,-1 -1,-1 -1,1 1,1 
1,1 1,-1 1,1 -1,1 1,-1 -1,-1 -1,1 1,1 1,-1 -1,-1 -1,-1 

1,-1 1,1 1,-1 1,-1 -1,1 1,-1 -1,1 -1,1 1,1 -1,-1 1,1 
-1,-1 -1,-1 -1,1 -1,-1 -1,-1 1,1 1,1 -1,-1 1,-1 -1,1 1,-1 
-1,1 1,-1 1,1 1,1 1,1 -1,-1 -1,-1 1,-1 -1,-1 1,1 -1,-1 
1,1 -1,1 -1,-1 -1,1 1,-1 -1,1 1,-1 1,1 -1,1 1,-1 -1,1 

1,1 1,1 1,1 1,-1 1,-1 1,1 -1,1 1,-1 1,-1 1,-1 1,-1 
-1,-1 -1,-1 -1,-1 -1,-1 -1,-1 -1,-1 -1,-1 1,1 -1,-1 -1,-1 -1,-1 
-1,1 1,-1 -1,1 1,1 -1,1 1,-1 1,-1 -1,1 1,1 1,1 1,1 
1,-1 -1,1 1,-1 -1,1 1,1 -1,1 1,1 -1,-1 -1,1 -1,1 -1,1 

1,1 1,1 1,1 -1,-1 1,-1 1,-1 1,-1 1,-1 -1,-1 -1,-1 1,1 
-1,-1 1,-1 -1,1 -1,1 1,1 -1,-1 1,1 -1,1 1,1 -1,1 -1,1 
1,-1 -1,1 -1,-1 1,1 -1,1 1,1 -1,1 -1,-1 1,-1 1,1 -1,-1 
-1,1 -1,-1 1,-1 1,-1 -1,-1 -1,1 -1,-1 1,1 -1,1 1,-1 1,-1 

-1,-1 -1,-1 -1,-1 -1,-1 1,-1 -1,-1 1,-1 1,-1 1,-1 1,-1 1,-1 
-1,1 1,-1 -1,1 1,1 1,1 1,1 1,1 -1,-1 -1,-1 1,1 -1,1 
1,-1 -1,1 1,1 -1,1 -1,1 -1,1 -1,-1 1,1 1,1 -1,1 -1,-1 
1,1 1,1 1,-1 1,-1 -1,-1 1,-1 -1,1 -1,1 -1,1 -1,-1 1,1 

1,-1 -1,-1 -1,1 -1,1 -1,1 -1,1 -1,-1 -1,-1 1,1 1,-1 1,1 
1,1 1,1 1,-1 1,-1 1,-1 1,1 1,-1 -1,1 -1,1 -1,1 -1,-1 
-1,-1 1,-1 1,1 1,1 -1,-1 -1,-1 -1,1 1,-1 -1,-1 1,1 1,-1 
-1,1 -1,1 -1,-1 -1,-1 1,1 1,-1 1,1 1,1 1,-1 -1,-1 -1,1 

1,-1 1,1 -1,1 1,-1 -1,1 -1,1 -1,1 -1,1 -1,1 -1,-1 1,1 
-1,-1 -1,-1 -1,-1 -1,-1 1,1 1,1 -1,-1 1,1 1,-1 1,-1 1,-1 
1,1 1,-1 1,1 -1,1 1,-1 1,-1 1,1 1,-1 1,1 1,1 -1,1 
-1,1 -1,1 1,-1 1,1 -1,-1 -1,-1 1,-1 -1,-1 -1,-1 -1,1 -1,-1 

1,1 1,1 1,1 -1,1 1,-1 1,-1 1,-1 1,-1 1,-1 -1,1 1,-1 
-1,-1 -1,-1 -1,-1 -1,-1 1,1 1,1 -1,1 -1,-1 -1,-1 -1,-1 1,1 
-1,1 -1,1 1,-1 1,1 -1,-1 -1,-1 1,1 1,1 1,1 1,-1 -1,1 
1,-1 1,-1 -1,1 1,-1 -1,1 -1,1 -1,-1 -1,1 -1,1 1,1 -1,-1 

1,-1 1,-1 1,-1 1,-1 -1,-1 -1,-1 -1,-1 -1,1 -1,-1 1,1 1,1 
1,1 -1,-1 -1,-1 1,1 -1,1 -1,1 1,-1 1,-1 1,-1 1,-1 -1,-1 
-1,1 -1,1 1,1 -1,-1 1,-1 1,-1 1,1 -1,-1 1,1 -1,-1 1,-1 
-1,-1 1,1 -1,1 -1,1 1,1 1,1 -1,1 1,1 -1,1 -1,1 -1,1 

-1,1 1,1 -1,1 1,1 -1,1 -1,1 -1,1 -1,1 1,-1 1,-1 1,1 
-1,-1 1,-1 -1,-1 -1,-1 -1,-1 1,-1 1,1 1,1 1,1 -1,1 -1,-1 
1,1 -1,1 1,1 1,-1 1,-1 -1,-1 -1,-1 -1,-1 -1,1 1,1 1,-1 
1,-1 -1,-1 1,-1 -1,1 1,1 1,1 1,-1 1,-1 -1,-1 -1,-1 -1,1 

1,1 1,1 1,-1 1,-1 -1,-1 1,1 -1,1 1,-1 1,1 -1,-1 -1,1 
-1,-1 -1,1 -1,1 -1,1 1,-1 -1,-1 1,1 -1,-1 1,-1 -1,1 1,-1 
1,-1 -1,-1 -1,-1 -1,-1 1,1 1,-1 1,-1 1,1 -1,1 1,1 -1,-1 
-1,1 1,-1 1,1 1,1 -1,1 -1,1 -1,-1 -1,1 -1,-1 1,-1 1,1 

1,-1 -1,1 1,-1 -1,1 -1,-1 1,-1 -1,-1 1,1 -1,1 1,-1 -1,1 
-1,-1 1,-1 1,1 1,-1 1,1 -1,-1 1,-1 -1,-1 1,-1 -1,-1 1,-1 
-1,1 1,1 -1,1 1,1 -1,1 -1,1 -1,1 -1,1 -1,-1 -1,1 -1,-1 
1,1 -1,-1 -1,-1 -1,-1 1,-1 1,1 1,1 1,-1 1,1 1,1 1,1 

-1,-1 1,-1 -1,-1 1,-1 1,1 1,-1 1,1 -1,1 1,-1 -1,1 1,1 
-1,1 -1,-1 1,-1 -1,-1 1,-1 1,1 1,-1 1,1 -1,1 1,1 -1,1 
1,1 1,1 -1,1 1,1 -1,-1 -1,-1 -1,-1 -1,-1 -1,-1 -1,-1 1,-1 
1,-1 -1,1 1,1 -1,1 -1,1 -1,1 -1,1 1,-1 1,1 1,-1 -1,-1 

-1,1 1,-1 -1,1 1,-1 -1,1 -1,-1 1,-1 -1,1 1,1 1,-1 -1,-1 
1,-1 1,1 1,-1 -1,1 -1,-1 1,-1 -1,1 1,1 -1,-1 1,1 1,-1 
-1,-1 -1,-1 -1,-1 -1,-1 1,-1 -1,1 1,1 -1,-1 -1,1 -1,-1 1,1 
1,1 -1,1 1,1 1,1 1,1 1,1 -1,-1 1,-1 1,-1 -1,1 -1,1 

1,-1 -1,1 -1,-1 1,-1 -1,-1 1,-1 1,1 -1,-1 1,1 -1,-1 -1,1 
1,1 -1,-1 1,-1 1,1 1,-1 -1,-1 1,-1 1,1 1,-1 1,1 -1,-1 
-1,1 1,1 -1,1 -1,-1 1,1 -1,1 -1,-1 1,-1 -1,1 1,-1 1,-1 
-1,-1 1,-1 1,1 -1,1 -1,1 1,1 -1,1 -1,1 -1,-1 -1,1 1,1 

1,1 -1,1 1,1 1,-1 -1,-1 -1,1 -1,-1 -1,1 -1,-1 1,1 -1,-1 
-1,1 1,1 -1,1 -1,-1 1,1 1,-1 1,1 -1,-1 1,1 1,-1 1,1 
-1,-1 1,-1 1,-1 -1,1 -1,1 1,1 -1,1 1,-1 1,-1 -1,-1 -1,1 
1,-1 -1,-1 -1,-1 1,1 1,-1 -1,-1 1,-1 1,1 -1,1 -1,1 1,-1 

1,-1 -1,-1 1,-1 -1,-1 -1,1 1,-1 -1,1 -1,-1 -1,1 -1,-1 -1,1 
-1,-1 1,1 -1,-1 1,1 -1,-1 -1,1 1,-1 -1,1 -1,-1 1,1 1,-1 
-1,1 1,-1 1,1 1,-1 1,-1 -1,-1 1,1 1,1 1,-1 1,-1 -1,-1 
1,1 -1,1 -1,1 -1,1 1,1 1,1 -1,-1 1,-1 1,1 -1,1 1,1 

1,-1 -1,-1 1,-1 -1,1 1,-1 -1,1 -1,-1 1,-1 -1,-1 -1,1 1,1 
-1,-1 -1,1 -1,-1 1,1 -1,1 1,1 -1,1 -1,-1 -1,1 1,-1 -1,-1 
-1,1 1,1 1,1 1,-1 -1,-1 -1,-1 1,-1 -1,1 1,1 1,1 1,-1 
1,1 1,-1 -1,1 -1,-1 1,1 1,-1 1,1 1,1 1,-1 -1,-1 -1,1 

1,-1 1,1 -1,1 1,1 -1,1 1,1 -1,-1 1,-1 -1,-1 1,1 -1,-1 
1,1 -1,1 1,1 1,-1 1,1 -1,1 1,-1 1,1 1,-1 -1,1 1,1 
-1,1 -1,-1 -1,-1 -1,1 -1,-1 -1,-1 -1,1 -1,1 -1,1 -1,-1 1,-1 
-1,-1 1,-1 1,-1 -1,-1 1,-1 1,-1 1,1 -1,-1 1,1 1,-1 -1,1 


7 1 0 5 
7 6 2 3 
7 3 8 2 
4 5 3 0 
4 7 1 5 
0 3 2 9 
0 2 4 6 
6 7 8 9 
5 8 1 6 
4 10 2 5 
7 10 2 6 
1 5 0 10 
7 3 0 5 
8 6 2 0 
8 5 0 9 
10 4 1 8 
10 4 0 8 
0 7 3 1 
3 1 5 6 
0 3 2 10 
1 7 5 8 
5 1 3 10 
2 5 0 4 
8 3 6 5 
0 2 8 9 


