1814740775.5908 1140198761.8933 1355679656.3791 1891779527.3114 1224787980.9058 1931243698.4416 1792246973.7955 1363018583.5560 1301058664.6984 1947902770.8797 1897831543.7739 
2006935770.4996 1214258805.1513 2025214970.6239 1293772746.7851 2006864967.9123 1849387818.1887 1862080280.2262 1599166408.3172 1321568427.3976 1648029334.6174 1910004939.3649 
2046153059.8096 1111246857.9843 1538874426.9614 1700578236.8833 1563040311.8089 1691243608.5057 1807792970.9806 1491567594.8445 1461972935.9203 1633895421.9617 1579661946.9401 
1912913392.2992 1991474596.0213 1867468518.2548 1543928515.9361 1963365409.1832 1256546694.6929 1917996747.4847 1504095676.3516 1741548077.7301 2133663667.4855 1647290505.3739 
1913773942.0861 1514341756.3119 1098028688.3204 2012756504.9525 1303376410.2895 1265685163.8838 1916439590.5043 1530785358.1895 1175738701.5865 1425627377.0929 1763416712.6286 
1729596013.2612 1858625862.6880 1733871516.4071 1231172955.5653 1766060370.2589 1570525428.3033 2052888268.4238 1099525777.1856 1531104837.7207 1448011892.8404 2101702125.6331 
1701931045.2819 1429619889.7722 1255287598.9022 1482272512.7247 1404228479.6198 1450201218.8612 1383010687.0983 1461517037.3135 1749694867.0015 1286543810.4563 1324314345.2003 
1464148067.9367 1745992826.0895 1748778251.4132 1124521017.1316 1710865528.5101 1713136522.9609 1913744342.9213 1757026199.8062 1988687218.9879 2070832784.1291 1911641306.8824 
1319314374.9395 1475782733.3159 1960497904.8465 2043273717.9835 1729252222.5251 1842039713.9820 1116461174.5228 1880514199.5888 1594526084.5835 1558953942.3018 1679291367.0132 
2000501798.1174 1189296546.2734 1303839039.0882 1544046269.7638 1105885947.8062 2088985475.0173 1531507410.5980 1581126155.1151 1370610255.7536 1823301792.6000 1656531236.3759 
1519852402.0406 1497632416.8209 2044718423.4286 1441464217.0639 1558927351.3831 1204000589.8624 2074250732.3850 1524897452.2723 1965937785.7415 1718430612.2555 1533772797.0009 
1429727245.7038 2051539956.4840 1146326127.1768 1581197106.0442 1880866427.2841 1147939875.9243 1384292939.4906 1800155978.6642 1273563752.8715 1209378623.5065 1282151067.7378 
2113874327.0564 1620633607.4704 2124918846.6560 1977403802.7411 1750625564.0227 1984071153.3899 1972490963.4105 1803102581.1219 1435456369.0835 1478567772.2886 1681222929.8831 
2053499930.7839 1457234760.3059 1223998700.4973 1477706893.8420 1565795669.0381 1972765151.8324 1981462690.9339 1139902117.2203 1438583616.1347 1807900178.5703 1142434767.8583 
1964523157.9460 1777708683.7393 1341578294.7540 2103269728.1459 1627923814.9817 1630256127.7512 1186323052.0913 1540951577.5374 1233308282.7047 1242742821.9834 2085008327.6060 
1133644997.6009 1096752592.8458 1412471586.4062 1583790701.9992 1625695899.3449 1464814253.1606 1748986751.3061 1401176719.0211 1823621388.8248 1692412031.9106 1470218198.3107 
1690032575.5445 1588345089.2983 1609220384.4739 1890833009.6139 1473557440.2297 1704538317.6921 1124111356.8932 2062924806.1318 2051646891.1220 2064603440.3690 1629584568.8666 
1432279429.5645 1274783048.7349 1207084703.0470 1864664026.3272 1169095542.6380 1693258656.3504 1715284337.6650 1558208484.8998 2042850181.5175 1612412150.6015 1688281181.9052 
1744771409.2369 1910244180.5044 1470569801.6459 2005054244.0896 1570434531.2575 1214663446.9318 1269087981.5866 2104140095.3108 1950159756.0936 1500058095.5674 1938214674.8137 
1427191913.0129 1988709988.0830 2036254500.2751 1922064688.2697 1280044424.4801 1627692236.1162 2008918672.2914 1165759533.1250 2099445331.6198 1291644053.2373 1717760550.9831 
1732136093.4415 1869162907.0775 1792059980.4281 1982809961.6698 1100389572.7277 2066854806.9800 1276277371.6575 2015446009.4950 1245675870.2848 1466976774.4856 1308585189.8206 
1983708063.3184 1712074648.8263 1790807912.4962 1434504046.8600 1844756520.1764 1442994831.0896 1730856963.0224 1876214250.5731 2065708866.3694 1180751783.6000 2035145973.8948 
1655974100.3461 1654854109.8060 1497848662.3943 1947578961.5305 1499667149.3688 1427344824.2782 1075434068.4292 1285327886.4412 1424150449.2770 2101931624.8849 1252765660.1598 
1959245835.4313 2144996754.2791 2069945505.4644 1586604653.6355 1531748095.7804 1951651347.3438 1815143656.0346 1161364388.5661 1773310218.9181 1647970241.6154 1990503913.4774 
2019855506.7998 1207459094.7596 1210923824.6485 2114398698.1062 1838616984.7773 1756253523.3311 1649899762.1252 1687165182.7961 1658807670.4226 1720027729.5433 2043984523.4757 
1263828085.6547 1920094115.9735 1962392632.1932 1396269401.2097 1275078588.9074 1589138861.7159 1778740319.8441 1594141406.0632 2076419696.2731 2012638565.2017 1160067084.7330 
1917319638.8990 1816720038.3434 1950172917.1381 1862617228.0081 1496662496.9241 1903613875.2062 2071471224.8143 2021659078.4815 2005543361.1183 1287660801.3221 1379109158.4933 
1613413870.4201 1618208529.1798 1274097306.8841 1237327991.7083 1523717818.7048 1146866945.2464 1588730502.2838 1337653085.7373 1296613573.1745 1939304270.0827 1247387086.8730 
1753545776.6451 1681119020.9624 2139338785.5506 1722324364.3593 1588872996.5262 1147284171.1753 1556938769.0196 1895874050.4434 1222471536.4489 1961552417.8405 1630072555.3517 
1786300108.7134 1430694361.0767 1479770228.0205 1472013954.0991 1201017948.6433 2074325633.0418 1120890733.4823 1651398428.5428 1207362060.5783 1847645042.9821 1284984408.0491 
1634250086.2845 1115511062.7835 1740499584.5225 2099577761.2478 1256242582.2408 1304682528.5334 2066211182.3515 1257178413.6025 1604934688.6372 2091139287.2590 1889184146.2877 
1920296089.7411 1205304860.5688 1766538619.3061 1174618952.6775 1981897307.3474 1125085606.1080 1256178734.0053 1325156081.5528 1802182116.8392 1867905005.2823 1618088097.4213 
1577103689.7237 1983175252.3428 1109837880.5954 2144197252.4980 1728652063.3894 1654362067.1101 1106743713.1792 1179774220.8837 2089282752.2945 1873055743.2427 1871611559.4690 
1435107899.2597 1536476281.1153 2086085091.9735 1607554013.9694 1483247008.1927 1366916958.2118 1427939990.8267 1902187161.8572 1701384412.8037 1794741138.3341 1108746224.8395 
2110582226.9230 1366983550.9690 1419190750.8398 1662174034.6589 2021563802.1705 2091288039.9525 1117377793.7331 2098696164.9658 1926524063.4654 2117068752.6604 1974234244.8004 
1431270096.9192 1565657535.1064 1240843951.5696 1600664203.7937 1766442832.0342 1870657566.0761 2090320283.9036 2084881085.0601 1784315778.2110 1548988448.1568 1596583193.9425 
1704616471.0372 1280355294.1504 1813301764.7221 1659278219.1145 1665638365.1753 1745326343.0264 1320022356.2978 1090430280.9979 1548984979.5526 1083725068.9377 2074021075.0641 
1366388258.3273 1507778283.2633 1697268127.0103 1460153133.3070 1931372805.9963 1824422063.8359 1732186713.7140 1887641361.9908 2004667370.7453 1603760889.2607 2112713864.5925 
1254545436.0472 1526378182.9574 2138971320.9914 1650770147.9168 1866484112.7750 1496456311.6876 1507151472.2233 2056920514.4396 1572163584.1837 1874375376.0784 2099203446.0089 
1111998662.6769 2111855219.3790 1619898798.1674 1801577190.6040 1451724420.1604 1362475286.5003 1117051919.2750 1430952745.7935 1105293055.6940 1654575779.4725 1544357184.7593 
1259217423.8823 1457124873.9576 1951162648.8145 2060970882.4388 1460249320.7791 1482542325.8311 1630213063.4419 2025822747.0361 1458045357.1948 1517034625.6142 1308027236.0913 
1908448140.8815 1334746274.9629 1460420767.0773 1897854684.0597 1543976162.2495 1566559314.6865 1414409701.2889 1142478943.7566 1563650264.9183 1408830801.0164 1859154559.7615 
1089082725.4444 1613688321.5664 2140610929.8143 1739417475.3315 1617704305.8301 1394528607.0500 1935702766.8986 1808715738.2091 2127051813.1582 1323695758.3257 1464179802.0954 
1145060189.7782 1326339137.8991 2092647310.3688 1910420659.6098 1808398438.3417 1181777127.7946 1996160268.8833 2001433174.5513 1628969178.4722 1206333404.0378 1416496703.0299 
1415059825.3441 2084682416.7222 1966715049.8260 1906041892.0133 2040878185.7884 1629447770.6838 1203910845.2812 1444977862.5966 1896918062.1970 1144101331.0467 1987761593.0107 
1433700571.2915 1939533308.4764 1714872004.6010 1835666730.4311 1860643942.8385 1401580322.3919 2063445577.7069 1259736523.4602 1886742342.9204 2067462624.7677 1210875131.8536 
1106116351.7861 1729366441.9856 1155688517.2367 1736532540.4624 1684626756.8138 1784639249.1731 1892303348.0081 1632711191.8853 1590715513.6821 1385217160.8171 1911533842.0013 
1945514582.6816 1827052746.5171 2070108158.6174 1620652685.9402 1145002922.3927 1669329881.7704 1563443073.2481 1383851131.8716 2054986992.4438 1127191762.6368 1615867969.8239 
1231904675.5267 1401718547.1463 1515831223.7787 1657364709.4984 1938390628.4535 1500648842.9584 1121099519.6761 1252834382.3056 1112376357.1805 1250980218.5332 1903907292.9063 
1115242693.7202 1386881626.5928 1074682247.2486 1561452228.8143 1851858712.2264 1856207158.5588 1788990917.5288 1427273056.6328 1852370965.0911 1986818847.6895 1094716146.5975 
1192326598.7632 1097267585.6101 1498648416.5170 1814408226.1657 1514552157.6393 1630458613.9629 1316396044.2972 2036188475.9979 1597957083.4511 1459767086.5617 1496012563.5695 
1227091786.4896 1887826005.4316 1140487765.3856 1100463322.9033 1877609009.8810 1162953272.9445 1457082429.5588 1831657668.8710 1684035050.2976 1217188311.0137 1324755712.3990 
1474259019.9004 1235110165.7458 1681501160.9943 1817991543.2421 1854208265.0000 1725159645.8252 1926614705.0307 1649827804.9346 1407154119.9721 2052080900.3189 1171023097.4335 
1168103140.9470 1985254467.8554 2127126400.8156 1484269829.0590 1607448830.9408 1399129509.7912 2017977941.9836 1891591272.2022 1843100523.0083 2124709824.2641 1210060317.3906 
1327141854.6149 1132541781.7570 1971886214.5266 2134154812.6972 2061167447.1032 1802896373.1366 1125751804.6812 1851363050.7735 1389392050.7448 1332941895.1366 1129343714.6473 
1629333256.6784 1379421620.5484 1743033384.9863 2128281132.1050 1113633995.2512 1080909811.2175 1548739144.5417 1959580193.3294 1526023188.8194 1728086854.8304 2135549336.6347 
1207483771.2222 2053229435.6261 1856658589.0609 1079183927.9008 1767389946.2379 1540907845.6814 1425398382.5413 1913682692.4763 2035323072.0829 1967302262.0221 1118817376.8759 
1161681411.3598 1782352222.4076 1950277458.6630 1127488840.1416 1438178947.9834 1520884009.1359 1074606071.0007 1371789720.0415 1074953960.6340 1760735787.1264 1707162084.7583 
1140825288.4433 1162455690.6026 1809914308.9931 1724406464.6637 1362231396.1104 1510215092.2324 1624226540.0136 2038518258.1952 1321223239.4271 1076769557.3838 1863322098.9315 
1866601477.2852 1210275185.8396 2029866450.4510 2132992552.9709 1825701713.7877 1368397405.8902 1117372997.1240 1194603769.5862 2108291866.8737 1606531954.2668 1599252549.3017 
1958530203.6650 1822005613.3774 1616378400.6941 1156183767.4510 1928899622.5175 1637027971.3053 1864158393.2215 1357642271.3563 1969253436.7437 1501093836.5026 2110505551.0802 
1956092493.9175 2002897644.9675 2080737282.3544 1395361356.4178 1994344806.4706 1095824581.9994 1381735667.1147 1868168192.2134 1553833542.9212 1626378713.3898 1128245986.6911 
1171698431.6609 1181818627.2452 1464527171.2129 1467031347.2967 2051493076.9396 1305799857.4585 2034617866.0667 1457435334.5281 1494770450.3192 1522558120.0435 1843504310.8190 
1867868101.6850 2110863363.0914 1524557979.8160 2048002947.6611 1488844460.3139 1270962110.4302 1638898422.5451 1978273671.4666 2060366381.6191 2051944777.0991 1561144829.2314 
1529078358.0200 1166374846.2181 1908396029.7576 2126208197.2922 1575633847.4579 1271566125.6765 1203185360.3666 2105906661.0342 1272089475.7879 1991727655.6969 1624585145.0091 
2130319288.5872 1323871822.3983 1612638865.1116 1739541581.7273 2035398873.1904 1314207473.5071 1416565833.2922 1860221024.7998 2049506351.1854 1211983769.8222 1729684322.0434 
1654108626.6887 1100739567.6900 1139487975.3555 1819424406.7481 1200301804.1051 1796677927.6784 1123625943.5114 1594505294.3965 2125064153.1663 1538485685.9696 1418612425.5783 
1324811245.3185 1877962226.2110 1702780790.2117 1596663440.0782 1591049440.5594 1425979155.9685 1186978875.3449 1696863850.8153 1308026751.5013 1414401584.4176 1944655431.9402 
1276326064.7802 2091224156.4467 1847398242.9130 1228905592.5653 1950877851.6858 1916123520.0750 2143962152.7869 1655653814.9814 1340796806.5068 1526134955.9922 2049643092.0046 
1445390513.6098 1252275823.8262 2079520175.7097 1401922626.3984 1872389451.7079 1849774673.2340 2112908557.4874 1225741146.5441 1462242664.9646 1754279206.1848 2098136612.0909 
1144906859.8582 1994086311.8210 1395299621.2553 1884565630.3852 1106090927.8366 1263951433.3532 1754935192.7851 2126616061.7514 1777909881.3384 1500771117.4769 1587696846.0676 
1715737096.9997 1380873390.7781 1989333877.5778 2132624430.7477 1925244369.9993 2004344787.0400 1775384601.8959 1114496188.3534 2069122775.8857 1405273223.5276 2126520794.6676 
1325943955.1718 2097518273.7805 1405581818.7616 1919786925.3903 1621139026.4712 1474973323.0063 1958133611.0095 2036229629.9731 1181631394.3855 2077231294.3182 1595557334.6651 
1223995112.5608 1568794865.8988 1272291903.6528 1703125934.0124 1408934695.1046 1831154264.0486 1082223780.2973 1711837710.4772 2078106951.9094 1704479798.1198 2142892108.3840 
2113615955.0334 1231084097.5855 1369250864.1939 2142996349.7587 1461516924.2419 2042246435.2731 1657060100.9180 1877531784.5128 2083239673.6972 1487656467.0884 1332058955.6894 
1324991859.4193 2019841509.7567 1992534792.8812 1799556539.4890 1530860745.4197 1689491412.6549 1978594351.4264 2141759771.2047 1889391456.9625 1200092036.6929 1179908968.4623 
1848996128.1253 1784260204.0882 1233722467.4282 2129681879.5510 1603039226.1697 1136028075.5349 1619286359.4833 2077673552.5680 2035528447.0361 2124583755.7759 1700449962.3607 
1683288292.4170 1441389437.8781 2065176096.2693 1422581990.6556 1969035998.4858 1901431445.6736 1106803538.8354 1853965027.9798 2032304398.2076 1535474901.9947 1702215913.7789 
1370352908.9465 1201827787.0072 1643270443.4785 1777025633.9963 1585980854.1358 1088346810.9854 1472829534.6757 1533926657.3364 1223748575.7161 1856758340.2375 1276052264.3648 
1850357036.5795 1556530803.0271 2013389477.8599 1953216666.8486 1095237057.6149 1151007821.3016 1953835196.0319 2032747683.3289 2025996767.9208 1108929932.2316 2063799962.8172 
1300648483.2719 1300482939.5665 1748017732.1877 1152221725.2053 1410904390.0267 1452373912.1114 1880226467.5656 1313510649.0699 1946019405.8317 1540562733.2012 1779925258.6705 
2142060209.8473 1923242350.3453 1538664057.9378 1758659316.2910 2057814952.3337 1207912353.8446 1611034352.5685 1685214407.1192 1241264093.7662 1847957554.8122 1579722667.2694 
1999381708.3550 1917033058.6849 1462181305.7704 1554753127.5188 2006289258.4406 1732901845.0745 1350711631.5877 1848958803.3900 1607793849.6317 1476712439.5637 2039165223.1960 
2062332825.1807 1254151393.7462 1712961206.0472 1247157052.9284 1402308236.5176 1413871383.7988 2015927633.8570 1794737326.5655 1276146007.4655 1306772885.8069 2070459932.7154 
1779322251.3411 1556261587.5823 1988899882.2302 1470911516.2348 1724821475.0030 1356770979.3534 1276675280.2797 1091474546.2487 1278625845.4736 1103778500.5260 2125969770.5581 
1372815362.4030 1602967850.1528 1906617135.1940 1379162966.6742 1152358595.9119 1717633880.3836 1823633953.0354 1994713800.7904 1427821472.6965 1696941086.2385 2138751018.8794 
1569587715.6170 1777657747.3286 1181492506.2063 2033595225.1906 1596582577.6541 1646038493.9778 1219192243.1405 2073450558.2797 1271301816.7737 1084048469.1871 1830183742.8681 
1757206895.3303 1529979178.4749 2102858151.1404 1782047427.9040 1962371652.2888 2120411101.7200 1318527006.3482 2096526620.2318 1603162277.1845 1901324256.7107 1313019354.6885 
1319261479.4030 1997465079.8878 1900254209.6690 2138535196.0828 1968415096.7993 1738794631.1628 1570205742.4112 1431534627.3432 2117273941.6905 1130726951.1208 1349492289.2435 
1601055527.1161 1396299205.2522 2031503545.8452 1822209227.4940 1477210685.6580 1345079566.9490 1189660605.1973 1337369017.4687 1991534443.5985 1239922038.1387 1680874167.6532 
1233014316.7902 2021357484.4079 1989056592.2425 2086766695.5348 1858338530.0374 1558826588.4953 2113722389.9210 1571915788.2359 1793306313.5635 1738232698.1963 1733619253.6655 
1121046846.9885 1274492044.9135 1158764572.7245 1815292837.6101 1171118000.7427 2019531111.9828 1991256678.4507 2112393992.7774 1779886657.0330 1880715953.8018 1252384545.3439 
2048668582.0319 1681778218.7031 2025239541.1035 1184731197.3758 1498053990.0390 1713425633.9194 1959846219.2270 1323858390.7131 2008698546.3754 1549334669.2595 1906999195.9413 
1290849347.0821 1856846630.3930 1214452039.9984 1249378414.4137 1355871878.8596 1940057858.3608 2030059248.9998 1678257135.5563 1949095357.9753 1374163993.1198 1330221132.4537 
2028467477.6909 1458485097.3938 1501415912.5412 1390355495.9302 1311609838.1570 2000526406.5060 1076896223.8613 1715665066.7853 2096243246.3806 1841152253.1884 1853040930.7632 
1655614859.1245 1082441614.9613 1643786686.1187 1696203782.4613 1414299322.9343 1404515615.1368 1812196915.9456 1887572505.1802 1365837856.1115 2093099714.0008 1312361755.5935 
2139718005.5205 1206970489.8473 1165878869.7825 1582448837.0723 1724293896.4348 1337525468.7064 1387002305.7600 1823585664.3905 1431036383.8875 1370064072.0951 1244532844.7864 
1368061021.9477 1745884014.5767 2126661199.4136 1320307555.7655 1114932074.7528 1094361621.3893 1192089623.9884 1811638271.9208 1251660825.7158 2129701562.4432 1586965585.8088 
1954695191.9991 1971870753.0028 1551088573.0332 1161340156.4735 1937201263.3811 1626502343.7672 1305449967.3237 1483372960.3150 1254157333.5926 1216232510.6311 1574559316.1512 
1419675356.9048 1665096560.9543 1175092094.2549 1952667349.0232 2008546332.1663 1638125992.6509 1476416565.4539 1799658366.6573 1742072750.4133 1618588737.6120 1886394783.4300 

-1,1 -1,1 -1,1 -1,-1 -1,1 -1,-1 1,-1 1,-1 1,-1 1,1 -1,-1 
1,-1 1,1 1,1 1,1 1,1 1,1 -1,1 -1,-1 -1,-1 -1,1 -1,1 
-1,-1 1,-1 1,-1 1,-1 1,-1 1,-1 -1,-1 -1,1 -1,1 -1,-1 1,-1 
1,1 -1,-1 -1,-1 -1,1 -1,-1 -1,1 1,1 1,1 1,1 1,-1 1,1 

1,-1 1,-1 1,1 -1,1 -1,1 -1,1 -1,1 -1,1 -1,1 -1,1 -1,1 
-1,1 -1,1 -1,-1 1,-1 1,1 1,1 1,1 1,-1 -1,-1 -1,-1 1,-1 
-1,-1 1,1 1,-1 -1,-1 -1,-1 1,-1 1,-1 -1,-1 1,1 1,1 -1,-1 
1,1 -1,-1 -1,1 1,1 1,-1 -1,-1 -1,-1 1,1 1,-1 1,-1 1,1 

1,1 -1,1 -1,1 -1,1 -1,1 1,-1 -1,1 -1,-1 -1,-1 -1,1 1,1 
1,-1 1,-1 -1,-1 -1,-1 1,1 1,1 1,1 1,1 1,-1 1,-1 1,-1 
-1,1 -1,-1 1,1 1,1 -1,-1 -1,-1 1,-1 1,-1 -1,1 1,1 -1,1 
-1,-1 1,1 1,-1 1,-1 1,-1 -1,1 -1,-1 -1,1 1,1 -1,-1 -1,-1 

-1,1 1,1 -1,1 1,1 -1,1 -1,-1 -1,-1 -1,-1 1,1 1,1 -1,1 
-1,-1 -1,-1 1,-1 1,-1 1,-1 1,-1 -1,1 -1,1 -1,1 1,-1 1,-1 
1,1 -1,1 1,1 -1,-1 -1,-1 1,1 1,-1 1,1 -1,-1 -1,-1 -1,-1 
1,-1 1,-1 -1,-1 -1,1 1,1 -1,1 1,1 1,-1 1,-1 -1,1 1,1 

-1,1 -1,1 1,-1 1,1 1,1 1,1 1,1 1,1 1,1 1,-1 1,1 
1,-1 -1,-1 -1,-1 -1,-1 -1,-1 -1,-1 -1,1 -1,-1 -1,-1 -1,-1 -1,1 
-1,-1 1,-1 -1,1 -1,1 -1,1 -1,1 1,-1 1,-1 -1,1 1,1 1,-1 
1,1 1,1 1,1 1,-1 1,-1 1,-1 -1,-1 -1,1 1,-1 -1,1 -1,-1 

-1,-1 -1,-1 1,-1 -1,-1 -1,-1 -1,-1 -1,-1 -1,-1 1,1 -1,-1 -1,1 
-1,1 -1,1 -1,1 1,1 -1,1 1,-1 -1,1 1,-1 1,-1 1,-1 1,-1 
1,1 1,-1 -1,-1 1,-1 1,-1 -1,1 1,-1 1,1 -1,1 1,1 -1,-1 
1,-1 1,1 1,1 -1,1 1,1 1,1 1,1 -1,1 -1,-1 -1,1 1,1 

1,1 1,1 -1,1 -1,1 -1,1 -1,1 -1,1 1,1 1,1 1,-1 1,-1 
1,-1 1,-1 -1,-1 1,-1 1,1 1,1 1,-1 1,-1 -1,1 -1,1 -1,1 
-1,1 -1,-1 1,-1 -1,-1 1,-1 1,-1 1,1 -1,-1 1,-1 1,1 -1,-1 
-1,-1 -1,1 1,1 1,1 -1,-1 -1,-1 -1,-1 -1,1 -1,-1 -1,-1 1,1 

1,1 1,1 -1,-1 1,1 -1,-1 -1,-1 -1,-1 -1,1 1,1 -1,1 -1,-1 
-1,1 -1,1 -1,1 1,-1 1,-1 1,-1 1,1 1,-1 1,-1 1,-1 1,-1 
-1,-1 1,-1 1,1 -1,-1 1,1 1,1 1,-1 1,1 -1,-1 -1,-1 -1,1 
1,-1 -1,-1 1,-1 -1,1 -1,1 -1,1 -1,1 -1,-1 -1,1 1,1 1,1 

1,1 1,1 1,1 -1,1 -1,1 -1,1 -1,1 -1,1 -1,1 -1,1 -1,1 
-1,1 -1,-1 1,-1 1,-1 1,1 1,1 1,-1 1,1 1,1 -1,-1 -1,-1 
1,-1 -1,1 -1,-1 -1,-1 -1,-1 1,-1 -1,-1 -1,-1 1,-1 1,1 1,1 
-1,-1 1,-1 -1,1 1,1 1,-1 -1,-1 1,1 1,-1 -1,-1 1,-1 1,-1 

-1,1 1,-1 -1,1 -1,1 1,-1 -1,-1 -1,-1 -1,-1 1,1 -1,1 1,-1 
1,1 1,1 1,1 1,1 1,1 1,1 1,1 -1,1 1,-1 1,-1 -1,1 
-1,-1 -1,1 -1,-1 1,-1 -1,1 1,-1 -1,1 1,-1 -1,1 -1,-1 -1,-1 
1,-1 -1,-1 1,-1 -1,-1 -1,-1 -1,1 1,-1 1,1 -1,-1 1,1 1,1 

-1,1 1,-1 -1,1 1,-1 1,1 -1,1 1,-1 1,1 -1,-1 -1,1 -1,-1 
1,-1 -1,1 -1,-1 1,1 1,-1 -1,-1 -1,1 1,-1 1,1 -1,-1 1,1 
-1,-1 -1,-1 1,-1 -1,-1 -1,1 1,-1 1,1 -1,-1 1,-1 1,-1 -1,1 
1,1 1,1 1,1 -1,1 -1,-1 1,1 -1,-1 -1,1 -1,1 1,1 1,-1 

1,-1 -1,-1 1,1 -1,1 1,1 1,-1 -1,-1 -1,1 -1,-1 1,1 1,-1 
-1,-1 1,-1 -1,-1 1,1 1,-1 -1,-1 -1,1 -1,-1 -1,1 -1,-1 1,1 
1,1 -1,1 -1,1 -1,-1 -1,-1 -1,1 1,-1 1,-1 1,1 1,-1 -1,-1 
-1,1 1,1 1,-1 1,-1 -1,1 1,1 1,1 1,1 1,-1 -1,1 -1,1 

1,1 -1,1 1,1 1,-1 -1,-1 1,1 -1,1 1,1 -1,-1 1,1 -1,1 
-1,1 1,1 -1,-1 1,1 1,-1 -1,1 1,-1 -1,-1 1,1 -1,1 1,-1 
1,-1 -1,-1 -1,1 -1,-1 -1,1 -1,-1 1,1 1,-1 -1,1 -1,-1 1,1 
-1,-1 1,-1 1,-1 -1,1 1,1 1,-1 -1,-1 -1,1 1,-1 1,-1 -1,-1 

-1,-1 1,1 1,-1 -1,1 -1,-1 -1,1 1,1 -1,1 -1,-1 -1,1 1,-1 
-1,1 1,-1 1,1 -1,-1 1,1 -1,-1 1,-1 -1,-1 1,1 -1,-1 -1,1 
1,1 -1,1 -1,1 1,1 1,-1 1,-1 -1,1 1,-1 1,-1 1,1 -1,-1 
1,-1 -1,-1 -1,-1 1,-1 -1,1 1,1 -1,-1 1,1 -1,1 1,-1 1,1 

-1,1 1,1 -1,-1 -1,1 1,1 -1,1 1,-1 -1,-1 1,-1 1,1 -1,1 
1,1 -1,1 1,1 -1,-1 -1,1 -1,-1 -1,1 1,-1 1,1 -1,1 1,-1 
1,-1 -1,-1 1,-1 1,-1 1,-1 1,-1 1,1 -1,1 -1,-1 -1,-1 -1,-1 
-1,-1 1,-1 -1,1 1,1 -1,-1 1,1 -1,-1 1,1 -1,1 1,-1 1,1 

1,-1 -1,-1 -1,1 1,-1 1,1 1,-1 -1,-1 -1,1 -1,-1 -1,1 1,1 
-1,-1 1,1 1,-1 1,1 -1,-1 1,1 -1,1 -1,-1 -1,1 1,1 -1,-1 
-1,1 -1,1 1,1 -1,-1 1,-1 -1,-1 1,1 1,1 1,1 -1,-1 -1,1 
1,1 1,-1 -1,-1 -1,1 -1,1 -1,1 1,-1 1,-1 1,-1 1,-1 1,-1 

-1,-1 -1,1 1,1 1,-1 1,1 -1,1 1,-1 -1,-1 1,1 -1,1 1,-1 
-1,1 1,1 1,-1 1,1 -1,1 1,-1 -1,1 1,1 -1,1 1,-1 1,1 
1,-1 1,-1 -1,1 -1,1 -1,-1 1,1 1,1 1,-1 -1,-1 -1,-1 -1,-1 
1,1 -1,-1 -1,-1 -1,-1 1,-1 -1,-1 -1,-1 -1,1 1,-1 1,1 -1,1 

-1,1 1,-1 -1,1 -1,-1 -1,1 -1,-1 -1,1 1,-1 -1,1 -1,-1 1,1 
-1,-1 -1,1 1,-1 1,1 -1,-1 1,1 -1,-1 -1,1 -1,-1 -1,1 -1,-1 
1,-1 1,1 -1,-1 1,-1 1,1 1,-1 1,1 -1,-1 1,1 1,-1 1,-1 
1,1 -1,-1 1,1 -1,1 1,-1 -1,1 1,-1 1,1 1,-1 1,1 -1,1 

-1,1 1,1 1,-1 1,1 -1,-1 1,-1 1,1 -1,1 1,-1 -1,-1 1,1 
1,1 -1,-1 1,1 1,-1 1,1 -1,1 -1,-1 1,1 -1,1 1,1 -1,1 
1,-1 -1,1 -1,-1 -1,1 1,-1 1,1 -1,1 1,-1 -1,-1 -1,1 1,-1 
-1,-1 1,-1 -1,1 -1,-1 -1,1 -1,-1 1,-1 -1,-1 1,1 1,-1 -1,-1 

-1,1 -1,-1 -1,1 -1,-1 1,-1 1,1 1,-1 -1,1 1,1 1,-1 -1,1 
-1,-1 1,-1 1,1 1,-1 1,1 1,-1 -1,1 -1,-1 -1,1 -1,-1 1,-1 
1,-1 -1,1 1,-1 -1,1 -1,-1 -1,-1 -1,-1 1,-1 1,-1 -1,1 1,1 
1,1 1,1 -1,-1 1,1 -1,1 -1,1 1,1 1,1 -1,-1 1,1 -1,-1 

1,1 1,-1 -1,-1 -1,1 -1,-1 1,1 -1,1 1,1 -1,1 1,-1 -1,1 
-1,1 1,1 1,-1 -1,-1 1,-1 -1,-1 1,1 -1,1 1,-1 1,1 -1,-1 
1,-1 -1,1 1,1 1,-1 1,1 -1,1 -1,-1 -1,-1 1,1 -1,1 1,1 
-1,-1 -1,-1 -1,1 1,1 -1,1 1,-1 1,-1 1,-1 -1,-1 -1,-1 1,-1 

1,1 -1,1 -1,-1 -1,1 1,1 1,-1 1,1 -1,1 1,-1 -1,-1 -1,1 
-1,1 -1,-1 -1,1 -1,-1 1,-1 -1,-1 1,-1 1,1 -1,-1 1,1 -1,-1 
1,-1 1,1 1,-1 1,-1 -1,1 1,1 -1,-1 1,-1 1,1 1,-1 1,1 
-1,-1 1,-1 1,1 1,1 -1,-1 -1,1 -1,1 -1,-1 -1,1 -1,1 1,-1 

1,-1 1,1 1,-1 -1,1 1,-1 -1,-1 1,1 -1,-1 1,-1 -1,-1 1,1 
-1,1 -1,-1 -1,1 1,1 -1,1 1,1 1,-1 1,1 -1,1 1,-1 -1,-1 
-1,-1 1,-1 -1,-1 -1,-1 1,1 1,-1 -1,-1 1,-1 1,1 -1,1 -1,1 
1,1 -1,1 1,1 1,-1 -1,-1 -1,1 -1,1 -1,1 -1,-1 1,1 1,-1 

-1,-1 1,-1 -1,-1 1,1 -1,1 -1,-1 1,-1 1,1 -1,-1 1,1 1,-1 
-1,1 -1,-1 1,1 -1,1 1,-1 -1,1 1,1 -1,-1 -1,1 -1,-1 -1,1 
1,-1 -1,1 -1,1 1,-1 1,1 1,-1 -1,1 -1,1 1,-1 1,-1 -1,-1 
1,1 1,1 1,-1 -1,-1 -1,-1 1,1 -1,-1 1,-1 1,1 -1,1 1,1 

1,1 -1,-1 1,1 -1,-1 1,-1 -1,-1 1,1 1,-1 1,1 -1,1 1,-1 
-1,-1 1,1 1,-1 -1,1 -1,-1 1,-1 -1,-1 -1,1 -1,-1 1,-1 1,1 
1,-1 -1,1 -1,1 1,1 1,1 -1,1 -1,1 1,1 -1,1 -1,-1 -1,1 
-1,1 1,-1 -1,-1 1,-1 -1,1 1,1 1,-1 -1,-1 1,-1 1,1 -1,-1 


6 8 7 2 
3 2 8 7 
7 0 4 3 
8 3 9 1 
8 3 5 1 
4 2 6 9 
1 5 6 9 
7 8 2 3 
0 6 4 7 
0 6 2 7 
2 0 6 9 
1 2 4 8 
4 8 7 6 
10 9 2 0 
2 3 9 0 
7 2 6 1 
5 7 10 4 
4 0 3 6 
8 1 6 5 
1 9 2 6 
9 2 7 3 
4 5 9 1 
5 0 6 1 
0 8 3 1 
10 2 6 4 


