1731176007.7385 1819559630.0173 2133009966.0321 1897156721.9905 1806639224.0316 1859953782.6579 2076676636.1192 1624557142.3512 1299431066.5943 1645308922.3597 1817476265.9878 
1934459857.0420 1524687354.7171 1406637676.0763 1189952523.9741 2011266718.3810 1902490957.1878 1749378424.2260 2045626680.1867 1551150495.7744 1480641544.2555 1427805320.8772 
1626964914.0469 1306373983.4448 1528145623.0884 1383649261.6205 1842254352.6658 1274387909.8497 1829706564.5344 1747673198.0868 1568685351.8967 1853549776.3371 1465727060.9300 
1202064299.9407 1421837186.6233 1172834568.4151 2002670024.9015 1798692905.3103 1517706902.6483 2015836823.0120 1768301426.8302 1817730572.5728 1750893878.3613 1975173569.4815 
1931306467.2364 1641182374.6460 1966044097.8303 1815782652.6782 1561314373.4396 1406141243.7324 1978052432.3228 1299126592.6786 1996407246.8037 1731002982.7324 1119923477.5115 
1190101318.0430 2083527340.6128 1661391717.5016 1348165131.9206 2038500695.1366 1969391446.3933 1565822512.1430 1691116501.2801 2079154344.7386 1185941170.8341 2008944312.9845 
1725019635.3466 1558349565.5920 2005675148.0871 1224280019.2945 1647406736.7018 1558199102.1646 1713646836.6375 2074415830.5649 1936174403.4475 1855998140.9444 1360281853.9936 
1633540343.5894 1204414306.3116 1759275723.8296 1798280512.4162 2026519384.3947 1792811396.9587 1262080689.3794 1694929991.0880 1090680684.1638 1597374888.5574 1294842239.3516 
1315129787.1383 1583564001.6661 1234121690.7060 2078496120.1278 1411788500.8930 1463998333.0416 1078753298.7962 1797088993.3953 1438558639.5218 2122365748.6677 1196078939.5320 
1247011669.1168 1424231024.9002 1648420495.0931 1667294136.2003 1648714486.3951 1508109758.3529 1672195731.0812 1572851626.1861 1923401569.5089 1141573644.3141 1362136596.1455 
1977687982.4258 1554419700.0641 1327993436.6993 1589316995.3472 1320433380.3114 1493800202.0904 2003872919.8982 2115808538.5199 1411277736.4133 1823504167.8790 1711602096.0110 
1626739264.6450 1443543188.8066 1156752369.7793 1317259073.3980 1876766610.1038 1307410625.4861 1733823678.8931 1362297665.3131 1388777798.6380 1656261629.6304 1642948268.0452 
1375671624.6010 1357805482.2787 1784442355.8490 2030838019.5962 1139327103.1493 1288879621.9950 1277562275.9377 2006652495.5430 1500011021.2004 1775847848.2940 2016385769.8189 
1142135852.5433 1570005267.7391 1491000367.3296 1782540752.7796 1703247099.9084 1210589142.8682 1405704760.3268 1960052022.8900 1330195649.3297 2076881954.5366 1928114420.2408 
2066321797.0598 1369782698.5731 1786059284.5886 1383319403.1478 1074549944.8692 2037730147.7224 1724987950.6351 1109421497.4259 1790701450.9100 2056775222.1063 1670767892.1384 
2036956020.4435 1825228397.1699 1215345046.0433 1322475700.4708 2042440508.5853 1654756286.4347 1526155883.1551 1386698723.5509 1813277574.0050 1593494414.3639 1224671151.9163 
2085323550.1708 1499625515.9088 1829496002.8269 1116360019.3510 1440366762.3872 2122603660.3190 1953032185.5989 1549508590.0941 1227646281.6697 2127496645.9945 2072980912.0050 
1924028859.2060 1728599966.2702 1173005981.2541 1544996129.3168 2002839990.0755 1412493211.2808 1452578811.0463 1797017374.5918 1213397071.7516 1985360102.8426 1973541825.9993 
2079897327.6041 1917047628.3299 1474149759.8955 1624379110.2532 1437946544.8299 1859441828.1324 1298085091.8873 1626782357.3083 2070899525.7281 1974535427.4633 1314546465.1676 
1829117486.8295 1852051842.5737 1626478140.3564 2003692844.7846 1615511904.1446 1085222757.6034 1426310694.6824 1919215616.1216 2076458864.4239 1093700228.6524 2037028921.5990 
1258922838.7130 1329735812.0334 2060442358.9224 1863607556.5184 1755273515.4156 1468045246.2859 2119913126.4385 1112756224.2592 2034744276.7361 2010558557.0325 1908164293.6508 
2038433787.3968 2119008601.5090 1859970360.8760 1430758075.1473 2121081331.1164 1331365308.6056 1771384683.9062 1401241009.8156 1170652168.2198 1854829421.1836 1695807531.1593 
1457056757.8729 1246837060.6254 1175378480.8019 1194098950.0581 1377199228.2419 1541522191.9054 1884948290.2774 1642985170.3315 1391687684.4047 1587947523.8406 1852933940.0894 
1957355155.0681 1219312297.6198 1295240579.4946 1878906411.7809 1999210292.3773 1668518831.1119 2016900547.3229 1558180462.4596 2146145545.8944 2054800742.4412 1313933365.8531 
1428884974.1585 1986844806.8318 1286792256.4795 1404443439.2193 2088369710.1379 1819021161.5466 1154885348.4069 1578123068.0289 1539012709.4072 1289163348.0824 1686612187.0392 
1936494446.3533 1315542441.4458 1927585136.2161 1321876044.2241 2064654782.9129 1584246336.7262 1957120739.2195 1085856134.6609 1447014056.6587 1800260652.5429 1459183859.3636 
1733169116.2258 1999130803.7833 2082464102.8753 1715530287.2307 1887256490.1311 1550263617.3100 1402813023.7420 1554453017.3804 1208781391.8491 1259560774.0426 1456177739.6439 
2000116505.9474 1280630621.8430 1890898684.9492 2139288530.8637 1869334363.1029 1669661733.1560 1589861399.8699 1886907755.0997 1914158786.4195 1716868926.5124 2130313370.8342 
1451367429.9708 2060430603.3564 1094298573.7099 1989454691.7375 1287238991.9059 1618236241.4148 1650304280.4513 1478825118.2679 1087717486.3445 1574288894.3449 2038697716.8649 
1480466647.4799 1430459651.0109 2050453093.2151 1960644324.4290 1392953453.0238 1349128644.5246 1615657497.7836 1186064342.3368 1379027821.8618 1992862835.1369 1625820947.3946 
1544983525.7140 1280184120.3038 1204321091.3153 1125936055.5102 1643560233.5220 1424035173.9355 2062142610.4456 1480490246.9683 1915858139.1476 1865314935.9504 1589812015.6241 
1109240226.9889 1961156664.6501 1544087489.1743 2011819893.4725 1722008047.3491 1291377615.7735 1504239698.6990 1529146588.6595 2001861740.0302 1753403980.4422 1470716212.6567 
1101178009.3937 1408224448.5372 1286452712.9826 1831860568.9600 1721002367.4200 1457206691.0571 2009601067.5092 1798641970.0551 1640096363.3637 1857364154.7296 1133429637.9733 
1143880168.7042 1643517131.9592 1475627067.1462 2043543043.2055 1546268701.4625 1727751241.7789 1509145337.4247 1321890480.3598 1947141317.9164 1160396442.6277 1966340800.0223 
2010315782.6814 1863609241.2093 1917202645.5796 1674519839.7954 1769335067.0584 1215009871.1011 2013662885.4913 1917956374.4555 1342775192.3854 1565935142.5129 2049418690.9953 
2065589987.4312 1148651676.1397 1735125624.8881 1570865234.6968 1828275804.3741 1735295710.8777 2078174141.5005 1755987922.1936 1503723528.4103 1829566970.8995 2133728130.8539 
1402919680.1508 1254022398.9354 1246996923.1037 1088742627.4724 1101144287.9273 1082831563.4703 1564715791.5969 1547959444.9852 2072008838.3319 2001614264.6704 2011339048.7455 
1104091745.0104 2101655986.4870 1654671077.3768 1089379417.5814 1130952608.4389 1183403804.3549 1843333450.9719 1768048462.7549 1119712813.9429 1811083800.4726 1348945220.4669 
1213536090.4736 1311052342.8026 1658645131.8245 1817141002.8616 1390145245.9112 1698249020.3716 1591995763.1066 1787873339.7118 2130727347.5413 1706750788.9485 1213598931.2922 
1238348649.7267 1729383675.8844 2062443858.7160 1471046800.8172 1776146450.6096 1901742625.0491 1886652554.4971 1894180681.4036 1195047729.1704 2143562224.3812 1204026376.4308 
1857728446.3852 1485441400.1522 1302490427.3259 1815113600.9615 1444354108.0944 1280001099.7407 2038071189.1594 1391215363.9934 1601123035.1563 1080623336.9865 2145547572.3555 
1815231273.0381 2119966170.6446 1877696686.3868 1748963194.1765 1109816255.0654 1992933894.6879 1646128753.9696 1435567976.0484 1560003131.7379 1821396876.3569 1791310472.0928 
1574177104.4233 1803899317.7713 1484229635.3645 1543332213.5665 1434772302.5240 1275946596.7462 1272192981.2140 1743759119.7760 1219204232.4382 2087499500.3867 1821984549.7388 
1302415102.2368 1634957151.7042 1828351814.4812 2137469495.3471 2070717007.5540 1944435621.5068 1519033285.2859 1844643298.7334 1786782573.5237 2103259607.9790 1279138091.5776 
1545784717.9467 1472012164.2529 1302721107.2240 2109252000.0408 1256303477.4550 1290957913.4972 2065746205.4372 1299379579.0027 1533925342.3530 1283467071.7615 1588487211.3666 
1423519920.4132 1405607413.8016 1296345631.0100 1943533403.4896 2034122375.7045 2049247572.7013 1960362480.4939 1100119527.5452 1804863689.1226 1974477417.3686 1299320408.6994 
1197428988.5765 1159705492.1015 1750547867.4137 1928759565.2303 1951069835.0016 2098552220.7474 1623416680.5565 1765064711.6022 2037377986.4456 1770063019.4209 1777056352.8218 
2035479182.2949 1675474330.4721 1917884381.1670 1631073401.0904 1934716860.1846 1752677443.4409 1320426348.3306 1550222709.0879 1514831438.5261 1641218390.6587 1890834419.0421 
1264204387.0457 1634446483.1525 1388194141.5746 1761887167.6608 1943492803.9896 1242925579.6499 2122195388.5710 1673704922.6435 2027676781.4212 1666933499.3997 1877845435.7860 
2135977118.2011 2135880822.9348 2142155468.6870 1189148107.4072 1652302226.7510 1400309637.8315 2002118158.2049 2089614223.2621 1791824174.7613 1265760890.6565 1693775221.8896 
1464675290.9744 1203276902.2103 1530815268.2150 1809768993.9110 1909768611.6990 1912158029.3352 1393904658.0530 1138182872.7726 1183446873.9416 1342468177.3425 1406963855.4620 
2113301008.8868 1518861011.8886 1898017540.9348 1220916520.7232 1318599379.0716 1492165432.2353 1939614188.0441 1093253066.6550 1606626652.6985 1451571119.9053 1914545341.8146 
2050726560.8487 1552792171.1895 1188838945.8321 1824339238.9916 1480280530.3311 1464207924.0857 1372002315.2097 1667810408.3500 1169740267.4895 1982506898.6656 1665847717.8825 
1240221528.6944 1431140685.2645 1419115004.4571 1604042540.5119 1716153531.9275 1249458986.4149 1919943401.5155 1636037172.7097 1986166459.0808 1652417569.0110 2112329336.3973 
1193625599.4810 1424902438.0817 2037008880.7097 2013092946.2585 1743569058.3326 1714583242.9121 1589178993.4416 1368023049.7757 1202803927.2737 1347533950.8427 1710670153.8915 
1434845025.1726 1827416621.3289 1667799848.5905 1227134134.9603 1733252668.1191 1452112897.4278 1300398807.4828 1668148389.9548 1897615482.3126 1466171696.8049 1997062598.1610 
1702583841.8350 1231444945.1967 1686597161.3136 2106068892.8936 1428162463.2029 1989316330.1795 1790449878.7917 1574796670.6885 1604221140.9343 2036047784.6232 2137575605.8526 
1083881195.4654 1074325633.8550 1237156442.7213 1145721672.5102 1208110310.4660 1095978787.6381 1201687212.6538 2087734194.7922 1167902619.4664 1653285386.4769 1670939696.2781 
1431696663.2244 1669031123.0412 1352886888.2138 1695744532.2716 1995827696.3816 1247564959.7464 1798622295.0791 1627250724.1977 1983323532.8122 1086204313.7339 1866928498.2748 
1465860886.6370 1438861208.7086 1600571652.5498 1865591210.9022 1809755687.4912 1249250042.4797 1852070493.3170 1221219324.6249 1538999940.6467 1202731627.9020 1097751845.0442 
1334403102.6541 1134858894.0883 1656482890.8675 2034954969.6420 1132661331.8639 1633813265.6474 1325136408.0600 1139307527.0679 1323796222.8743 1202437857.1379 1265702864.9015 
1595150099.8436 1672487446.7913 1812590425.1924 1606774679.4984 1761164106.3522 2135904160.5098 1774720340.5275 1139281023.1777 1801531993.1118 2140680981.9483 1707495141.8500 
1314998235.2122 1456635241.5184 1573091690.6303 2037951987.4944 1387664827.0571 2065622732.8011 1588612552.8058 1732054365.1815 1181217884.2971 1667544927.7004 1775835010.4762 
1625277066.8542 1892909808.2814 1574227048.5772 1995154032.3403 1594854787.2975 1129043025.4740 1561155215.2616 1854352670.4042 1252854350.0155 2144853743.7983 1458232107.7755 
2048976269.0712 1611814074.0460 1344790299.4046 2033338848.7192 1171935109.7521 1397903045.7988 1241024327.1612 1085427281.7255 1715323753.5522 1832417572.9637 1880231614.4277 
1367188233.1602 1242136564.2768 1503909548.3200 2030531707.0425 1850722715.4145 1785947351.1027 1415512066.3017 1472818711.6918 1247278234.4847 1287361749.8590 1222663050.5071 
1592096002.9953 1461205581.1921 1248592618.5973 1639829889.4741 2070914949.3429 1487218615.6302 1293736749.7269 2080395260.1990 1787542762.1063 2133027750.4563 1398992781.1657 
2094286340.4845 1795893612.3308 1926620757.1209 1793051741.1154 1945310087.8967 1281124944.9082 1147973053.6260 1729468754.0717 2002184703.8258 1548192537.7787 2011627527.1000 
1799483153.4157 1461882122.2811 1692537974.3056 1895169179.1922 1785036755.9562 1088677453.3707 1436571693.2297 2019783019.5216 1680658977.1330 1915056365.2413 1696628594.5184 
2124808622.4208 1575976431.0046 1790426604.3410 1625799110.5539 1920984744.8932 1680462732.4010 1628938194.4389 2136563560.6616 1812304748.2232 1991811249.6212 1130367638.2031 
1913698336.9568 1698010526.3912 1649450794.2935 1133829382.2669 1159669318.8474 1359320591.2663 1970534278.8801 1907848206.4057 1211994442.1533 1379738885.8010 1532846566.7736 
1834998772.8322 1533960915.8066 1840753061.0589 1138520621.9735 1734077930.0978 1607482720.0313 1935723993.0561 1854008588.4174 1714091152.2522 1597905798.0985 1641304783.8294 
1770856768.1065 1609621253.3780 1722459904.0945 1730684292.7191 1597301907.9619 1811706170.7618 1862141320.3157 1883401230.0596 1822743164.8910 1386493872.2523 1355417288.4753 
1233791512.1453 2045529406.0130 1107042634.0995 2054164157.5375 1350730245.9052 1870771634.5560 1699879428.4327 1081089911.3909 1453486614.3625 1720692852.1255 1632232767.2978 
1804339670.6368 1471029726.7985 2042016186.7236 1918165589.8591 1867008736.0110 2031242086.7915 1309926736.4706 2111056433.9364 1667420822.4601 1640615692.3790 1616800034.5700 
1808516190.3584 1906830816.8914 1932453555.8618 1748263117.2233 2011523371.9261 1115887457.9639 2096483969.7998 1275814472.5459 1563199517.9510 1916942251.9619 1491904578.5873 
1741145030.3177 1110029867.3777 2100309876.4597 2015453919.1777 2100664956.6430 1881910233.3323 2076706293.9585 1941785037.3787 1612131713.1281 1412410279.9535 1323067291.2766 
1122513067.8586 1204202889.3233 2136039137.5258 1937993952.2359 1609272060.9550 1702947475.3434 1330840706.6352 1799870020.8271 1881187917.6994 1327276550.1074 1235927738.9074 
1131886163.3810 1741341517.1808 2109423416.3463 1646055329.1596 1228710501.2811 1223682682.4817 1888448731.7513 1141903475.2606 1877964420.7072 2045682561.5482 1613230215.7695 
1603793461.2290 2002838721.2451 1581171279.4280 1394559363.1291 2099367072.7917 1257794780.5933 1716312723.5648 1674233814.0564 1281015673.3651 1510002105.1080 1970222129.6690 
2004914477.5531 1406653444.0111 1378594878.2732 2001130958.7563 2006536585.4585 1403323416.7032 1482090882.3075 1889067286.1498 1766340185.1832 2099212881.4856 1380004675.5004 
1238516061.5796 1597141052.0715 1647035700.8496 2084844797.2512 1261927196.9405 1557605788.7589 1401262096.2031 1397857628.0964 2062451872.0708 1638690724.0361 1546005284.9385 
1105970311.1382 2063623727.6539 1167303898.7684 1931844143.5505 1163467247.9092 1746264475.8506 1190752673.5196 1786669693.9341 1201838944.2561 1928609188.3315 1538326245.9403 
1665698573.0605 2018375718.7519 1120613138.5973 1293776456.0371 1735543772.6886 2135731792.9955 2118966763.9991 1404249764.1241 1914168783.4599 1680937374.5572 1325799077.3713 
1311750330.9148 1224145779.3825 1362477878.8858 1142211324.8188 1539329827.8012 1431046043.6964 1561758274.3493 1955241086.7179 1445929501.2854 1732424852.9916 1409462520.9093 
1969805375.3087 2079800000.3612 1392899474.5800 1966536022.1771 1087062923.3495 2069884407.6836 1166170366.7658 1304629669.0949 2019584257.3944 1221426230.1497 1447932782.6812 
1125842593.1051 2105794413.7210 1727625303.8336 1281591153.7271 1364165466.9761 1341534206.7121 1450923144.1933 1206284068.5837 1453976870.1787 1987184883.2106 1094827553.9623 
1687028804.0959 1817205457.0028 1683485026.1888 1345209137.8283 1152611139.6769 1887647643.5184 1477709718.3037 1626961609.1171 1881062483.9542 1874564785.6354 2113555730.0046 
1524664606.8875 2004487071.9550 1462251314.7178 1187555145.2247 1226937009.8878 1977018430.3033 1651280388.4141 1666319445.0819 1222947826.3702 1173672253.8343 1568512401.5532 
1938462653.0626 1379148765.4089 1220800142.8645 1093739532.9513 1953760627.3290 1870494226.0941 1269304417.8606 1198940192.6617 1154040429.4235 2058257170.8634 1086291740.6923 
1768582321.3674 1262029622.7537 1320283831.3395 1827349461.7306 1641852231.0407 1842313225.4576 1326359918.8589 2064247704.5050 1284196176.2608 1144506196.1594 1155322793.4041 
1680631670.0480 1983454321.5913 1506624610.6491 1635223894.9235 1364973532.1372 1519294114.7018 1706157421.1457 1753678097.6512 2135665915.4213 1160314396.0907 1504342144.9499 
1713858118.6333 1144457623.8523 1973053248.2855 2145491331.3414 1135030945.9645 1170629133.2615 1912919116.0574 1683376056.2791 2047921706.6299 2001134117.1552 1925155223.4075 
1717804530.5755 1659451593.7180 1232384457.1287 1181176293.6959 1189992306.4301 1800935309.9965 1363200356.0543 1199257747.0263 1907326186.1103 1379636916.7239 1871100872.2905 
1137867237.4861 1193047280.4803 1849886944.4514 1853090140.6241 1459733493.8272 2035209000.3088 1369079745.0722 1896531218.1899 1994254770.8109 1876878863.0222 1331746843.8873 
1418699357.5638 2061395692.6849 1605808121.2394 1831599472.8531 1741762031.3959 2069573067.6003 1219942297.8792 2094746785.1698 1476117590.6366 1777732336.7970 1907017075.4658 
1999267922.3818 1717332617.6084 2032153583.3718 1811386153.5713 2089523104.5229 1736099286.9963 1239893018.0088 1194228786.4728 1175400727.0701 1601337082.1115 1658164755.1996 
1468634566.7774 1937543284.3809 2025587513.8157 1255565189.6652 1783735312.6780 1231239429.3179 1428753027.9650 1160075760.5292 1178759287.2791 1857993604.6358 2122875676.8211 
1842970310.6253 1342513403.5165 1252359126.1720 1921887995.7149 1837034066.6160 1545153951.2460 2124817771.9243 1586697992.0862 1617300839.5906 1340345509.8419 1432919664.8734 
1621732083.5688 1414396494.0914 1744702063.7141 1794950761.3543 1851268621.6716 1287245991.9107 1112540353.9986 1759661586.7904 1939040091.0672 1201572942.2628 1252749573.1203 

-1,1 1,1 -1,-1 1,-1 -1,-1 1,1 -1,-1 -1,1 -1,-1 -1,1 1,1 
-1,-1 -1,1 1,1 -1,-1 1,-1 -1,1 1,1 -1,-1 -1,1 1,1 -1,-1 
1,-1 -1,-1 -1,1 -1,1 1,1 1,-1 -1,1 1,-1 1,1 -1,-1 -1,1 
1,1 1,-1 1,-1 1,1 -1,1 -1,-1 1,-1 1,1 1,-1 1,-1 1,-1 

-1,-1 1,1 -1,-1 1,1 1,-1 1,1 -1,1 1,-1 1,1 -1,1 1,-1 
1,-1 -1,-1 1,1 -1,-1 1,1 -1,1 1,-1 -1,-1 -1,1 1,1 -1,-1 
1,1 -1,1 1,-1 1,-1 -1,1 -1,-1 -1,-1 -1,1 1,-1 -1,-1 -1,1 
-1,1 1,-1 -1,1 -1,1 -1,-1 1,-1 1,1 1,1 -1,-1 1,-1 1,1 

-1,-1 -1,1 -1,-1 -1,1 1,-1 1,1 -1,-1 1,1 1,-1 -1,-1 1,-1 
-1,1 -1,-1 1,1 1,-1 -1,-1 1,-1 -1,1 -1,-1 -1,1 1,1 -1,-1 
1,-1 1,-1 1,-1 -1,-1 1,1 -1,1 1,1 -1,1 1,1 1,-1 1,1 
1,1 1,1 -1,1 1,1 -1,1 -1,-1 1,-1 1,-1 -1,-1 -1,1 -1,1 

1,1 -1,-1 1,1 -1,-1 1,1 1,-1 -1,-1 -1,1 1,1 -1,-1 1,-1 
-1,1 1,1 -1,-1 1,1 1,-1 1,1 -1,1 1,1 -1,-1 1,-1 -1,1 
-1,-1 1,-1 -1,1 1,-1 -1,1 -1,1 1,-1 -1,-1 1,-1 -1,1 -1,-1 
1,-1 -1,1 1,-1 -1,1 -1,-1 -1,-1 1,1 1,-1 -1,1 1,1 1,1 

1,1 -1,-1 -1,1 -1,-1 1,-1 -1,1 1,-1 -1,1 1,-1 -1,-1 1,-1 
-1,-1 -1,1 -1,-1 -1,1 -1,-1 1,-1 -1,1 1,-1 -1,-1 1,-1 -1,-1 
1,-1 1,1 1,1 1,1 -1,1 1,1 1,1 1,1 -1,1 -1,1 -1,1 
-1,1 1,-1 1,-1 1,-1 1,1 -1,-1 -1,-1 -1,-1 1,1 1,1 1,1 

-1,-1 -1,1 -1,-1 -1,1 -1,-1 1,-1 -1,-1 -1,1 -1,-1 1,1 -1,-1 
1,-1 -1,-1 -1,1 1,1 1,-1 -1,-1 -1,1 -1,-1 1,-1 -1,-1 -1,1 
-1,1 1,-1 1,1 1,-1 -1,1 1,1 1,-1 1,1 -1,1 -1,1 1,-1 
1,1 1,1 1,-1 -1,-1 1,1 -1,1 1,1 1,-1 1,1 1,-1 1,1 

-1,1 1,-1 -1,1 1,1 -1,1 1,-1 -1,-1 -1,1 -1,-1 1,1 1,-1 
1,-1 -1,1 1,-1 -1,-1 1,-1 -1,-1 -1,1 1,-1 -1,1 1,-1 1,1 
-1,-1 1,1 1,1 1,-1 1,1 1,1 1,-1 1,1 1,-1 -1,-1 -1,-1 
1,1 -1,-1 -1,-1 -1,1 -1,-1 -1,1 1,1 -1,-1 1,1 -1,1 -1,1 

-1,-1 1,-1 -1,1 1,1 -1,1 1,-1 1,1 -1,1 -1,-1 -1,1 1,-1 
1,-1 -1,-1 1,-1 -1,1 1,-1 -1,1 1,-1 -1,-1 -1,1 1,-1 1,1 
-1,1 1,1 1,1 -1,-1 -1,-1 -1,-1 -1,1 1,-1 1,-1 -1,-1 -1,1 
1,1 -1,1 -1,-1 1,-1 1,1 1,1 -1,-1 1,1 1,1 1,1 -1,-1 

1,1 1,-1 -1,-1 1,-1 -1,-1 1,-1 1,1 -1,-1 -1,1 1,1 -1,-1 
-1,1 -1,-1 1,-1 1,1 1,-1 1,1 -1,1 1,1 -1,-1 1,-1 1,1 
1,-1 -1,1 1,1 -1,1 -1,1 -1,1 1,-1 -1,1 1,-1 -1,1 1,-1 
-1,-1 1,1 -1,1 -1,-1 1,1 -1,-1 -1,-1 1,-1 1,1 -1,-1 -1,1 

1,1 1,-1 1,1 -1,-1 1,-1 -1,-1 -1,1 1,-1 -1,1 1,-1 -1,-1 
-1,1 -1,-1 -1,1 1,-1 1,1 1,-1 -1,-1 -1,1 1,1 -1,1 1,-1 
-1,-1 1,1 -1,-1 -1,1 -1,-1 -1,1 1,1 1,1 1,-1 1,1 1,1 
1,-1 -1,1 1,-1 1,1 -1,1 1,1 1,-1 -1,-1 -1,-1 -1,-1 -1,1 

1,-1 -1,-1 1,1 -1,-1 1,-1 1,1 -1,1 1,1 -1,1 1,1 1,-1 
-1,-1 1,1 -1,-1 1,1 -1,-1 -1,1 1,1 1,-1 -1,-1 -1,1 1,1 
-1,1 1,-1 1,-1 -1,1 -1,1 1,-1 1,-1 -1,-1 1,1 -1,-1 -1,-1 
1,1 -1,1 -1,1 1,-1 1,1 -1,-1 -1,-1 -1,1 1,-1 1,-1 -1,1 

1,1 -1,-1 1,-1 -1,-1 1,-1 1,1 -1,1 1,1 -1,1 1,-1 -1,1 
-1,-1 1,1 -1,-1 1,-1 -1,1 -1,-1 1,1 -1,-1 1,-1 -1,-1 1,1 
1,-1 -1,1 -1,1 -1,1 -1,-1 1,-1 -1,-1 1,-1 1,1 -1,1 -1,-1 
-1,1 1,-1 1,1 1,1 1,1 -1,1 1,-1 -1,1 -1,-1 1,1 1,-1 

1,1 1,-1 1,1 -1,-1 1,-1 1,1 -1,-1 -1,1 1,1 -1,1 1,1 
1,-1 1,1 -1,1 1,-1 1,1 1,-1 -1,1 -1,-1 -1,1 1,1 1,-1 
-1,-1 -1,-1 1,-1 1,1 -1,1 -1,1 1,1 1,-1 1,-1 -1,-1 -1,-1 
-1,1 -1,1 -1,-1 -1,1 -1,-1 -1,-1 1,-1 1,1 -1,-1 1,-1 -1,1 

1,-1 1,1 -1,1 1,1 -1,1 1,1 1,-1 1,1 -1,1 -1,-1 -1,1 
-1,1 1,-1 -1,-1 -1,1 1,1 1,-1 -1,-1 -1,1 -1,-1 -1,1 1,1 
1,1 -1,1 1,-1 1,-1 1,-1 -1,1 1,1 -1,-1 1,1 1,1 1,-1 
-1,-1 -1,-1 1,1 -1,-1 -1,-1 -1,-1 -1,1 1,-1 1,-1 1,-1 -1,-1 

-1,-1 1,-1 -1,1 1,-1 -1,-1 1,1 1,-1 1,1 -1,-1 1,-1 -1,1 
1,-1 -1,1 1,-1 -1,-1 1,1 -1,1 1,1 -1,-1 1,1 -1,-1 1,-1 
-1,1 -1,-1 1,1 -1,1 -1,1 1,-1 -1,-1 -1,1 -1,1 -1,1 1,1 
1,1 1,1 -1,-1 1,1 1,-1 -1,-1 -1,1 1,-1 1,-1 1,1 -1,-1 

-1,-1 -1,1 1,-1 -1,1 1,-1 -1,-1 1,-1 -1,-1 -1,1 -1,-1 1,1 
-1,1 1,1 -1,1 1,-1 -1,-1 1,-1 -1,1 1,1 -1,-1 1,-1 -1,1 
1,1 1,-1 1,1 1,1 1,1 1,1 1,1 1,-1 1,-1 -1,1 -1,-1 
1,-1 -1,-1 -1,-1 -1,-1 -1,1 -1,1 -1,-1 -1,1 1,1 1,1 1,-1 

-1,-1 1,1 -1,1 1,1 -1,1 1,1 -1,1 1,1 -1,-1 -1,1 -1,-1 
1,-1 -1,1 1,1 -1,1 1,-1 -1,1 -1,-1 -1,1 1,1 -1,-1 1,-1 
-1,1 -1,-1 -1,-1 -1,-1 1,1 -1,-1 1,-1 -1,-1 1,-1 1,-1 -1,1 
1,1 1,-1 1,-1 1,-1 -1,-1 1,-1 1,1 1,-1 -1,1 1,1 1,1 

1,-1 1,1 -1,1 1,1 -1,-1 -1,1 1,-1 -1,-1 -1,1 1,-1 1,1 
-1,-1 -1,1 -1,-1 1,-1 1,1 -1,-1 -1,1 1,1 1,-1 -1,1 1,-1 
1,1 -1,-1 1,-1 -1,1 1,-1 1,-1 1,1 1,-1 -1,-1 1,1 -1,-1 
-1,1 1,-1 1,1 -1,-1 -1,1 1,1 -1,-1 -1,1 1,1 -1,-1 -1,1 

1,-1 -1,-1 -1,1 1,-1 -1,1 1,-1 1,1 1,1 -1,1 -1,1 1,-1 
1,1 -1,1 1,-1 -1,-1 1,-1 -1,-1 -1,-1 1,-1 1,-1 -1,-1 -1,-1 
-1,-1 1,1 -1,-1 -1,1 1,1 1,1 1,-1 -1,1 1,1 1,-1 -1,1 
-1,1 1,-1 1,1 1,1 -1,-1 -1,1 -1,1 -1,-1 -1,-1 1,1 1,1 

1,-1 1,-1 -1,1 -1,1 -1,1 1,-1 -1,1 1,-1 1,-1 1,-1 1,1 
-1,1 1,1 1,1 1,-1 1,1 1,1 -1,-1 -1,-1 1,1 -1,1 -1,1 
1,1 -1,1 -1,-1 1,1 -1,-1 -1,-1 1,1 1,1 -1,-1 1,1 1,-1 
-1,-1 -1,-1 1,-1 -1,-1 1,-1 -1,1 1,-1 -1,1 -1,1 -1,-1 -1,-1 

1,-1 1,1 1,-1 1,-1 1,-1 1,-1 -1,1 -1,1 -1,1 1,1 -1,1 
-1,-1 -1,-1 -1,-1 -1,-1 -1,-1 -1,-1 -1,-1 -1,-1 1,-1 1,-1 1,-1 
1,1 1,-1 1,1 1,1 -1,1 -1,1 1,1 1,-1 1,1 -1,-1 -1,-1 
-1,1 -1,1 -1,1 -1,1 1,1 1,1 1,-1 1,1 -1,-1 -1,1 1,1 

1,1 1,1 1,1 -1,-1 -1,-1 1,1 1,-1 1,-1 1,-1 1,-1 1,1 
1,-1 1,-1 1,-1 1,-1 -1,1 -1,1 -1,1 1,1 1,1 -1,-1 -1,1 
-1,-1 -1,1 -1,1 -1,1 1,1 -1,-1 -1,-1 -1,1 -1,-1 -1,1 -1,-1 
-1,1 -1,-1 -1,-1 1,1 1,-1 1,-1 1,1 -1,-1 -1,1 1,1 1,-1 

1,-1 -1,-1 -1,-1 1,-1 1,-1 1,-1 1,-1 -1,-1 1,-1 1,-1 1,-1 
-1,1 1,1 1,1 1,1 -1,1 -1,1 -1,1 1,1 1,1 -1,1 1,1 
-1,-1 1,-1 1,-1 -1,1 -1,-1 1,1 -1,-1 1,-1 -1,1 1,1 -1,-1 
1,1 -1,1 -1,1 -1,-1 1,1 -1,-1 1,1 -1,1 -1,-1 -1,-1 -1,1 

1,-1 1,-1 1,-1 -1,1 -1,1 -1,-1 1,1 -1,1 1,1 1,1 -1,-1 
-1,-1 -1,1 -1,-1 1,1 1,-1 1,-1 1,-1 -1,-1 -1,-1 -1,1 -1,1 
1,1 1,1 -1,1 1,-1 1,1 1,1 -1,-1 1,-1 1,-1 -1,-1 1,-1 
-1,1 -1,-1 1,1 -1,-1 -1,-1 -1,1 -1,1 1,1 -1,1 1,-1 1,1 

-1,-1 1,1 -1,-1 -1,1 -1,1 1,-1 -1,-1 -1,-1 1,1 -1,1 -1,1 
1,-1 1,-1 1,-1 1,1 1,1 1,1 1,1 1,-1 1,-1 -1,-1 -1,-1 
1,1 -1,1 -1,1 -1,-1 -1,-1 -1,1 1,-1 1,1 -1,-1 1,-1 1,1 
-1,1 -1,-1 1,1 1,-1 1,-1 -1,-1 -1,1 -1,1 -1,1 1,1 1,-1 


10 0 6 4 
1 10 7 5 
0 2 3 8 
3 5 9 4 
5 1 4 6 
10 4 5 6 
4 5 10 0 
5 10 7 4 
10 0 1 9 
2 8 5 0 
4 6 0 9 
9 4 5 1 
7 1 8 2 
5 7 10 1 
1 3 10 4 
3 2 6 7 
10 4 8 1 
7 2 3 4 
1 7 8 9 
10 3 1 7 
4 5 7 2 
7 6 4 9 
4 3 8 9 
10 6 2 9 
2 5 1 3 


