1846798259.3176 1223510264.3646 1926338785.9372 2133083192.2252 1867252092.0357 2052655437.2160 1871503080.0824 1105493046.1037 1242301108.1538 1907729535.4839 1811450033.7828 
1444581107.4222 1306070702.5415 1717283425.3909 1661405063.6415 1496533602.1633 1767887081.5710 1623174836.6488 1496982095.4598 1430703344.7671 1844240689.4303 2080739957.6465 
1243646311.7975 1174925092.3295 1794407500.0688 2031456804.5876 1376057474.2126 1980116493.8780 1621400236.6329 1585374964.6535 1378924608.0141 1904246044.7466 1379469468.1174 
1215435693.8694 1617582048.4550 1435043220.1309 2110714886.6439 2017617565.1131 1476101139.4948 1932023145.8119 1363015931.9960 1789728744.6328 1709908335.6705 1746900919.5010 
1985897353.7412 1561692481.8204 1525902391.8031 2006842408.6446 2006730475.1586 2038923138.3126 1363450080.6352 1646739991.8974 1209113791.1213 1322355344.2025 1123749896.2878 
1601922079.8735 1179746805.8324 1856362498.8630 2102049051.0361 1300180796.6230 1271441845.8791 1309396597.4928 1442183073.1644 2049054939.9656 2061348997.5804 1268615940.0599 
1471015138.0268 1099222918.7314 1880692934.1760 1252635681.6640 1778006447.7453 1809619482.5203 2098721473.7049 1978302517.2117 1573462869.3914 2035581805.8972 1533676853.1432 
1941804153.4298 1561361215.7305 1532501535.7167 1588938325.4027 1504609797.0193 1396185360.9322 1413128390.3783 1681294156.7304 2143771710.9254 2043382930.8521 1881052656.5212 
1471668985.1833 1288553763.5250 1908197370.9747 1912134487.5381 2118447459.5435 2123006543.7293 1747881735.5610 1700744655.6518 1320728988.8857 1898056094.2805 1740854906.0092 
1464330004.4371 1799234334.0630 1103946229.5004 1485305530.2741 1218147981.1840 1184989415.7795 1477325718.0406 1604097402.5905 1557525594.2092 1171156544.8612 2003438278.2694 
1369957140.4236 1173681279.8835 2127020887.1440 1457621180.7084 2078403366.3173 1076777978.3550 1175513051.3568 1421558957.8231 1973293453.9831 1428100189.0532 1164212680.4237 
1837017200.7692 1651312811.2128 1343563317.0351 1895598447.4881 1847334257.3739 1204975678.5423 2041037401.4855 1458673433.7709 1073782621.6170 2101700724.7767 1091098243.7021 
1281798229.0315 1766775156.4717 1290140731.6363 1394033916.9161 2089427070.6701 1521465724.5448 1225356407.6938 1137320830.6509 2046807216.9990 2036054813.9653 1374964975.6973 
1258047178.6553 1447129425.2895 1407939860.0805 2055636298.4717 1717895981.2686 1148916305.9583 1260762447.0174 1259664437.8656 1957121407.4217 2015740979.5321 1678111624.4961 
1530141698.4463 1074920064.4550 1394298207.5199 1418976773.1142 1248071974.5985 1940112505.1790 1127557267.0870 1945477447.9914 1633792527.0465 1547574037.6049 1749706359.0154 
1570572878.3108 1984270568.2313 2063230040.5557 1774610731.2529 1728935828.8691 1410024254.6034 1287154509.5692 1315039885.9712 1844071251.7052 2081282408.3209 1756781419.5208 
1160723656.3011 1837578934.4633 2042403769.9734 1652545027.1451 1273028400.1132 1962080643.5177 1874694174.7136 1131876650.1030 2130082001.4684 1811556722.9954 1734661494.5274 
1142700413.1656 1795946089.8680 1441884913.0801 1389964792.5183 1796490614.5508 1545650815.4384 1891961752.0960 2100264439.1473 1482343776.8256 1208666237.4954 1972042736.8049 
1184270707.0376 1708870439.6314 1652062372.7897 1690998842.2250 1854495049.1085 1581353080.9358 1968347902.5863 1631127334.5366 1490825159.6933 1982222171.0943 1825677337.8030 
1658041887.9692 2071680873.8775 1518603360.1538 2094680294.6015 1447550618.0896 2042738999.9681 1465111008.5942 1882322549.7528 1292136108.9547 1486076442.1183 1345564681.3361 
2023584723.2707 2044799476.7256 1510918923.7629 1492661999.8996 1845946697.3432 2121272738.0361 1875570133.1105 1440245006.7458 2090534944.8362 1082308157.8064 1346162154.2970 
1544470946.0005 1121962829.1448 1944566746.2064 1146877329.4655 1349054316.1419 1601728920.1890 1666390566.7739 1576851895.2565 2001221384.8890 2010401042.6699 1674237875.7002 
1939209614.0099 1589106540.4505 1781704987.0939 2109024311.2453 1884561566.7582 1097925937.7972 1854915159.0013 1238135426.9041 1983213557.9521 1510370665.7683 1182024633.3194 
1622548082.9724 1851596323.8849 1849927479.9994 1745740175.8414 1701159152.3916 1219374383.5353 1628346768.2907 1346525027.2971 1569804542.8641 1657376583.4136 1680040640.3058 
1525702373.0393 2026002872.0970 1982223111.5927 1205676793.7329 1358358555.8369 1923750907.3073 1459045509.8438 1189878071.6371 1471383241.2955 2075101473.5212 1858168874.2409 
1324286320.9491 2076234758.2874 1292235924.5834 1507749714.9197 1114158296.7437 2067958030.7402 1445966294.4498 1164647453.7508 2147400019.9610 1486239651.2297 1669544926.9152 
1657183413.0185 1206940308.3534 1149229766.5308 2121560331.7724 1688469227.6871 2077436318.5184 1529511815.7082 1254000911.6921 1563849905.7306 2129446190.7500 1582101959.3056 
1584974766.5903 2109628857.0625 1119350433.2769 1318373281.1777 1640720633.6042 1128879779.9369 1664246616.5800 1703790638.5953 2107871266.4578 1908335205.2561 1653343219.8758 
1221408184.8121 1093263107.2096 2047208374.1874 1616174834.2139 1828023928.4835 1280187343.4825 1088982290.2331 1618515523.7849 2084776931.0417 1383195332.0223 2094792130.3483 
1650070964.1535 1756755864.2008 1272014851.7047 1184483407.3611 2038094598.6026 1893407717.1443 1107767146.5396 1563962522.7513 1895557988.9136 1156700100.9140 1642284041.2916 
1482176138.5017 1784774372.7200 1562269821.2583 1441801953.2433 1658605640.1192 1549649460.8034 1858973450.3602 1640896441.0409 1836881472.9722 1950008253.9288 2062743337.9057 
2126577624.7716 1954083300.7016 1210601534.5049 1299408133.8248 1666082405.1995 1830038327.0805 1329856303.2942 1384844115.7362 1739849478.9218 1155694901.7808 1313496300.6183 
1151551017.9795 1666366827.5154 1273366016.7880 1733200829.9468 2049906504.5788 1869774647.0666 1634260091.0688 1191897855.9330 1299341790.9428 1426683543.4573 1345346548.5052 
1524636153.0988 1552538547.8114 2103213585.6987 1927989927.3217 2134847113.1493 1366457362.8744 1192271573.5103 1242090722.3144 1599936300.0507 1087039845.2047 1792698453.7448 
1750834538.4507 2077504568.1124 1289577498.5189 1559327365.6619 1252437501.5382 1436869623.3765 1201571107.0913 1386730784.2307 1098716915.0904 1706354412.0535 1097955167.5823 
1531820713.4292 1975487085.4344 1289611494.0924 1973527185.3137 1339539016.3000 1709640455.3192 1943488690.5875 2143383669.4563 1784358271.0739 1268661673.7282 2006174375.8831 
1969240242.8955 1621765523.5117 1679901724.6004 1230189720.6769 1784623107.5811 1284616570.3158 1567364320.3434 1721313211.3750 1955890134.9544 1239959275.6732 2119293424.3529 
1691743808.4485 1167046581.7986 2127197219.7186 1215015131.3625 1916026525.9415 1336029071.7754 2061752028.6770 1926375424.8268 1946294586.3380 1828991542.6235 1935892187.6661 
1709070290.5988 1562937935.7708 2093684310.0793 1236764624.0983 1135816474.4344 1560211484.7722 1376380267.5731 2072494778.9904 1151872332.6822 1804658807.6589 1632294250.4464 
1456078824.7936 1870592788.0527 1543054824.8870 1143755530.0820 1272845386.6386 1551932012.7034 1518386324.4071 1159692886.0321 1254208074.3528 1986981942.2460 1287535086.5535 
1866509739.4633 1181050773.0944 1716758194.9383 1321597281.7144 1414681792.1259 1675728473.3827 1720513601.4722 2104545058.3348 1815512147.1376 1142231733.9322 1656836297.0704 
1625484422.0265 2072931903.0719 1847881003.2515 1762282310.3403 1235792490.4230 1585993740.7454 1220861384.2097 1247182758.0735 1786373275.0765 1632143967.3369 1684967253.8306 
1188174342.2825 1879353030.8414 1516891290.4235 1374892359.0318 1657924314.4594 1302593426.2410 1301093971.7889 1454958346.6969 1445856860.3878 1795346953.4817 1248598847.2110 
1315307193.7206 1924181151.8718 1265537395.5308 1612254472.5645 1440549962.9405 1668532678.3299 1810210439.2387 1404370691.6833 1991211225.4781 1495884784.8475 1727388591.9554 
1125024681.2287 1385580467.1490 1842082376.2799 1612286496.8184 1153060951.4233 1264429333.9584 1700652203.4747 1326401983.6674 1143598589.9768 2118438370.6978 2022168371.0642 
1380556692.5221 1442950977.5903 1961942660.8944 2061842082.3080 1793670707.9080 2052928248.8412 1917223048.7601 1170916638.4860 1422820614.3511 2126141338.4996 1749132122.5962 
2002042988.2184 1669706605.2827 1297008109.9484 1991532447.7192 1133782371.5242 1754611628.5336 1141669143.8018 1991346681.4789 1673332906.0729 1538989470.5545 1845598340.9187 
2027867303.7227 1328646010.0757 1749929111.1040 1152639202.1649 1413439805.2964 1197091805.7167 1717513117.9821 1110367361.4260 1486712787.5296 1301680546.2755 1910893142.2123 
1385314854.1455 1527428625.4081 1746524447.3470 1354155265.2064 1706721748.7086 1519899511.8501 1882956547.0485 1568814245.1743 1565563696.0776 1510349785.0862 2095166198.5064 
1957384532.8673 1900365411.9840 1775365626.1149 2057095900.5828 1328448407.8293 1470729036.7975 1832600520.6753 1900624810.3785 1141724065.0549 1318889258.2824 1724647817.7205 
1447661984.0789 1693374231.0143 1530806370.8977 2115849830.1265 1180593139.5216 1505509765.1600 2040687357.0759 1288417320.8727 1168048396.7175 1116223434.6176 1390921724.2722 
2124872050.8460 2101240706.9902 1768721356.7329 1094833802.6861 1643301971.1041 2041991996.9898 1202352834.5032 1829715186.2613 2002814377.8919 1528822566.1887 1566011424.0884 
1834211286.3919 2108621949.1786 1224182726.9941 1346215886.6598 1090133217.9979 1527597817.7078 1117785070.5856 1703004230.2848 1174431022.9337 1130364753.0836 1942649008.4612 
1256422177.0586 1225854154.3656 1080769001.9938 2042274813.8993 1324459595.8303 1453980985.0640 1510439667.2988 1836338335.4688 1723647137.4672 1878000532.6480 1170809375.5160 
1126962650.2361 1720051096.1278 1278397027.9456 1860039672.9395 1746807064.4842 2030766497.0484 1329481476.7667 1709656505.1052 1259514499.5761 1788227178.5910 1343996489.0779 
1867177685.8517 1621731531.7324 1180623453.3693 1369165538.7702 2083849904.5358 1350209766.7363 1393592476.0381 1718479963.3698 1579691695.9300 1091843358.2674 1739734946.2895 
1474122688.1810 1643705149.0593 1273940143.9299 1509203836.2315 1887322265.8442 1613727997.3839 1770198935.7798 2111595995.6971 1220843228.7670 2032490398.6628 1738119024.6391 
2032633820.0543 1409300999.4554 1581438183.1828 1312539583.1416 1143330751.9843 1435322341.4654 1090087210.8779 1186106895.0297 1941088636.2183 1369531380.4519 1112091804.4940 
1310616907.8617 1321962388.6030 1129529436.2178 1404536023.4225 1788465761.0832 1589539054.1738 1641905848.8487 1256814191.3320 1698837533.8741 1085366560.2407 1346380188.7334 
1995657276.1271 1815307554.9414 2045996390.6727 1339458652.9707 2059599881.0162 1449831956.5394 1442078908.7633 1903169850.0145 1928920681.7064 1753594472.5787 1248105841.4403 
1489723002.5246 1350933902.3805 1925641943.7010 1872949576.5292 2072218956.3249 1909206037.2288 1256325654.8215 1675994312.5294 1450064216.3008 1229274526.8829 1581724778.7295 
1609239756.6609 1280519881.6971 1902368450.5932 1246774563.2991 1782803715.3785 1715304355.9777 1823300415.8034 1523891094.7416 1880830245.7861 1718136079.1722 2136452978.2571 
1216469643.8028 1609100833.5392 2087668333.8616 1790104015.5304 1317550776.7421 1948027891.4531 2056361722.9007 2079587994.2829 1821723869.8202 1795019589.6554 1814508679.1760 
1225570319.6563 1161667456.3478 1546486495.5787 2030612692.2655 2039213313.2239 1315506312.3615 1221604558.2759 1170228775.3182 1470998287.5125 1147543219.6445 1914949644.3804 
1098512451.6261 1327224741.6002 1718044227.9510 1184800684.1520 1855147673.4154 1115817365.6099 1566814577.7579 1909221693.2475 2019994826.6552 1947576677.0392 1503796732.3547 
1886420179.5254 1693348508.3979 1572133592.7349 1840932407.3125 1872790847.5610 1295744323.8595 1744300602.0980 1959225675.8653 1638104558.6492 1732072216.5243 1355284627.5989 
1374424073.2380 2077417183.1851 1440724074.9758 1254861148.3073 1792535479.6761 1236544750.6962 1977431631.9974 2031677766.0023 1992331156.5159 2025482093.1057 1729310934.2813 
1512653220.6347 1688863254.6555 1948691854.9823 1605814918.1776 1965486508.0310 1623535934.6352 1566180291.8503 1742812806.1284 1252103643.0627 1418309362.2464 1749031765.8417 
1632598942.5889 1622538467.8333 1345148819.8379 2019539080.0122 1117436830.1993 1090731150.9891 2138079761.9560 1223723411.0414 1537988825.2436 1425152368.6957 1618592126.2761 
1276069457.3881 1913045403.2724 1710544378.7928 1079858017.8576 1354234336.6288 1470960605.1079 1850410957.0042 1735428160.6157 1249826708.7656 1714430237.2020 1578347645.7341 
1383570803.0200 1289167725.5366 1271434011.6868 1380194164.9975 1302309972.1221 1348404696.6145 1575605491.0805 1517408791.6836 1239390170.9558 1447300228.2730 1512797658.0149 
1665831339.2645 1472873244.2829 1428594396.0804 2013896518.5828 2064108211.4201 2000488598.8361 1762600386.7040 1406024206.0709 1218101335.1991 1804182554.4911 2134340392.1866 
1453332324.9895 1936378132.1188 1847991731.5314 1582335027.0393 2120142620.4127 1398698241.3217 1934619226.0307 1622953174.5559 1649033836.8666 1848297827.6691 1992073770.8166 
2057395811.1210 1465481296.3042 1450092207.7483 1100418656.4819 1163325675.8662 1600787481.6072 1155369301.4300 1808301639.5309 1769426428.5843 1192743561.7954 1936413011.6550 
1788466790.7489 1555011355.6497 1447850380.9415 1316861953.1381 1120430796.7914 1587196593.3833 1343938993.7383 1156579243.2400 2011156206.6893 1893808084.3148 2085719194.0838 
1793083698.2785 1126828016.8846 1950261401.7885 1981619935.8114 1341180773.6384 1890992357.3371 2082293972.5437 1664212306.8514 1571696359.7038 1493634477.5671 1930490972.5329 
1978824964.0781 1622429861.5259 1789636968.4019 1684042695.9281 1586897482.4179 1560084746.0986 1586914018.2772 1793869985.4458 2099263858.9440 1169177989.7030 1469961244.2877 
1344685982.2118 1618413601.0163 1740724233.9236 1881259136.3027 1305229985.1443 1458719409.5704 1248475413.6395 1883656643.2839 1880407190.9437 1247916816.4232 1639179785.6844 
1691982588.4021 1366876002.3535 2081027784.1144 1375027190.6725 1523238489.3892 1270944750.1105 1506246082.7857 1128696375.9892 1542921072.0316 1126557152.5192 2128037604.3342 
1898601698.5763 1833974229.3660 1134858685.9164 1816193767.0146 1758890564.8412 1877858882.4759 1540841253.2520 1575385246.6598 1572425824.5111 1950249319.2014 1325938975.6062 
2113804663.2567 1731286556.0282 1259933230.8613 1821160708.8988 1897436319.3433 2100243958.9933 1710189274.8775 1950188492.3890 1361865324.1636 1937175332.2650 1686302817.1200 
1335738134.8725 1611920758.4811 1296236264.6943 1240217562.9787 2120766885.8757 1405321269.7136 1835685208.2728 1979290931.5936 1266584521.3413 1908493831.5356 1393392239.3751 
1361320083.9700 1585831588.1706 1905496599.0782 1750731773.7505 1186235205.9781 1393769008.7128 2136348892.6405 1911292755.6353 1977810208.3248 2138373531.0645 1847038966.4210 
1366039993.3812 1491054368.0221 1078375536.5464 1844495685.4830 1242846286.8618 1134210442.0303 1640235230.2773 1337729111.3324 1923424047.3533 1584818311.4028 1443022373.7172 
1472149463.9970 1599743987.5752 1385792868.4778 1463069316.5893 1560737737.4743 1710579631.0029 2089406451.0737 2072461457.3965 2006191780.2170 1504664032.0990 1292977177.7605 
1176700895.4127 1147581127.8645 1559482970.8460 1118271350.1310 1981853617.8503 1511213730.1257 1911292953.0967 1932097063.7838 1243734108.4634 1298226541.6315 1528779700.8241 
1709769024.3868 1260339306.9575 1475110951.2546 1491499518.1521 1178001448.6231 2072613689.9046 1633245820.5611 1410621506.6986 1731778290.6576 1762986815.6783 1440243017.1271 
1673000749.4318 1115728454.0607 1089964778.6180 1326814438.7025 2042124194.5416 1130944828.9713 1616716913.6975 1695798535.6029 1997850603.8062 1703689044.0032 1932665795.4995 
1779158130.4131 1312891894.5712 1734849541.7925 1899078196.3418 1818887389.0812 1930632932.0824 2061794948.7664 2145133366.8664 1438762927.4458 1245471275.9499 1664553308.0683 
1750073872.0387 1242295340.8813 1739314801.7819 1735620662.6363 2008021644.9783 1278535281.2096 1988014776.1407 1716772097.5366 1759897964.7314 1164412041.1958 1847715985.3394 
1541684610.3434 1176801664.8890 1141444248.1474 1440230755.7055 1993857747.1346 1677096615.7289 1588045346.0564 1542151469.5655 1533291734.3748 1509232424.5129 1818723759.0041 
1869915266.2452 1157518287.2254 1518800722.0800 1151813664.7680 1678054374.0819 1447740181.9215 1676102490.6102 1580233176.2687 1408151928.2998 1960408165.5427 1752635270.5105 
1657282004.3143 1223775972.1407 1158853780.3019 1079212282.6227 1239072030.9678 1593501200.9193 1613793543.3318 1288865455.3445 1427723501.9666 2077317821.3260 1746299227.4827 
1481617860.0624 1314351147.4126 1545787829.5370 2072937805.3369 1495748705.4697 1661519397.3291 1873847910.9095 1928643991.7219 1344281227.0320 1452112709.6937 1882143171.0231 
1182334327.4486 1544725873.3237 1194371624.7074 1519753354.0087 1379864403.9360 1232396754.9761 1506989473.5956 1145587486.8230 1285696994.4881 1746071020.9656 1957822588.2199 
1440342319.4839 1740017457.7714 1340624384.2677 1507865838.1258 1248531822.2776 1701316744.5555 1870296128.8749 1825034967.8278 1810578670.0838 1888621494.5162 1921210211.3385 
1389930487.8950 2144268381.6062 2053636852.7487 1279054044.2115 1853991424.0759 1112012793.5571 1597499064.5105 2017213789.4962 2042658004.8624 1531855767.0225 1674531589.9284 
1917534378.2884 1513617688.2418 1520685154.0472 1188720755.0506 1646702765.4012 1871676251.9470 1453059685.2827 2016781309.5599 2122939197.0524 1512411906.3146 1741311518.3158 
2104899727.1073 1548758060.1649 1107097092.6835 1733406539.1650 1132136496.3340 1202579194.1383 1601489401.3203 2097007718.3004 1746614402.0834 1173688307.7423 2014439207.5942 
1228113499.8889 1745890248.7957 1208268725.6071 1222054760.4953 1331929203.9923 1914866408.9531 1928375316.2475 1385087154.4672 1337180246.4489 1949002298.0815 1574814980.0783 

-1,1 1,1 -1,-1 1,1 1,1 1,1 -1,-1 -1,-1 -1,1 1,-1 1,-1 
1,-1 1,-1 -1,1 -1,1 -1,-1 -1,1 1,-1 1,-1 1,1 1,1 1,1 
-1,-1 -1,-1 1,1 -1,-1 -1,1 -1,-1 1,1 1,1 1,-1 -1,1 -1,-1 
1,1 -1,1 1,-1 1,-1 1,-1 1,-1 -1,1 -1,1 -1,-1 -1,-1 -1,1 

1,-1 1,1 1,-1 1,-1 -1,1 -1,-1 -1,-1 1,1 1,1 1,1 -1,1 
-1,1 -1,1 -1,1 1,1 1,1 1,-1 -1,1 -1,1 -1,-1 -1,-1 -1,-1 
1,1 -1,-1 -1,-1 -1,-1 -1,-1 -1,1 1,-1 -1,-1 1,-1 -1,1 1,1 
-1,-1 1,-1 1,1 -1,1 1,-1 1,1 1,1 1,-1 -1,1 1,-1 1,-1 

1,-1 1,-1 -1,1 -1,1 -1,-1 1,1 -1,1 -1,1 1,1 1,1 1,1 
-1,-1 1,1 1,1 1,-1 1,-1 1,-1 1,-1 -1,-1 -1,-1 1,-1 -1,1 
-1,1 -1,-1 1,-1 -1,-1 -1,1 -1,1 1,1 1,-1 -1,1 -1,-1 -1,-1 
1,1 -1,1 -1,-1 1,1 1,1 -1,-1 -1,-1 1,1 1,-1 -1,1 1,-1 

1,1 -1,-1 -1,1 -1,1 -1,1 -1,1 -1,1 -1,1 -1,1 -1,1 -1,1 
1,-1 1,-1 1,-1 -1,-1 -1,-1 1,-1 1,-1 -1,-1 -1,-1 1,1 1,1 
-1,-1 -1,1 1,1 1,1 1,-1 1,1 -1,-1 1,-1 1,-1 -1,-1 -1,-1 
-1,1 1,1 -1,-1 1,-1 1,1 -1,-1 1,1 1,1 1,1 1,-1 1,-1 

-1,-1 -1,-1 -1,-1 -1,-1 -1,-1 -1,-1 1,1 -1,-1 -1,-1 -1,-1 1,-1 
1,-1 1,1 1,1 -1,1 1,-1 -1,1 -1,1 1,-1 1,-1 1,1 1,1 
-1,1 -1,1 -1,1 1,-1 -1,1 1,1 -1,-1 1,1 1,1 -1,1 -1,1 
1,1 1,-1 1,-1 1,1 1,1 1,-1 1,-1 -1,1 -1,1 1,-1 -1,-1 

-1,1 -1,1 -1,1 1,-1 1,-1 1,-1 1,-1 -1,1 1,-1 -1,1 -1,1 
-1,-1 -1,-1 -1,-1 -1,-1 -1,-1 -1,-1 -1,-1 1,1 1,1 1,1 -1,-1 
1,-1 1,-1 1,-1 1,1 -1,1 -1,1 -1,1 1,-1 -1,-1 1,-1 1,-1 
1,1 1,1 1,1 -1,1 1,1 1,1 1,1 -1,-1 -1,1 -1,-1 1,1 

-1,1 -1,-1 1,1 -1,1 1,1 -1,-1 -1,-1 -1,-1 1,1 -1,-1 -1,1 
1,1 1,-1 1,-1 1,-1 1,-1 1,-1 1,-1 1,-1 1,-1 1,-1 1,-1 
1,-1 1,1 -1,-1 -1,-1 -1,-1 1,1 1,1 1,1 -1,-1 -1,1 1,1 
-1,-1 -1,1 -1,1 1,1 -1,1 -1,1 -1,1 -1,1 -1,1 1,1 -1,-1 

-1,1 1,-1 1,-1 -1,1 1,1 1,1 -1,-1 -1,-1 1,-1 -1,1 -1,1 
-1,-1 1,1 1,1 -1,-1 -1,-1 -1,1 -1,1 -1,1 1,1 -1,-1 -1,-1 
1,1 -1,-1 -1,1 1,-1 1,-1 1,-1 1,-1 1,-1 -1,-1 1,1 1,1 
1,-1 -1,1 -1,-1 1,1 -1,1 -1,-1 1,1 1,1 -1,1 1,-1 1,-1 

-1,1 -1,1 -1,1 1,-1 -1,1 -1,1 1,1 1,1 1,1 1,1 1,1 
1,-1 -1,-1 -1,-1 1,1 1,1 1,-1 -1,-1 1,-1 -1,-1 -1,1 -1,-1 
1,1 1,-1 1,-1 -1,1 1,-1 1,1 -1,1 -1,1 -1,1 1,-1 -1,1 
-1,-1 1,1 1,1 -1,-1 -1,-1 -1,-1 1,-1 -1,-1 1,-1 -1,-1 1,-1 

1,1 1,1 1,1 1,1 1,1 -1,-1 1,1 -1,1 -1,1 -1,1 -1,-1 
-1,-1 -1,1 1,-1 -1,-1 1,-1 1,-1 1,-1 1,-1 1,-1 1,-1 1,1 
1,-1 -1,-1 -1,-1 1,-1 -1,-1 -1,1 -1,1 1,1 -1,-1 -1,-1 -1,1 
-1,1 1,-1 -1,1 -1,1 -1,1 1,1 -1,-1 -1,-1 1,1 1,1 1,-1 

1,-1 -1,1 -1,-1 -1,-1 1,-1 -1,-1 1,1 1,-1 -1,1 -1,1 -1,-1 
1,1 1,1 1,1 -1,1 -1,1 -1,1 -1,1 -1,-1 -1,-1 1,1 1,-1 
-1,1 -1,-1 1,-1 1,1 1,1 1,-1 1,-1 1,1 1,-1 1,-1 1,1 
-1,-1 1,-1 -1,1 1,-1 -1,-1 1,1 -1,-1 -1,1 1,1 -1,-1 -1,1 

-1,-1 1,-1 -1,-1 -1,-1 -1,-1 -1,-1 -1,-1 -1,1 1,1 1,1 1,-1 
-1,1 -1,1 -1,1 1,-1 -1,1 -1,1 1,-1 1,-1 1,-1 -1,1 -1,1 
1,-1 -1,-1 1,-1 1,1 1,1 1,-1 -1,1 1,1 -1,1 -1,-1 -1,-1 
1,1 1,1 1,1 -1,1 1,-1 1,1 1,1 -1,-1 -1,-1 1,-1 1,1 

1,1 -1,1 1,1 1,1 1,-1 1,1 -1,-1 1,1 -1,-1 -1,-1 -1,-1 
-1,-1 -1,-1 -1,-1 -1,-1 -1,-1 -1,1 -1,1 1,-1 1,-1 -1,1 1,-1 
-1,1 1,-1 1,-1 -1,1 1,1 1,-1 1,-1 -1,1 1,1 1,-1 1,1 
1,-1 1,1 -1,1 1,-1 -1,1 -1,-1 1,1 -1,-1 -1,1 1,1 -1,1 

-1,-1 -1,1 -1,-1 -1,1 -1,1 1,-1 -1,1 -1,1 -1,1 -1,-1 -1,-1 
1,-1 1,1 1,1 1,-1 -1,-1 1,1 1,1 -1,-1 1,-1 1,1 1,1 
1,1 1,-1 1,-1 1,1 1,1 -1,-1 1,-1 1,1 -1,-1 -1,1 -1,1 
-1,1 -1,-1 -1,1 -1,-1 1,-1 -1,1 -1,-1 1,-1 1,1 1,-1 1,-1 

-1,1 -1,1 -1,-1 -1,1 -1,1 -1,1 -1,-1 1,1 1,1 1,1 1,1 
1,1 1,-1 1,-1 1,1 1,-1 1,-1 1,-1 1,-1 -1,1 -1,-1 -1,-1 
1,-1 -1,-1 1,1 1,-1 -1,-1 -1,-1 1,1 -1,-1 -1,-1 -1,1 -1,1 
-1,-1 1,1 -1,1 -1,-1 1,1 1,1 -1,1 -1,1 1,-1 1,-1 1,-1 

1,-1 1,-1 -1,-1 1,1 1,-1 -1,-1 -1,-1 -1,-1 1,1 1,1 1,1 
-1,1 -1,1 -1,1 -1,1 -1,1 1,1 1,1 -1,1 1,-1 -1,-1 -1,-1 
-1,-1 1,1 1,1 1,-1 1,1 -1,1 -1,1 1,1 -1,-1 -1,1 -1,1 
1,1 -1,-1 1,-1 -1,-1 -1,-1 1,-1 1,-1 1,-1 -1,1 1,-1 1,-1 

1,1 -1,1 1,1 1,-1 -1,-1 1,1 -1,-1 1,1 -1,-1 1,-1 -1,-1 
-1,-1 -1,-1 -1,-1 -1,-1 1,1 -1,-1 1,1 1,-1 1,1 -1,-1 1,-1 
-1,1 1,1 -1,1 1,1 -1,1 -1,1 1,-1 -1,1 -1,1 -1,1 1,1 
1,-1 1,-1 1,-1 -1,1 1,-1 1,-1 -1,1 -1,-1 1,-1 1,1 -1,1 

-1,1 1,1 -1,1 1,1 -1,1 -1,-1 -1,1 1,-1 1,1 1,-1 -1,1 
-1,-1 -1,1 1,-1 -1,-1 1,1 -1,1 1,-1 1,1 1,-1 -1,1 1,-1 
1,1 1,-1 -1,-1 -1,1 -1,-1 1,-1 1,1 -1,-1 -1,-1 -1,-1 1,1 
1,-1 -1,-1 1,1 1,-1 1,-1 1,1 -1,-1 -1,1 -1,1 1,1 -1,-1 

-1,-1 -1,1 -1,-1 1,-1 -1,-1 -1,1 1,1 1,-1 -1,1 1,1 -1,1 
-1,1 1,-1 1,1 -1,-1 -1,1 1,1 1,-1 1,1 1,-1 -1,1 1,-1 
1,-1 -1,-1 1,-1 1,1 1,-1 1,-1 -1,-1 -1,-1 1,1 -1,-1 -1,-1 
1,1 1,1 -1,1 -1,1 1,1 -1,-1 -1,1 -1,1 -1,-1 1,-1 1,1 

-1,-1 -1,1 -1,-1 1,1 1,-1 1,1 -1,1 -1,-1 1,-1 -1,-1 -1,1 
1,1 -1,-1 -1,1 -1,-1 1,1 -1,1 1,-1 -1,1 -1,-1 -1,1 1,1 
1,-1 1,-1 1,-1 -1,1 -1,-1 -1,-1 -1,-1 1,1 -1,1 1,1 1,-1 
-1,1 1,1 1,1 1,-1 -1,1 1,-1 1,1 1,-1 1,1 1,-1 -1,-1 

1,1 -1,1 1,1 -1,-1 -1,1 -1,-1 1,-1 -1,-1 -1,1 1,-1 1,1 
1,-1 1,1 -1,1 1,-1 -1,-1 1,1 -1,-1 1,1 1,-1 1,1 1,-1 
-1,1 1,-1 1,-1 1,1 1,-1 -1,1 1,1 -1,1 1,1 -1,-1 -1,-1 
-1,-1 -1,-1 -1,-1 -1,1 1,1 1,-1 -1,1 1,-1 -1,-1 -1,1 -1,1 

-1,-1 1,1 -1,1 1,-1 -1,1 -1,-1 1,-1 -1,-1 1,1 -1,-1 -1,1 
-1,1 -1,-1 1,-1 1,1 1,-1 1,1 -1,-1 -1,1 -1,-1 -1,1 1,-1 
1,-1 1,-1 1,1 -1,1 -1,-1 1,-1 1,1 1,-1 -1,1 1,1 1,1 
1,1 -1,1 -1,-1 -1,-1 1,1 -1,1 -1,1 1,1 1,-1 1,-1 -1,-1 

1,1 -1,-1 -1,1 1,1 -1,-1 1,-1 1,1 1,-1 -1,-1 -1,1 1,1 
-1,-1 -1,1 1,1 -1,-1 1,-1 1,1 1,-1 -1,-1 -1,1 1,-1 -1,1 
1,-1 1,-1 -1,-1 -1,1 -1,1 -1,1 -1,-1 1,1 1,1 -1,-1 1,-1 
-1,1 1,1 1,-1 1,-1 1,1 -1,-1 -1,1 -1,1 1,-1 1,1 -1,-1 

-1,1 1,-1 -1,-1 1,-1 -1,1 1,-1 1,1 1,-1 -1,1 -1,-1 -1,1 
1,-1 1,1 1,-1 -1,1 1,-1 -1,1 -1,-1 1,1 -1,-1 1,1 -1,-1 
-1,-1 -1,-1 -1,1 1,1 -1,-1 1,1 -1,1 -1,1 1,1 -1,1 1,1 
1,1 -1,1 1,1 -1,-1 1,1 -1,-1 1,-1 -1,-1 1,-1 1,-1 1,-1 

1,1 -1,1 -1,-1 -1,1 1,1 -1,1 1,1 1,-1 -1,1 1,1 -1,1 
-1,1 1,-1 -1,1 1,1 1,-1 1,1 1,-1 -1,-1 1,1 1,-1 1,1 
-1,-1 -1,-1 1,-1 1,-1 -1,1 -1,-1 -1,-1 -1,1 -1,-1 -1,1 -1,-1 
1,-1 1,1 1,1 -1,-1 -1,-1 1,-1 -1,1 1,1 1,-1 -1,-1 1,-1 


9 2 5 8 
0 5 6 7 
7 3 1 2 
9 1 6 7 
9 5 1 2 
4 5 0 6 
9 8 0 1 
10 1 6 2 
10 8 3 9 
10 4 2 8 
10 4 1 2 
10 2 1 3 
10 0 7 3 
2 9 6 10 
1 10 6 3 
9 0 8 2 
3 4 6 2 
6 1 7 10 
10 3 0 9 
0 7 6 1 
6 4 2 10 
8 6 0 2 
0 1 5 6 
8 3 10 6 
7 0 6 3 


