253 162 520 999 863 320 779 63 698 446 1018 
311 586 906 692 701 1015 885 322 287 321 877 
490 143 902 166 598 514 933 490 965 397 480 
178 162 468 160 350 813 952 637 923 222 218 

931 852 851 147 237 571 957 919 602 517 41 
845 394 240 480 209 307 726 843 585 960 676 
881 1007 264 964 882 360 180 691 188 320 558 
401 577 340 649 824 192 600 813 514 696 879 

398 58 413 873 691 984 582 44 318 355 499 
639 395 383 594 742 634 565 135 785 521 67 
321 382 51 181 935 93 271 147 643 908 231 
492 567 923 397 819 686 965 170 94 546 563 

838 316 483 448 143 310 889 800 391 977 740 
825 957 550 392 606 817 792 824 955 371 1013 
40 724 126 298 615 964 986 72 175 168 461 
469 66 33 666 435 252 807 405 65 786 452 

220 485 61 118 911 1004 38 571 540 73 820 
70 997 96 370 946 287 174 147 724 719 524 
497 1002 165 354 225 393 534 702 875 553 322 
769 712 848 325 718 1020 127 906 700 982 687 

850 1021 918 504 230 719 179 988 683 211 905 
781 823 242 489 481 780 205 94 365 54 595 
349 32 921 882 498 404 698 805 468 621 891 
449 384 579 867 281 620 296 638 544 916 44 

607 980 501 128 163 155 171 605 968 750 289 
38 921 117 469 542 115 368 848 471 1016 647 
314 518 281 156 64 866 422 190 243 428 399 
118 337 662 825 336 743 238 56 718 234 825 

392 907 603 838 451 813 99 204 267 356 351 
546 402 332 939 101 301 414 46 369 605 439 
75 462 386 408 566 739 896 849 108 405 994 
912 234 793 411 205 609 474 590 910 388 677 

689 317 810 754 572 467 595 281 597 432 254 
717 453 660 753 217 442 160 110 648 446 916 
303 413 370 1000 382 243 237 85 938 302 102 
75 504 179 549 301 427 581 72 66 967 269 

646 210 1005 725 870 168 245 826 572 475 598 
981 461 346 1019 221 830 467 896 874 447 967 
422 1015 882 43 902 354 323 411 536 364 965 
772 239 701 611 466 539 67 163 845 166 880 

366 432 1003 497 167 985 627 727 146 362 467 
140 157 182 179 281 494 741 951 221 128 532 
469 376 135 820 955 366 273 718 407 961 756 
75 317 689 592 505 501 69 53 431 583 1012 

724 474 911 550 325 152 403 910 311 1004 133 
790 558 979 517 587 714 803 452 298 417 1004 
995 680 565 867 397 39 327 83 776 146 787 
674 980 624 128 909 347 985 231 995 701 451 

175 942 221 434 784 665 810 429 538 705 206 
82 571 961 682 210 385 726 682 294 288 931 
97 917 659 346 646 537 437 39 349 203 259 
565 68 671 452 905 670 370 836 659 279 870 

895 854 89 942 787 1024 579 762 723 875 1011 
943 101 439 234 872 584 476 110 734 224 302 
164 661 613 227 267 55 523 96 50 584 891 
951 562 125 633 43 39 158 568 501 807 560 

863 964 194 737 883 565 522 398 351 340 679 
786 93 890 939 995 670 482 344 124 777 215 
581 176 507 543 477 309 160 605 603 97 754 
849 794 267 748 988 1019 183 994 665 851 602 


-1,1	-1,-1	1,1	1,1	1,1	1,1	1,1	1,1	-1,1	1,1	1,-1	
1,1	1,1	1,-1	1,-1	1,-1	1,-1	1,-1	-1,-1	1,-1	1,-1	-1,-1	
-1,-1	1,-1	-1,1	-1,1	-1,-1	-1,-1	-1,1	1,-1	1,1	-1,-1	1,1	
1,-1	-1,1	-1,-1	-1,-1	-1,1	-1,1	-1,-1	-1,1	-1,-1	-1,1	-1,1	

-1,-1	-1,-1	-1,-1	1,-1	1,-1	1,-1	1,-1	1,1	-1,-1	1,-1	-1,1	
1,-1	-1,1	-1,1	-1,1	-1,-1	-1,-1	-1,-1	-1,-1	-1,1	-1,1	1,1	
1,1	1,-1	1,-1	1,1	1,1	1,1	-1,1	1,-1	1,1	1,1	1,-1	
-1,1	1,1	1,1	-1,-1	-1,1	-1,1	1,1	-1,1	1,-1	-1,-1	-1,-1	

-1,-1	1,1	1,-1	-1,1	1,-1	1,-1	-1,1	-1,1	1,-1	1,1	1,1	
1,-1	-1,1	1,1	1,1	-1,-1	-1,1	-1,-1	1,-1	1,1	-1,1	-1,1	
1,1	1,-1	-1,1	1,-1	-1,1	-1,-1	1,-1	-1,-1	-1,1	1,-1	-1,-1	
-1,1	-1,-1	-1,-1	-1,-1	1,1	1,1	1,1	1,1	-1,-1	-1,-1	1,-1	

1,1	-1,1	1,1	1,-1	1,-1	1,1	1,1	-1,1	-1,1	1,1	-1,1	
1,-1	1,1	-1,1	-1,1	-1,1	1,-1	1,-1	-1,-1	1,-1	1,-1	1,1	
-1,-1	-1,-1	1,-1	1,1	1,1	-1,1	-1,1	1,1	-1,-1	-1,-1	-1,-1	
-1,1	1,-1	-1,-1	-1,-1	-1,-1	-1,-1	-1,-1	1,-1	1,1	-1,1	1,-1	

-1,1	-1,-1	1,-1	1,1	1,1	1,-1	-1,-1	-1,1	-1,-1	1,-1	-1,1	
1,1	-1,1	1,1	-1,1	-1,1	1,1	1,1	1,-1	-1,1	-1,1	-1,-1	
-1,-1	1,-1	-1,1	1,-1	-1,-1	-1,-1	-1,1	1,1	1,1	1,1	1,-1	
1,-1	1,1	-1,-1	-1,-1	1,-1	-1,1	1,-1	-1,-1	1,-1	-1,-1	1,1	

1,1	1,1	-1,1	-1,-1	-1,1	1,1	1,-1	1,1	1,1	1,-1	-1,1	
1,-1	1,-1	-1,-1	1,-1	1,-1	1,-1	-1,-1	1,-1	-1,-1	-1,-1	1,-1	
-1,-1	-1,1	1,1	1,1	1,1	-1,1	-1,1	-1,-1	-1,1	1,1	-1,-1	
-1,1	-1,-1	1,-1	-1,1	-1,-1	-1,-1	1,1	-1,1	1,-1	-1,1	1,1	

-1,1	1,-1	-1,-1	-1,-1	-1,-1	-1,-1	-1,-1	-1,1	-1,1	-1,-1	1,-1	
-1,-1	1,1	-1,1	-1,1	-1,1	-1,1	1,-1	1,-1	1,-1	-1,1	1,1	
1,-1	-1,1	1,-1	1,-1	1,-1	1,-1	1,1	1,1	-1,-1	1,-1	-1,1	
1,1	-1,-1	1,1	1,1	1,1	1,1	-1,1	-1,-1	1,1	1,1	-1,-1	

1,-1	1,-1	1,1	1,-1	-1,-1	-1,-1	-1,1	1,1	-1,-1	-1,-1	-1,1	
1,1	-1,-1	-1,-1	-1,1	1,1	1,1	1,1	1,-1	1,-1	-1,1	1,1	
-1,-1	1,1	-1,1	-1,-1	-1,1	1,-1	1,-1	-1,1	-1,1	1,1	1,-1	
-1,1	-1,1	1,-1	1,1	1,-1	-1,1	-1,-1	-1,-1	1,1	1,-1	-1,-1	

-1,-1	-1,-1	1,1	-1,-1	-1,-1	-1,-1	-1,1	-1,1	1,-1	1,-1	-1,1	
1,-1	-1,1	-1,1	-1,1	1,-1	1,1	-1,-1	1,1	-1,-1	-1,1	1,-1	
1,1	1,-1	-1,-1	1,-1	-1,1	-1,1	1,1	1,-1	-1,1	1,1	-1,-1	
-1,1	1,1	1,-1	1,1	1,1	1,-1	1,-1	-1,-1	1,1	-1,-1	1,1	

1,-1	1,-1	1,1	1,1	1,1	-1,-1	-1,-1	1,1	1,1	1,1	1,1	
-1,1	1,1	-1,1	-1,1	-1,1	1,1	1,-1	-1,-1	-1,-1	1,-1	-1,1	
1,1	-1,1	1,-1	1,-1	1,-1	1,-1	-1,1	-1,1	-1,1	-1,-1	1,-1	
-1,-1	-1,-1	-1,-1	-1,-1	-1,-1	-1,1	1,1	1,-1	1,-1	-1,1	-1,-1	

1,1	-1,-1	1,1	-1,-1	-1,-1	1,-1	1,1	-1,-1	-1,-1	-1,-1	1,1	
1,-1	-1,1	-1,1	-1,1	1,-1	-1,1	1,-1	1,-1	-1,1	-1,1	-1,-1	
-1,-1	1,1	-1,-1	1,1	-1,1	1,1	-1,-1	-1,1	1,-1	1,-1	1,-1	
-1,1	1,-1	1,-1	1,-1	1,1	-1,-1	-1,1	1,1	1,1	1,1	-1,1	

1,-1	1,-1	-1,-1	1,1	1,-1	1,1	1,-1	1,-1	1,1	-1,1	1,1	
-1,-1	1,1	-1,1	-1,1	-1,1	-1,1	-1,1	1,1	-1,1	1,-1	-1,1	
1,1	-1,-1	1,1	-1,-1	-1,-1	-1,-1	1,1	-1,1	-1,-1	1,1	-1,-1	
-1,1	-1,1	1,-1	1,-1	1,1	1,-1	-1,-1	-1,-1	1,-1	-1,-1	1,-1	

-1,-1	1,-1	1,1	-1,1	-1,-1	-1,1	-1,-1	-1,-1	-1,-1	-1,-1	1,-1	
1,1	-1,-1	1,-1	1,1	1,1	1,-1	1,1	1,-1	1,-1	1,-1	1,1	
1,-1	1,1	-1,1	1,-1	1,-1	1,1	1,-1	-1,1	1,1	-1,1	-1,-1	
-1,1	-1,1	-1,-1	-1,-1	-1,1	-1,-1	-1,1	1,1	-1,1	1,1	-1,1	

1,-1	1,1	1,1	-1,1	1,-1	-1,1	1,-1	1,-1	1,-1	-1,1	-1,-1	
-1,-1	-1,1	-1,-1	-1,-1	-1,-1	1,1	-1,1	-1,-1	-1,-1	1,-1	1,-1	
1,1	-1,-1	1,-1	1,-1	1,1	1,-1	-1,-1	1,1	-1,1	1,1	-1,1	
-1,1	1,-1	-1,1	1,1	-1,1	-1,-1	1,1	-1,1	1,1	-1,-1	1,1	

-1,1	-1,1	1,1	1,1	-1,1	1,1	1,-1	1,-1	-1,-1	-1,-1	1,1	
1,-1	1,1	1,-1	-1,-1	1,-1	-1,-1	-1,-1	1,1	-1,1	1,-1	-1,1	
1,1	-1,-1	-1,-1	-1,1	1,1	-1,1	1,1	-1,-1	1,1	-1,1	-1,-1	
-1,-1	1,-1	-1,1	1,-1	-1,-1	1,-1	-1,1	-1,1	1,-1	1,1	1,-1	

4 1 3 8 
8 0 7 2 
2 9 7 10 
4 5 9 1 
8 10 3 0 
4 2 6 5 
7 2 9 3 
9 0 1 5 
6 4 1 10 
10 1 0 9 
8 6 4 9 
1 0 9 5 
1 8 9 3 
2 4 6 7 
8 7 10 1 


510 346 503 463 495 483 375 443 414 250 835 
741 177 708 970 520 869 111 370 956 171 158 
645 806 631 776 506 613 820 32 669 927 550 
77 596 967 996 623 496 196 783 1021 424 216 

249 841 943 833 624 584 128 296 320 804 560 
491 661 236 997 785 900 767 659 199 869 979 
192 900 855 421 335 128 667 374 844 904 975 
603 230 578 852 427 293 49 861 316 637 112 

573 689 52 415 355 546 322 97 246 666 219 
668 702 835 309 130 541 63 655 384 887 879 
47 62 524 661 1006 545 902 247 109 89 345 
695 135 212 846 405 194 380 213 673 421 500 

802 728 196 811 343 60 326 942 954 520 747 
354 974 273 964 358 423 371 521 236 614 234 
613 402 759 880 989 219 655 392 301 372 743 
273 368 342 59 512 574 197 681 819 892 596 

984 950 341 535 310 716 447 611 944 231 911 
646 444 989 702 1016 965 318 876 154 897 353 
931 465 400 745 953 163 237 1017 821 799 759 
705 785 616 96 906 218 1019 365 420 481 735 

513 943 449 76 725 403 434 777 398 626 412 
625 197 461 632 54 398 790 815 802 167 784 
809 867 1000 938 999 508 414 614 412 971 227 
769 485 992 529 737 294 563 428 66 236 228 

790 380 500 739 47 819 492 61 110 724 776 
412 519 989 87 265 295 376 94 965 948 493 
984 708 920 92 47 712 113 304 465 99 654 
203 528 1002 637 723 971 200 537 191 63 132 

516 58 600 931 889 620 569 358 557 993 613 
404 635 504 103 605 306 52 602 410 660 262 
270 794 403 269 601 229 70 928 891 304 1015 
535 301 658 351 788 322 235 362 345 562 629 

464 1003 250 714 274 283 693 299 229 692 774 
822 576 187 821 202 696 534 757 666 427 804 
570 852 694 462 253 893 363 331 1019 646 707 
1019 408 472 959 702 780 67 792 864 665 783 

681 170 717 944 214 295 247 140 476 796 763 
611 299 931 132 930 621 649 717 454 752 606 
550 618 964 520 1017 639 610 666 616 1018 614 
766 538 680 544 802 518 777 820 1002 460 504 

796 110 194 964 466 967 734 660 383 132 614 
88 621 612 284 207 744 819 748 443 291 958 
189 908 603 173 364 933 939 528 676 641 491 
223 748 358 238 913 69 543 132 111 995 674 

874 210 812 794 856 787 106 377 1012 152 713 
866 142 701 44 1012 101 711 580 963 690 558 
565 847 749 106 769 33 289 818 362 988 251 
226 48 137 87 588 909 514 152 803 902 942 

831 431 327 395 763 184 914 51 856 448 812 
450 247 980 437 502 134 64 447 245 588 181 
817 405 832 145 636 618 519 461 427 751 849 
268 718 104 991 622 609 486 282 674 603 272 

720 334 581 624 652 250 135 786 364 489 522 
141 465 771 875 284 78 564 126 347 683 742 
874 503 203 61 57 298 422 135 881 503 395 
275 437 697 553 885 479 340 995 796 454 601 

901 814 932 89 379 40 763 939 738 978 379 
251 888 275 115 184 702 644 1003 357 868 439 
509 417 571 257 788 485 737 77 748 761 458 
967 181 927 453 688 1021 646 391 689 796 806 


-1,-1	-1,-1	1,1	-1,-1	1,1	1,1	1,1	-1,1	-1,1	-1,1	1,-1	
1,1	1,-1	-1,-1	1,-1	-1,-1	-1,-1	-1,1	-1,-1	1,-1	-1,-1	1,1	
-1,1	-1,1	1,-1	-1,1	1,-1	-1,1	1,-1	1,-1	1,1	1,-1	-1,1	
1,-1	1,1	-1,1	1,1	-1,1	1,-1	-1,-1	1,1	-1,-1	1,1	-1,-1	

1,-1	1,1	1,1	1,1	-1,1	-1,-1	-1,-1	-1,1	-1,1	1,1	1,1	
-1,-1	1,-1	-1,-1	1,-1	1,-1	1,-1	-1,1	1,1	-1,-1	-1,-1	-1,-1	
1,1	-1,-1	-1,1	-1,-1	-1,-1	-1,1	1,-1	1,-1	1,-1	-1,1	-1,1	
-1,1	-1,1	1,-1	-1,1	1,1	1,1	1,1	-1,-1	1,1	1,-1	1,-1	

1,-1	-1,1	-1,-1	1,1	-1,-1	1,1	1,1	1,1	-1,1	-1,-1	1,-1	
1,1	1,-1	-1,1	1,-1	1,-1	1,-1	-1,1	-1,-1	-1,-1	1,1	-1,-1	
-1,-1	-1,-1	1,-1	-1,-1	1,1	-1,1	-1,-1	-1,1	1,1	-1,1	1,1	
-1,1	1,1	1,1	-1,1	-1,1	-1,-1	1,-1	1,-1	1,-1	1,-1	-1,1	

-1,1	1,-1	1,1	-1,-1	1,1	1,1	1,1	1,1	-1,1	-1,1	-1,-1	
1,1	-1,-1	-1,1	-1,1	-1,-1	-1,-1	-1,-1	-1,-1	1,-1	1,-1	1,-1	
-1,-1	1,1	-1,-1	1,-1	1,-1	1,-1	-1,1	1,-1	1,1	1,1	-1,1	
1,-1	-1,1	1,-1	1,1	-1,1	-1,1	1,-1	-1,1	-1,-1	-1,-1	1,1	

-1,-1	-1,-1	1,-1	1,-1	1,-1	1,-1	-1,1	1,1	1,-1	1,-1	1,1	
1,1	1,1	-1,1	-1,1	-1,1	-1,1	1,1	1,-1	-1,1	-1,-1	-1,-1	
-1,1	-1,1	-1,-1	1,1	1,1	1,1	-1,-1	-1,-1	-1,-1	-1,1	1,-1	
1,-1	1,-1	1,1	-1,-1	-1,-1	-1,-1	1,-1	-1,1	1,1	1,1	-1,1	

1,1	1,1	-1,1	1,1	-1,1	1,1	1,1	1,1	1,-1	-1,1	1,1	
-1,1	1,-1	1,-1	1,-1	1,-1	-1,1	-1,1	1,-1	-1,-1	-1,-1	-1,-1	
-1,-1	-1,1	-1,-1	-1,-1	1,1	-1,-1	-1,-1	-1,1	1,1	1,-1	1,-1	
1,-1	-1,-1	1,1	-1,1	-1,-1	1,-1	1,-1	-1,-1	-1,1	1,1	-1,1	

1,1	1,1	1,1	-1,1	-1,1	1,-1	1,-1	1,1	1,1	1,1	1,1	
-1,1	-1,-1	-1,-1	1,-1	1,1	-1,-1	-1,1	-1,1	-1,-1	-1,-1	-1,1	
-1,-1	1,-1	1,-1	1,1	1,-1	-1,1	-1,-1	-1,-1	-1,1	1,-1	-1,-1	
1,-1	-1,1	-1,1	-1,-1	-1,-1	1,1	1,1	1,-1	1,-1	-1,1	1,-1	

-1,-1	-1,-1	-1,-1	1,1	1,1	1,1	1,-1	1,-1	-1,1	1,1	1,1	
1,-1	-1,1	1,-1	1,-1	1,-1	-1,-1	-1,-1	-1,-1	-1,-1	1,-1	-1,-1	
-1,1	1,1	1,1	-1,1	-1,-1	-1,1	1,1	1,1	1,-1	-1,1	-1,1	
1,1	1,-1	-1,1	-1,-1	-1,1	1,-1	-1,1	-1,1	1,1	-1,-1	1,-1	

-1,1	1,-1	-1,1	-1,1	1,-1	1,1	1,1	-1,-1	-1,1	-1,-1	1,-1	
1,1	-1,-1	-1,-1	-1,-1	-1,-1	1,-1	1,-1	1,-1	1,-1	1,1	1,1	
-1,-1	1,1	1,-1	1,1	1,1	-1,-1	-1,-1	-1,1	-1,-1	1,-1	-1,-1	
1,-1	-1,1	1,1	1,-1	-1,1	-1,1	-1,1	1,1	1,1	-1,1	-1,1	

1,-1	1,-1	1,-1	1,1	1,-1	-1,-1	1,1	1,1	1,1	1,1	1,1	
1,1	-1,1	-1,-1	1,-1	-1,1	1,-1	1,-1	-1,1	-1,1	-1,-1	-1,1	
-1,-1	1,1	1,1	-1,-1	-1,-1	-1,1	-1,1	1,-1	1,-1	1,-1	-1,-1	
-1,1	-1,-1	-1,1	-1,1	1,1	1,1	-1,-1	-1,-1	-1,-1	-1,1	1,-1	

-1,-1	-1,-1	1,-1	1,1	-1,-1	1,1	1,1	1,1	1,-1	1,1	1,-1	
-1,1	-1,1	-1,1	1,-1	1,1	-1,-1	1,-1	-1,1	1,1	1,-1	-1,-1	
1,1	1,1	1,1	-1,-1	-1,1	1,-1	-1,1	1,-1	-1,-1	-1,1	-1,1	
1,-1	1,-1	-1,-1	-1,1	1,-1	-1,1	-1,-1	-1,-1	-1,1	-1,-1	1,1	

1,-1	1,-1	-1,-1	-1,-1	1,1	1,1	1,-1	-1,-1	1,1	-1,-1	1,-1	
-1,-1	1,1	1,-1	-1,1	-1,1	-1,1	1,1	-1,1	1,-1	1,-1	-1,-1	
-1,1	-1,1	1,1	1,-1	-1,-1	-1,-1	-1,1	1,1	-1,-1	1,1	-1,1	
1,1	-1,-1	-1,1	1,1	1,-1	1,-1	-1,-1	1,-1	-1,1	-1,1	1,1	

1,1	-1,1	1,-1	1,1	1,-1	1,-1	1,-1	1,1	1,-1	1,1	1,1	
-1,1	1,1	-1,1	1,-1	-1,-1	-1,1	-1,1	-1,-1	-1,-1	-1,-1	1,-1	
-1,-1	1,-1	1,1	-1,-1	1,1	1,1	1,1	1,-1	1,1	-1,1	-1,1	
1,-1	-1,-1	-1,-1	-1,1	-1,1	-1,-1	-1,-1	-1,1	-1,1	1,-1	-1,-1	

-1,1	-1,1	-1,-1	-1,-1	1,1	1,1	-1,1	-1,-1	-1,-1	1,-1	1,-1	
1,1	1,-1	1,1	1,-1	-1,1	-1,-1	1,1	-1,1	-1,1	-1,1	-1,-1	
1,-1	1,1	1,-1	-1,1	-1,-1	1,-1	1,-1	1,1	1,-1	-1,-1	1,1	
-1,-1	-1,-1	-1,1	1,1	1,-1	-1,1	-1,-1	1,-1	1,1	1,1	-1,1	

1,-1	-1,1	1,1	1,1	-1,1	1,1	1,-1	-1,-1	-1,-1	-1,-1	-1,-1	
1,1	1,-1	-1,1	-1,-1	1,-1	-1,-1	1,1	-1,1	1,1	-1,1	-1,1	
-1,1	-1,-1	-1,-1	-1,1	1,1	1,-1	-1,-1	1,-1	1,-1	1,1	1,1	
-1,-1	1,1	1,-1	1,-1	-1,-1	-1,1	-1,1	1,1	-1,1	1,-1	1,-1	

6 1 5 7 
10 3 2 5 
5 8 6 7 
9 3 10 4 
6 2 10 0 
1 8 3 4 
4 7 10 3 
2 7 5 4 
3 6 9 10 
3 1 8 7 
10 7 1 2 
5 3 10 2 
2 6 10 7 
1 2 6 3 
3 5 4 0 


-1,-1	1,1	-1,1	1,-1	
-1,-1	1,-1	1,1	-1,1	
1,1	1,-1	-1,-1	-1,1	
-1,-1	1,1	1,-1	-1,1	
1,1	-1,-1	-1,1	1,-1	
1,1	-1,-1	1,-1	-1,1	
-1,1	-1,-1	1,-1	1,1	
-1,1	1,1	-1,-1	1,-1	
-1,-1	1,1	-1,1	1,-1	
-1,-1	-1,1	1,-1	1,1	
1,-1	1,1	-1,-1	-1,1	
-1,1	1,-1	1,1	-1,-1	
1,-1	-1,1	-1,-1	1,1	
-1,1	1,-1	1,1	-1,-1	
1,-1	1,1	-1,1	-1,-1	


397 480 646 95 
129 865 225 311 
240 261 62 311 
49 551 955 574 
407 688 915 432 
401 175 664 394 
159 81 505 351 
648 56 487 259 
181 55 864 859 
865 366 653 385 
458 565 207 780 
555 438 743 391 
230 784 555 107 
917 290 1015 667 
233 339 405 808 

1	-1	1	-1	
1	-1	1	-1	
1	-1	1	-1	
-1	1	1	-1	
1	1	-1	-1	
1	-1	1	-1	
-1	-1	1	1	
1	-1	-1	1	
-1	-1	1	1	
-1	-1	1	1	
1	-1	-1	1	
1	-1	1	-1	
-1	1	1	-1	
-1	-1	1	1	
1	-1	-1	1	

9 1 3 0 
0 2 1 9 
8 5 0 2 
6 3 7 5 
8 0 7 5 
2 9 0 1 
1 8 0 3 
4 6 2 9 
8 3 4 5 
7 1 10 8 
10 2 7 3 
2 6 4 0 
0 1 7 8 
3 7 5 10 
4 6 3 1 

2	12	1	13	6	8	3	11	4	10	5	9	0	14	7	
