1169916806.4250 2088981299.1464 1957131613.4617 1961336176.0613 1642133565.1705 1954174509.7636 2134274517.0790 1342105704.8704 1770076016.4633 1984573059.6168 1124440616.5488 
1272917151.9730 1283786442.0153 2068233518.8129 1622446467.7702 1395594990.6649 1349230068.1983 1664739822.1231 2048612183.7765 1608882761.6938 1639840776.7378 1249864108.6635 
1601703796.3897 1117946201.5665 1306452684.1765 1720765803.8837 1372283578.6266 1192519460.6086 1258603679.7698 1396466751.5977 1378713890.5485 1230208785.4697 1145020991.1346 
1145975143.4244 1239674962.4792 1112275544.1899 1854345648.8061 2127783325.2754 1260302435.9917 1625893022.1065 1729839817.4502 1727415591.9739 1168575360.9806 1500603842.5998 
1623105312.2914 1284484809.7178 1600146436.3427 1784218806.4986 1586801728.9330 1122863589.4420 1897424838.2122 1560979535.4012 1728465049.9120 1993357582.4622 1608296108.7503 
1558177228.5704 1301740254.0827 1465259271.2645 2142843618.1558 1539492510.6192 1349416957.3936 1732293606.6487 1820614075.2650 1980082319.1421 2042500750.7576 1868287716.6051 
1528834509.3334 1471100794.0935 1100900513.9033 1098364715.5769 1613550628.7106 1426223012.5713 1927075472.4427 1301502212.2163 1567487477.9967 1572948153.2007 1811895833.6605 
1402029426.3716 1304967771.5153 1493484425.0506 1771673062.2106 1766394929.4127 1894502090.7234 2116209352.0438 1671655664.2927 1103349176.0221 1277443853.4078 1934247112.0487 
1510216497.5386 1358714314.2774 1249877261.4640 1851944583.2257 1386779348.2937 1242409940.1043 1951880074.8768 1405913837.4436 2016169225.5785 1746017544.9109 1711380062.0719 
1924697081.1848 1608058708.8877 1405909497.5706 1213009178.2966 1656741178.5007 1103924231.2963 1338710622.4654 1463815704.1069 1906155559.6375 1120753948.3211 1873982611.6795 
1296922546.1877 1134032172.2509 1262872127.5307 1703460765.2901 1398005417.7150 1856166277.5353 2011648290.9162 1263971608.5795 1271484629.4927 1624988696.6216 1781311858.9206 
1706205455.7934 1435602618.7309 1125837234.6047 1364401957.9886 1348096413.0691 1726549896.8083 2015743490.4943 1230116529.5985 1896247416.6122 1733160030.3466 1671976554.4075 
1448744562.8551 1794628602.0813 1533313677.8541 1293311790.4835 1580717850.4078 1292038562.9849 1518112145.3847 1376126370.0878 1824320660.2721 1963900252.1362 1396613858.0093 
1515361459.3271 2122771273.2553 1831235589.7973 2031751996.3181 2099735118.6969 1164969670.3873 1386574979.7742 1787387537.0124 1159864346.8351 1470444248.8961 1150042552.3107 
1203884157.2789 1486875343.9267 1994154461.6927 2040107263.8892 1898504051.4009 1253297194.0610 1544100502.2047 1370231465.9768 1537682481.8695 1969749849.8054 1647177515.0237 
1869855345.1609 1282990987.8733 1510468376.0680 1446268980.8302 1480202786.4136 2091203338.5612 1229127670.6742 1338166733.3533 1558186017.4382 1344370158.6912 1136016546.5953 
1762328938.5263 1974495811.9759 1453604222.4871 1497758154.3383 1470560003.8779 1486481325.5300 1302713070.4650 1745890665.6395 1962588797.8128 1774183570.0970 1989017751.7682 
2100810434.2439 1427877638.5480 1592592384.0809 1158015878.7946 1702000061.6450 2026095032.8679 1098155994.4906 2119394860.5482 1118037075.2080 1948960094.9861 2027347754.1695 
1560443488.2254 1864356140.3433 1934801782.4415 1790931832.6411 1783914027.6552 1682294987.6367 1276285196.4504 1549854847.6226 1110990637.2710 1156951039.6005 1558572676.1776 
1923386830.2566 1568432542.0963 1848285048.8536 1228373207.0053 1282775300.8970 1529986350.3981 1723285409.8431 1158033967.6465 1459441186.0607 2073847259.0571 1640871259.2226 
2084741842.5059 1461193524.3203 1353579567.6007 1758713293.2514 2090436525.2865 1332833264.2694 1095639203.2657 1858779192.6081 2139866167.4852 1928520644.6789 1791915399.4835 
1199091114.3083 1970713962.8652 1340750853.2838 1405921950.5206 1299071189.4742 1807264411.6940 1530730902.2442 1128942618.1167 1959096624.8464 1459653684.4730 1177645940.8855 
1565835034.6503 2081855495.2421 1963785105.1988 2080176541.2447 1114339096.7675 2136884276.7194 1325388866.2798 1853749442.2091 1590793286.1092 1433811203.4710 1626745333.0509 
1952641439.3282 1840351342.3069 1862338166.5036 1212194112.4751 1702201908.1640 1901872637.3319 2008373996.6280 1357903972.5411 2121069481.4333 1926670332.0673 1762658828.9751 
2117731775.6912 2143687984.1473 1616851942.7995 1515399565.9917 2145304328.5745 1360028729.7105 1769143531.7347 2094936998.4216 1899807688.0198 1171161739.6872 1657284108.4877 
1772471473.1681 1158590857.0953 1487509127.4452 1950671427.6124 1795049111.3467 1296066531.9242 1803661416.6751 1404545232.4283 1426595461.3182 2038502471.9614 1416735520.8925 
1611530473.3962 1885408162.6885 1741144445.0220 1077012396.8424 2015157336.9735 1584660978.8413 1079983745.6478 1317786522.5789 1822689374.6814 1422156885.8646 1312636776.5474 
1396759361.9809 2104472022.5145 1969860536.7097 1696905081.4363 2099962965.5615 1144386159.6514 1508140511.7932 1129671913.8166 1780796994.3880 1410876122.9888 2142451799.0328 
1529587312.5434 1701518131.6998 2012695086.5837 1617679817.1015 2117962281.5321 1605515114.4501 1847296580.5746 1313973637.3489 1909996918.9217 2048666040.2491 1962975182.4451 
1190651483.0775 2056069153.3930 1124155012.1034 1736314627.6693 1194444828.1518 1576606562.6346 2013226605.9801 1401610667.5602 2093899481.9727 1771381411.2803 1492698691.3752 
1315485510.6363 1760474876.6149 1513731086.5362 1924130228.8104 1697641998.5347 1954417471.1933 1314609957.2171 2037949074.5209 2097243115.1952 1962899370.6271 1957744003.1986 
1661358693.5747 1695742348.9859 1538928193.4390 1327960187.4571 1589493148.5871 2054365289.3736 1120167633.7646 1847168558.5658 1892261639.8855 1250313341.2028 1849052936.6360 
1707890812.9617 1719095375.6852 1577642258.2445 1144053710.2763 1138989572.3476 1114568908.6910 2055642301.4423 1978476422.0583 1743215089.4105 2145516105.5431 1742623547.2242 
1874345217.6610 2137034128.8081 1756235997.8538 1079729747.4570 1530641489.7892 1939655597.1719 1841155523.1756 2129136951.0459 1195906019.0257 1075009802.6033 1402461406.2298 
1579745156.6521 1396124443.4692 1513610843.9951 2069105122.0044 1185493335.6848 1525002226.5289 1549291181.6734 1371069148.1018 1188603310.6004 1883442264.7025 2010363572.8869 
1341049709.5966 1099289877.0740 2037432148.3460 1306018680.9126 1087972168.8977 1300976013.0836 1313328407.6418 1637172832.6178 1351547820.8779 1886107135.4689 1445633071.2172 
1202985782.6786 2142600407.5064 1816038596.9733 1289480328.1896 1360378541.7161 1762155485.4659 1708279143.3705 2009088410.4945 1223425351.0072 1209136167.1047 1944153847.4568 
1672113967.2232 1453215874.9348 1774395004.5566 1186862077.1759 2017741833.7000 1483887633.9746 1425042906.7797 1856177418.1407 1789875096.7968 1461099211.0842 1947545312.9157 
1393872794.5069 1665792762.5146 1830959272.8145 1759007924.9016 1394280959.4441 1926277064.4516 1682990207.8230 1708085944.2936 2075378070.5442 1767087726.3209 1862316080.6155 
1977581057.5151 1172173606.3713 2046636137.7696 1136201958.7883 1084529842.8461 1412413851.2464 1798609204.2474 1851843823.8044 2070185071.6416 1547422323.4739 1483439104.5801 

-1,1 1,-1 -1,1 1,1 -1,-1 1,1 -1,1 1,1 1,-1 1,1 1,-1 
1,-1 -1,-1 1,1 1,-1 1,1 -1,1 1,1 1,-1 1,1 1,-1 -1,1 
1,1 -1,1 -1,-1 -1,-1 -1,1 -1,-1 -1,-1 -1,1 -1,1 -1,1 1,1 
-1,-1 1,1 1,-1 -1,1 1,-1 1,-1 1,-1 -1,-1 -1,-1 -1,-1 -1,-1 

-1,-1 -1,1 -1,-1 -1,1 1,1 -1,1 1,-1 1,1 -1,-1 -1,1 1,1 
1,-1 1,1 -1,1 1,1 -1,1 -1,-1 1,1 -1,1 1,1 1,-1 -1,1 
1,1 -1,-1 1,1 -1,-1 1,-1 1,1 -1,1 1,-1 -1,1 1,1 -1,-1 
-1,1 1,-1 1,-1 1,-1 -1,-1 1,-1 -1,-1 -1,-1 1,-1 -1,-1 1,-1 

-1,-1 -1,-1 1,-1 -1,-1 1,-1 -1,-1 -1,-1 1,-1 -1,1 -1,-1 1,1 
1,-1 1,1 -1,1 -1,1 1,1 -1,1 1,1 1,1 1,1 1,-1 -1,1 
1,1 1,-1 -1,-1 1,1 -1,1 1,1 1,-1 -1,-1 1,-1 1,1 -1,-1 
-1,1 -1,1 1,1 1,-1 -1,-1 1,-1 -1,1 -1,1 -1,-1 -1,1 1,-1 

1,-1 1,1 1,-1 -1,-1 -1,-1 1,-1 -1,-1 1,1 1,1 1,1 1,1 
-1,1 -1,-1 -1,1 1,1 1,1 1,1 -1,1 1,-1 -1,1 -1,1 -1,-1 
-1,-1 -1,1 -1,-1 1,-1 1,-1 -1,1 1,1 -1,-1 1,-1 -1,-1 1,-1 
1,1 1,-1 1,1 -1,1 -1,1 -1,-1 1,-1 -1,1 -1,-1 1,-1 -1,1 

-1,-1 -1,1 1,-1 -1,1 1,-1 -1,-1 1,-1 1,1 1,-1 -1,1 -1,-1 
1,-1 1,1 -1,1 1,-1 1,1 1,-1 1,1 -1,1 -1,-1 1,1 -1,1 
-1,1 1,-1 1,1 1,1 -1,-1 1,1 -1,-1 1,-1 -1,1 -1,-1 1,-1 
1,1 -1,-1 -1,-1 -1,-1 -1,1 -1,1 -1,1 -1,-1 1,1 1,-1 1,1 

-1,1 -1,-1 1,1 -1,1 1,1 -1,1 1,1 1,-1 -1,1 1,1 -1,1 
1,-1 1,1 1,-1 1,1 -1,1 1,-1 -1,1 -1,-1 1,-1 -1,1 1,1 
-1,-1 1,-1 -1,1 1,-1 -1,-1 -1,-1 -1,-1 1,1 1,1 -1,-1 1,-1 
1,1 -1,1 -1,-1 -1,-1 1,-1 1,1 1,-1 -1,1 -1,-1 1,-1 -1,-1 

-1,-1 -1,-1 1,-1 -1,1 1,1 1,1 -1,1 -1,-1 1,-1 -1,-1 1,-1 
1,1 1,1 1,1 -1,-1 1,-1 -1,-1 1,-1 1,1 1,1 -1,1 -1,1 
1,-1 1,-1 -1,-1 1,1 -1,1 1,-1 -1,-1 -1,1 -1,1 1,1 -1,-1 
-1,1 -1,1 -1,1 1,-1 -1,-1 -1,1 1,1 1,-1 -1,-1 1,-1 1,1 

-1,-1 -1,-1 -1,-1 -1,1 1,-1 1,-1 1,-1 1,-1 1,-1 1,1 1,1 
1,1 1,-1 1,1 1,1 -1,-1 1,1 -1,1 1,1 -1,-1 -1,1 -1,1 
1,-1 1,1 -1,1 1,-1 -1,1 -1,-1 -1,-1 -1,-1 1,1 1,-1 -1,-1 
-1,1 -1,1 1,-1 -1,-1 1,1 -1,1 1,1 -1,1 -1,1 -1,-1 1,-1 

-1,1 1,-1 -1,1 1,1 -1,-1 1,1 1,-1 -1,-1 -1,1 -1,-1 1,1 
1,-1 -1,-1 1,1 -1,-1 1,1 -1,1 1,1 -1,1 1,1 1,-1 -1,-1 
1,1 1,1 1,-1 1,-1 1,-1 1,-1 -1,1 1,-1 -1,-1 1,1 -1,1 
-1,-1 -1,1 -1,-1 -1,1 -1,1 -1,-1 -1,-1 1,1 1,-1 -1,1 1,-1 

-1,-1 1,-1 -1,-1 1,1 1,-1 -1,1 1,1 -1,1 1,1 1,-1 1,1 
1,1 -1,-1 1,1 1,-1 -1,1 1,1 -1,1 1,-1 -1,-1 1,1 1,-1 
1,-1 1,1 -1,1 -1,1 1,1 1,-1 1,-1 -1,-1 -1,1 -1,-1 -1,1 
-1,1 -1,1 1,-1 -1,-1 -1,-1 -1,-1 -1,-1 1,1 1,-1 -1,1 -1,-1 


0 10 3 4 
4 1 6 7 
7 3 8 9 
0 4 1 2 
3 0 8 4 
0 5 10 8 
7 9 0 8 
5 9 4 0 
6 0 9 5 
8 5 7 1 


