2016796599.3376 1364902841.4661 1579396309.7046 1261304606.1134 2109384871.9001 1520910538.7414 1357538209.9718 1927289758.8902 1886130885.9379 1635121217.5796 1567968341.0227 
1906709820.2750 1550734131.0593 1125466355.6661 1142505158.3793 1987450319.5182 2018465561.3999 1656410623.7995 1301942044.3937 1628550284.9959 1583307946.1105 1289715978.2538 
1243436956.9515 2047583607.5037 1368413672.9198 1600985724.2017 1971340012.7414 1698302876.5165 1804850559.2263 1919954041.2150 1628084931.7856 1574018389.9598 1902090326.6206 
1642363535.9908 1548102913.6853 2134625634.0131 1671872143.4255 1465929122.0540 1539240699.8361 2075330600.0989 1413671939.6202 1108361474.9508 1758420499.5838 2143819553.5447 
1318388442.5513 1233074405.3432 1824611133.1949 1126739004.1298 1934440688.5771 1777892808.8029 1116611903.4855 2007793474.8870 1327668362.4696 1557227465.7731 1893843977.7009 
1625792240.4364 1426261554.3787 1346032140.2032 1931540829.8434 1835835869.6615 1151864274.0022 1669292936.4698 2144655564.0003 1258332908.0383 1933399722.9786 1134929020.5571 
1194130137.4857 2096107422.1555 1865769379.1483 1433168427.0348 1843468511.2222 1895685248.9308 1154378884.4078 1246693024.7565 2010569027.4525 1406535205.2656 1600790158.0547 
1286129506.0727 1973825584.0627 1864478794.6243 1152831929.6732 1304056355.7029 1182704259.1280 1624275921.2930 1968760038.5167 1540619858.1779 1986400826.3099 1903230236.0789 
2016698674.7608 1854239148.6554 1397196199.7615 1328216792.7104 2135225603.1037 1876343654.8115 1167428852.0455 2020410348.6109 1614297575.9809 1976494595.4297 1583670985.7514 
1102538299.4207 1489470772.2590 1690081174.2223 1813757792.8885 1475563896.0125 1241211386.4639 1787895538.3437 2005293034.0982 1373790970.9432 1354254180.0567 1836245467.1034 
1257475308.8062 1556357877.4156 1361515564.8995 1882966046.4772 1661625194.3351 1451592888.3442 1516342389.1142 1827542256.6575 1130957641.0738 1247157707.4536 1598765065.2057 
1814401444.7155 1605301812.6707 1401655885.4901 1826976408.0780 1216611898.2250 1270407039.8371 1110974955.2093 1638859983.4265 1448258967.6722 1455321299.9648 1661869708.4296 
1088088412.9194 1255116315.4506 2013269154.8787 2048749933.4959 1244490694.9325 1759396463.9823 1524563118.1063 1848124562.0151 2076616938.0393 1532480407.7982 1308932465.9766 
1805284826.8701 2105523391.2866 1297726927.3121 1270039360.6729 1651763768.3353 1099453863.8371 1868844672.9724 1155391310.3445 1840898815.2335 1620720708.5633 1348934117.1150 
1149475262.3270 2123359911.6954 1200532336.3168 1227906391.9529 1685273754.1184 2042518015.4769 1868099364.2400 1731831110.0483 1106784390.4805 1314224520.3273 2113798962.5750 
2093864881.8213 1184605883.4630 1441396128.5055 1106478346.4288 1634555020.2304 1854008459.3578 1782006030.3144 1241709088.7936 1113592811.1110 1612912618.3907 1447736255.5980 
1712340967.6133 1817008286.6049 1959528840.4027 1826596777.1974 1598755371.6098 1682225188.5166 1766247551.8604 1442731511.1492 1665629598.4008 1333463350.5742 1350717257.4345 
1916810897.4972 1319262673.8985 1185475607.1409 1594415134.4548 1165184085.5667 1762051150.3019 1718746156.5637 1447490870.8902 2068018770.0240 1530755223.5041 1550524419.1997 
2086192387.4196 1278943534.0031 1195279601.0975 1852027227.4244 2050272991.5584 1632183980.7136 1228167130.2183 1611343981.5902 1500112012.3701 2060952859.8499 2092563631.2269 
2016562117.5537 2056670693.2752 1641869597.7934 1522333412.2955 1643148221.3737 1107993350.9166 1293012656.7693 1883621441.3488 2109719326.8818 1458490539.3008 2065933918.1096 
1915829415.0460 1239481025.6428 2091487025.5840 1359061105.5155 1509911668.4203 1289088828.8268 1548239849.8271 1616131110.1019 2132432373.4248 1240741889.3587 1579761740.4754 
1230077928.9443 2058616034.4613 1465975889.3545 1813556162.4576 1411156135.3744 1551684283.6741 2109547945.5188 1291695990.8042 1167729183.8773 2035418281.4754 1209326899.0613 
1869868355.8803 1150193886.3514 1503739141.7425 1184218669.4207 1928664317.4288 1638662146.9652 1500606060.1726 2020486869.6789 1406177425.8859 1690331477.8380 1531910212.5850 
1976563029.1358 1779574956.9695 1175129653.2052 1797586536.6727 1880352108.3272 1397778112.6317 1433253984.8625 2079859115.6119 1225642661.8869 1605487586.3273 1906927895.4147 
1913483236.1039 1891783595.3882 1430349768.1291 1477559140.3215 1203771992.5445 1624299097.1769 2011232983.2376 1917411879.9377 1123332172.4196 1621218689.1223 1893339321.0194 
1841008602.6872 1919536345.2008 2040495748.9006 1948745917.4881 1094008339.6240 1477486120.4893 1582757072.3260 1831943619.9474 1387805414.7597 1139607548.5390 1535831244.4198 
1570151064.4447 2026000853.4689 1962841283.5588 1666760243.4730 1424677998.0080 1304350053.7709 1077629958.3288 1314545899.1542 1935658254.4243 1645947810.7092 1774870416.4483 
1493816344.1825 1537817873.0905 1107413585.5619 1280680038.7204 1252831193.7417 1309434837.3390 1452960422.9737 1578852126.8752 2059813946.5981 1884456364.1196 1806754401.1340 
2134455805.8150 1961237679.8658 1758138593.5077 1517389366.2550 1910900630.4291 1429824695.7456 1745425936.9616 2124195563.3262 1737335643.8569 1594518418.5153 1840953108.0045 
1653711991.0189 1912192135.3416 1883106610.2755 1613634423.8905 1874955734.1450 2115634255.0662 1698826120.3170 1500808069.5383 1768831651.0255 1800938156.7069 1337608457.5528 
1793950914.7885 1642763665.1522 1868938755.6156 2022873728.3888 1735750903.3733 2109590449.0922 1971113309.7696 1674282369.2199 2103656928.0112 1480969434.3752 1267504820.7941 
1179765145.0595 1365655522.0495 1425096371.9516 1284113476.0264 1701030162.0304 2024548722.2757 1607211509.8627 2087569980.0749 1356642732.3570 1648799844.1225 1084025383.6260 
1581917068.9562 1397244571.9684 1997495008.2123 1176388041.7291 2098051274.8012 1991024721.4783 1874615316.7405 1546561339.8720 1631644132.9797 1417460272.1696 1919682668.3553 
1116097167.1849 1503311639.8886 1898242423.2399 1179842055.4450 1659978861.4256 1448657055.9567 1843533152.4420 1324805416.4050 1375951230.1978 1763728562.8450 1998034347.9518 
1371072757.6315 1802024074.6999 1878398207.0552 1652126903.0766 2118858701.1285 1687717359.0424 1679650590.2635 1924564728.8581 2060455507.7732 1916451546.6705 1886827495.1147 
1435535424.8456 1159407562.6101 1777493205.1071 2133889592.8055 1090136908.1232 1399193633.6171 1436282372.4437 1850916770.6000 1926560547.7524 1096289491.4952 1741045642.0878 
1446203685.4130 1995863414.8829 1961572761.1909 1357823590.2573 1398966469.1317 2046436919.7341 1791016312.3390 1380922259.4411 1173652518.2006 1645783374.4707 1531131013.9344 
1875170720.4431 1790699880.4462 1884769772.9338 2078720667.3402 1230786088.4818 1487992199.4722 1354516857.3379 1873493520.6939 1407859984.9633 1882059629.1849 1332879252.4350 
1438809512.4452 1648898948.6902 2129259436.8751 1135238767.9279 2128852420.2804 2101289069.6421 1760730729.1040 2097719721.5825 1457864164.3869 1171980967.3748 1385275359.1460 
1345015534.9291 1989275318.9409 1798546881.4782 1144096678.6575 1099153384.6467 1132164429.4347 1728790433.8469 1545944774.5921 1424741617.9615 1162791514.1369 1767816106.0822 
1708467829.1728 1663544507.6494 1993925535.8706 1280070777.3897 1445866807.6531 1594296656.8723 1662767359.6029 1287446611.6304 1209796426.1593 2103562660.2727 1901419502.5290 
1201714168.8303 1513533975.9684 1968819807.3094 1146107000.2782 1622208787.8674 1607152478.5018 1427923391.9986 1193568036.0673 1907081711.0803 2022257867.9090 1890423962.1974 
2110510771.6215 1296864408.8444 1751671492.3711 1171132412.8186 1423824987.5408 2132349104.8660 1338856123.7984 1346738144.6367 1438369324.4096 1958378907.5333 1518791856.4110 
1765930256.7705 1909833072.1009 1894103280.8229 2074289436.3835 1607687871.1523 1095575472.8793 1925335599.1713 2135071808.3758 1115860685.8996 2032780652.0309 1315904009.5175 
1616164247.7559 1774778837.3511 1280999934.7676 2138186832.5699 2045166566.1444 1813457667.4176 1809636412.9747 2099842799.3384 1282643506.8397 1763524036.5841 2076574990.9243 
1142995302.1072 1896464967.7695 1181508478.0355 1723892281.5271 1232760225.9656 1875055682.7830 1193047622.9893 1960895612.0575 2041360426.5943 1445820628.7870 2059186787.4439 
1653228037.9959 1682013564.3396 1652692891.0984 1710054209.6774 1625154909.0292 1189920086.1706 1459357206.1131 1980542824.8129 1773845742.1115 1671420318.3284 1334658200.8956 
1333390835.7697 1572040556.5731 1304796605.5851 1929326296.6169 1109215568.6530 2049675867.0395 1769674271.6683 1806485070.3067 1837567279.9306 2027045150.8679 2000517905.2670 
1574026020.2578 1255896232.5785 2135923228.5969 2123781596.5018 1226716929.1415 2045840264.1450 1265412269.6799 1115089872.1222 1811888567.2925 1931236724.8076 1193602370.6834 
1584864450.0489 1490282341.6223 1812389936.1878 1724078978.5385 1684661576.8477 2097706169.7372 1242890494.0806 1973877504.1583 1739839687.9146 1399469278.9312 2079199500.1997 
1517926033.9967 1098480114.3727 1105552718.1406 1506214133.3666 2059496792.1060 1237141115.5346 1907116801.0993 1294230725.5056 1961568363.9544 1633443526.9796 2076218242.8658 
1480484172.6294 1859392041.5475 1714504956.8855 1444690761.6944 1616642044.1890 1334099186.1801 1125860481.2014 1994027134.7569 1370197796.2688 1801121214.8513 1433003786.5743 
1956836782.5392 2138254387.9186 2120925519.2437 2048955209.5545 1354009948.6411 1468371021.8494 1666152481.0655 2135071028.9130 2117219732.3261 1994603043.5010 2005921123.3681 
1240254109.2345 1574821511.1533 1527827352.5576 1174052238.4344 1183379864.1685 1811876793.7552 1587320002.8951 1371138708.2294 1765295524.1819 1246018856.0151 1583016435.7780 
2049086579.6795 1610050918.9077 1184539790.4562 2027590990.0341 2044565311.0799 1270552284.2064 1412202401.1266 1443623988.7619 1700671254.4183 1168351300.1693 1666861486.0011 
1885347782.2294 2133238498.4146 2098590546.4667 1231003503.9910 1174412429.3817 1671823034.4423 2133285601.7912 1862805006.1157 1287888319.1993 1698469747.5714 1466074788.2168 
1718443190.1431 1495760757.5640 1217898026.5103 1125213510.2676 1705549702.4248 1725604952.8688 1277698122.4115 1895277531.0024 1532537536.0691 1430329581.0368 1792532185.9569 
1697235519.5995 1347070972.9464 1491457284.5639 1604973716.1902 1212875935.7465 1820515441.6104 1769208630.6738 2048702388.3880 1180267703.5006 1222853329.8497 1473037335.3736 
1928878831.8305 1129396357.6698 1723352712.1779 1849494723.3172 2104768135.7889 2075217023.6253 1195498247.5281 1373128162.1896 1504961610.5096 1975209027.7248 2074955901.1477 
1246856577.5323 1654291365.4007 1139606015.1564 1219229397.6130 1332527190.8805 1672884445.9078 1534180012.5402 1915418497.3432 1928695889.0687 1306399958.9029 2086096047.8113 
1741209106.1796 2001907876.2098 2026980025.0580 2077351181.3288 1962362831.4450 1628507816.6928 1268085555.9845 1388924300.2993 1761571114.3750 1990039713.5594 1287013702.4843 
1441021853.4865 1523826152.3883 2111026560.9922 1962535956.5011 1584639634.0069 1921112242.2641 2052782472.2456 1663018424.8824 1362136445.1649 1199856499.2002 2078040808.9553 
1193051715.1258 1570908234.7263 2096475372.4604 1640103576.8179 1530591812.4817 1074860521.4777 2136212128.7448 1623406225.7968 1276351041.0653 1635520961.2177 1301282241.9029 
1711311445.4091 1575430070.8225 1679404288.9615 2022218661.5214 1597741622.1180 1967923748.3487 2105738236.6590 1945971737.5973 1091622466.4100 1428138246.7706 1162864615.7203 

-1,1 -1,1 -1,1 -1,-1 -1,1 -1,-1 -1,-1 -1,-1 -1,1 -1,1 -1,-1 
1,1 -1,-1 1,1 1,-1 1,-1 1,-1 1,-1 1,-1 1,-1 1,-1 1,-1 
-1,-1 1,-1 -1,-1 -1,1 -1,-1 -1,1 1,1 1,1 -1,-1 1,1 -1,1 
1,-1 1,1 1,-1 1,1 1,1 1,1 -1,1 -1,1 1,1 -1,-1 1,1 

-1,-1 -1,-1 1,-1 1,-1 1,-1 1,-1 1,-1 1,1 1,1 1,1 -1,-1 
-1,1 -1,1 -1,1 -1,-1 -1,1 -1,1 -1,-1 -1,1 -1,1 -1,1 -1,1 
1,-1 1,-1 1,1 1,1 -1,-1 1,1 1,1 1,-1 1,-1 -1,-1 1,1 
1,1 1,1 -1,-1 -1,1 1,1 -1,-1 -1,1 -1,-1 -1,-1 1,-1 1,-1 

1,1 -1,-1 1,-1 -1,-1 1,-1 -1,1 1,-1 1,1 -1,1 1,-1 -1,1 
-1,-1 1,-1 1,1 -1,1 1,1 1,-1 1,1 -1,1 1,1 -1,1 -1,-1 
-1,1 1,1 -1,1 1,-1 -1,1 1,1 -1,-1 1,-1 -1,-1 1,1 1,1 
1,-1 -1,1 -1,-1 1,1 -1,-1 -1,-1 -1,1 -1,-1 1,-1 -1,-1 1,-1 

-1,-1 -1,1 1,-1 -1,1 -1,-1 -1,1 1,-1 -1,-1 1,-1 1,1 -1,1 
-1,1 1,-1 -1,1 -1,-1 -1,1 1,-1 1,1 1,-1 -1,-1 -1,1 1,-1 
1,1 -1,-1 1,1 1,-1 1,-1 -1,-1 -1,1 -1,1 1,1 -1,-1 1,1 
1,-1 1,1 -1,-1 1,1 1,1 1,1 -1,-1 1,1 -1,1 1,-1 -1,-1 

1,1 -1,1 1,1 1,-1 1,1 1,-1 -1,1 -1,1 -1,1 1,-1 -1,1 
-1,-1 1,-1 -1,1 -1,1 -1,1 -1,-1 1,1 1,1 -1,-1 -1,-1 -1,-1 
1,-1 1,1 1,-1 -1,-1 -1,-1 -1,1 1,-1 -1,-1 1,-1 1,1 1,-1 
-1,1 -1,-1 -1,-1 1,1 1,-1 1,1 -1,-1 1,-1 1,1 -1,1 1,1 

-1,1 -1,1 -1,1 -1,1 1,1 1,-1 -1,-1 1,-1 -1,1 1,-1 -1,-1 
1,-1 -1,-1 1,-1 1,-1 -1,-1 -1,1 -1,1 1,1 -1,-1 1,1 -1,1 
-1,-1 1,-1 1,1 -1,-1 1,-1 1,1 1,-1 -1,-1 1,1 -1,-1 1,-1 
1,1 1,1 -1,-1 1,1 -1,1 -1,-1 1,1 -1,1 1,-1 -1,1 1,1 

1,-1 -1,1 1,-1 -1,-1 -1,1 -1,1 1,1 1,-1 -1,-1 1,-1 -1,1 
1,1 1,1 1,1 1,1 1,1 1,1 1,-1 -1,1 1,-1 -1,-1 1,-1 
-1,-1 1,-1 -1,-1 -1,1 1,-1 -1,-1 -1,-1 1,1 -1,1 1,1 -1,-1 
-1,1 -1,-1 -1,1 1,-1 -1,-1 1,-1 -1,1 -1,-1 1,1 -1,1 1,1 

-1,-1 -1,1 1,1 1,-1 1,1 1,-1 -1,1 -1,-1 1,1 -1,-1 1,-1 
-1,1 1,1 1,-1 -1,1 1,-1 -1,1 1,1 -1,1 -1,-1 -1,1 1,1 
1,-1 -1,-1 -1,1 1,1 -1,1 -1,-1 1,-1 1,-1 -1,1 1,1 -1,-1 
1,1 1,-1 -1,-1 -1,-1 -1,-1 1,1 -1,-1 1,1 1,-1 1,-1 -1,1 

-1,1 1,1 -1,-1 -1,1 1,-1 -1,1 1,1 1,-1 -1,1 -1,-1 -1,-1 
-1,-1 1,-1 -1,1 -1,-1 1,1 -1,-1 1,-1 -1,-1 1,-1 1,-1 1,1 
1,-1 -1,1 1,1 1,1 -1,1 1,1 -1,-1 1,1 -1,-1 -1,1 -1,1 
1,1 -1,-1 1,-1 1,-1 -1,-1 1,-1 -1,1 -1,1 1,1 1,1 1,-1 

1,-1 1,1 -1,1 -1,1 -1,1 1,1 1,1 1,1 -1,-1 1,1 1,1 
-1,1 -1,-1 -1,-1 1,-1 1,-1 1,-1 -1,1 1,-1 -1,1 1,-1 1,-1 
1,1 1,-1 1,-1 -1,-1 1,1 -1,1 -1,-1 -1,-1 1,1 -1,-1 -1,-1 
-1,-1 -1,1 1,1 1,1 -1,-1 -1,-1 1,-1 -1,1 1,-1 -1,1 -1,1 

-1,-1 -1,-1 -1,-1 -1,-1 -1,-1 -1,-1 -1,-1 -1,-1 -1,-1 -1,-1 -1,1 
-1,1 1,-1 1,1 1,1 -1,1 1,-1 -1,1 1,-1 1,1 1,1 1,1 
1,1 1,1 -1,1 -1,1 1,-1 1,1 1,1 1,1 -1,1 1,-1 1,-1 
1,-1 -1,1 1,-1 1,-1 1,1 -1,1 1,-1 -1,1 1,-1 -1,1 -1,-1 

1,1 -1,-1 -1,1 -1,-1 1,-1 -1,-1 1,-1 -1,-1 1,-1 1,1 1,-1 
1,-1 -1,1 1,-1 -1,1 -1,-1 1,-1 -1,1 1,-1 -1,-1 1,-1 1,1 
-1,-1 1,-1 -1,-1 1,-1 -1,1 -1,1 -1,-1 1,1 1,1 -1,-1 -1,-1 
-1,1 1,1 1,1 1,1 1,1 1,1 1,1 -1,1 -1,1 -1,1 -1,1 

1,1 1,-1 -1,-1 -1,1 1,1 1,-1 1,1 1,-1 1,1 -1,-1 1,1 
1,-1 1,1 -1,1 1,1 -1,-1 1,1 -1,-1 1,1 -1,-1 1,1 -1,-1 
-1,1 -1,1 1,-1 1,-1 1,-1 -1,-1 -1,1 -1,-1 -1,1 1,-1 -1,1 
-1,-1 -1,-1 1,1 -1,-1 -1,1 -1,1 1,-1 -1,1 1,-1 -1,1 1,-1 

1,1 1,1 1,1 1,1 1,-1 -1,-1 1,-1 -1,-1 -1,-1 -1,-1 1,-1 
1,-1 1,-1 -1,1 -1,1 -1,1 1,1 1,1 -1,1 1,-1 -1,1 -1,1 
-1,1 -1,1 1,-1 1,-1 -1,-1 1,-1 -1,1 1,1 -1,1 1,1 -1,-1 
-1,-1 -1,-1 -1,-1 -1,-1 1,1 -1,1 -1,-1 1,-1 1,1 1,-1 1,1 

1,1 1,-1 1,-1 1,1 -1,1 -1,1 -1,1 -1,-1 -1,-1 1,1 -1,-1 
-1,1 -1,1 -1,-1 -1,-1 -1,-1 1,1 1,-1 1,-1 -1,1 -1,1 -1,1 
1,-1 1,1 -1,1 -1,1 1,-1 -1,-1 -1,-1 1,1 1,-1 -1,-1 1,-1 
-1,-1 -1,-1 1,1 1,-1 1,1 1,-1 1,1 -1,1 1,1 1,-1 1,1 

1,1 1,-1 -1,-1 1,-1 -1,-1 1,1 1,-1 -1,1 1,-1 1,1 -1,-1 
1,-1 -1,-1 1,1 -1,-1 -1,1 -1,-1 -1,1 -1,-1 1,1 -1,-1 -1,1 
-1,-1 -1,1 1,-1 1,1 1,1 1,-1 -1,-1 1,1 -1,1 -1,1 1,-1 
-1,1 1,1 -1,1 -1,1 1,-1 -1,1 1,1 1,-1 -1,-1 1,-1 1,1 


2 9 0 5 
3 0 10 6 
9 7 10 3 
4 5 9 3 
0 7 9 10 
2 9 4 5 
3 9 10 8 
8 1 6 10 
0 2 3 5 
7 2 9 3 
10 5 0 2 
8 10 6 5 
3 6 5 8 
5 9 3 2 
5 1 8 10 
6 0 3 9 


