21720674071950117 
20697515143372243 
30882885403614231 
14101153596289350 

27211360223061757 
32493266418154581 
29086690781632004 
7477422084146752 

18114354970881720 
3477844916257945 
10739695289469017 
19913827079777034 

2417311849743978 
3632210970359758 
16718279454989559 
31430309937512996 

6481773120131763 
34085880979005432 
14411536704779972 
22171470063488060 

34864965206654946 
28417755372363337 
11037719442331013 
12569954704400708 

28320499403034024 
10948997844080066 
31122804496573370 
2710579982849013 

21450642396415447 
19883761776355864 
2501403458342148 
9705560600252529 

8260019765249486 
11534768216500100 
17445570457402858 
11531116915555192 

7068020680190342 
21940661343218094 
3575527140414762 
5812204550319627 

15809563254001146 
15128739862006003 
18316770681457672 
35587069890995146 

22525259260668370 
11857183861940277 
785132357719512 
23578220969135970 

2776660219990623 
21074451176227484 
805159410792865 
6951237574271709 

6128777374856235 
24332736016390835 
32892238997878624 
25950925021204039 

5930363638480032 
1397472732045397 
21713144216964574 
16078628513943749 

6499472655562213 
3395410747194911 
29641033678420388 
3595002547536944 

22661185187568308 
13035880133025759 
32485763126054446 
7663649959644892 

33038287770181839 
27117269984847375 
3862944267162317 
17281568242361273 

24536084945247463 
35006712005664522 
25779956461848520 
21260356821446217 

10239622130709246 
23726861043372890 
10018989137858181 
18989022262633247 

21287247414543467 
18060260024050560 
35115872770049892 
19065763264010118 

30375041733088789 
18331620726354230 
33541032767907202 
20359866588355049 

23793316474891466 
7583437650540100 
31216850030638831 
26490596299055181 

34098898519135811 
10070260052926490 
18133833625880514 
34425057523847735 


1,-1	
-1,1	
1,1	
-1,-1	

1,1	
-1,1	
1,-1	
-1,-1	

-1,1	
1,-1	
1,1	
-1,-1	

-1,1	
1,1	
-1,-1	
1,-1	

-1,1	
1,-1	
1,1	
-1,-1	

1,1	
-1,1	
-1,-1	
1,-1	

-1,-1	
-1,1	
1,-1	
1,1	

-1,1	
-1,-1	
1,1	
1,-1	

1,-1	
-1,1	
-1,-1	
1,1	

1,-1	
-1,-1	
-1,1	
1,1	

1,1	
-1,-1	
1,-1	
-1,1	

1,1	
-1,1	
-1,-1	
1,-1	

-1,-1	
1,-1	
1,1	
-1,1	

-1,1	
1,1	
-1,-1	
1,-1	

1,1	
1,-1	
-1,-1	
-1,1	

1,1	
1,-1	
-1,-1	
-1,1	

-1,1	
1,-1	
-1,-1	
1,1	

1,-1	
1,1	
-1,1	
-1,-1	

1,1	
1,-1	
-1,-1	
-1,1	

1,-1	
-1,-1	
-1,1	
1,1	

-1,-1	
1,1	
1,-1	
-1,1	

-1,1	
-1,-1	
1,-1	
1,1	

-1,-1	
-1,1	
1,1	
1,-1	

-1,1	
1,-1	
-1,-1	
1,1	

0 0 0 0 
0 0 0 0 
0 0 0 0 
0 0 0 0 
0 0 0 0 
0 0 0 0 
0 0 0 0 
0 0 0 0 
0 0 0 0 
0 0 0 0 
0 0 0 0 
0 0 0 0 
0 0 0 0 
0 0 0 0 
0 0 0 0 
0 0 0 0 
0 0 0 0 
0 0 0 0 
0 0 0 0 
0 0 0 0 
0 0 0 0 
0 0 0 0 
0 0 0 0 
0 0 0 0 


23091748956563155 
21514909549440341 
23383589105912192 
2788269706479935 

22705444117630133 
22550944335664024 
31445503210071818 
4070494339704026 

2879715866683405 
27757027234930913 
27324921680133376 
5667040789038458 

7278613664771620 
10377716816772543 
25934817332003552 
6492949685769207 

7648753181505358 
11208032092528290 
10253410272296909 
12724719796049935 

29512063253975067 
501771230012387 
19318977277633120 
25718788455094155 

11774640763024841 
4519712211116682 
20604263029543232 
17633850186084374 

3423406573763790 
4846366134224261 
3045824636022999 
26099481544924269 

25393051487801054 
12317183084437106 
6200968090885615 
29344027002454333 

10043258549777317 
8177628949374291 
33664368673924526 
18327471350395372 

34548111021589823 
6088725060716251 
135525664548634 
16835511159948992 

7639361977893485 
4931871643722328 
21035426137744593 
14234451560348536 

23753012946302362 
32147626099053861 
1850966921779071 
24728635843535663 

17915712517698397 
8425593221908833 
17262103895543413 
27883340804693194 

12002392698899499 
3936026718037583 
10508432706316467 
24957068399410138 

4830215436085398 
16450424582860570 
17772513411146142 
18122264609795954 

17368963278850383 
19865409739648908 
4348631332021267 
12629210120667334 

12576518469336156 
19429104167295573 
10271041974931621 
17387426718573030 

1847340657265294 
8268069730609967 
35196747614335598 
8770140650344798 

15917618265762646 
24791553123131884 
14335895900169947 
2454849907355737 

11288235557105503 
15202727950195694 
29747557926503831 
10771575622088682 

32922846521597410 
626452523319490 
12962561147505185 
24232004908945928 

33058966588750999 
3903774194788806 
6548125716046089 
18416553960952872 

23528871042990001 
14813527772448673 
12923626481524756 
5897347653341221 


-1,1	
1,1	
1,-1	
-1,-1	

-1,-1	
-1,1	
1,-1	
1,1	

-1,1	
1,1	
-1,-1	
1,-1	

1,-1	
-1,1	
1,1	
-1,-1	

1,-1	
-1,1	
-1,-1	
1,1	

1,-1	
1,1	
-1,1	
-1,-1	

-1,-1	
-1,1	
1,-1	
1,1	

-1,1	
-1,-1	
1,-1	
1,1	

-1,-1	
1,-1	
1,1	
-1,1	

-1,-1	
1,1	
1,-1	
-1,1	

1,-1	
1,1	
-1,1	
-1,-1	

1,-1	
-1,1	
1,1	
-1,-1	

-1,1	
1,1	
1,-1	
-1,-1	

1,-1	
-1,1	
1,1	
-1,-1	

-1,1	
-1,-1	
1,1	
1,-1	

-1,1	
-1,-1	
1,1	
1,-1	

1,1	
-1,-1	
1,-1	
-1,1	

-1,1	
-1,-1	
1,-1	
1,1	

-1,-1	
1,-1	
-1,1	
1,1	

1,1	
-1,1	
1,-1	
-1,-1	

1,1	
1,-1	
-1,-1	
-1,1	

1,-1	
1,1	
-1,1	
-1,-1	

-1,-1	
1,-1	
1,1	
-1,1	

-1,-1	
1,-1	
1,1	
-1,1	

0 0 0 0 
0 0 0 0 
0 0 0 0 
0 0 0 0 
0 0 0 0 
0 0 0 0 
0 0 0 0 
0 0 0 0 
0 0 0 0 
0 0 0 0 
0 0 0 0 
0 0 0 0 
0 0 0 0 
0 0 0 0 
0 0 0 0 
0 0 0 0 
0 0 0 0 
0 0 0 0 
0 0 0 0 
0 0 0 0 
0 0 0 0 
0 0 0 0 
0 0 0 0 
0 0 0 0 


-1,-1	1,1	1,-1	-1,1	
1,-1	-1,1	-1,-1	1,1	
1,-1	-1,1	-1,-1	1,1	
1,1	-1,-1	-1,1	1,-1	
1,1	-1,-1	1,-1	-1,1	
-1,-1	-1,1	1,1	1,-1	
1,-1	1,1	-1,-1	-1,1	
1,-1	1,1	-1,1	-1,-1	
1,-1	-1,1	1,1	-1,-1	
1,1	1,-1	-1,-1	-1,1	
1,-1	-1,1	-1,-1	1,1	
-1,-1	1,1	-1,1	1,-1	
1,-1	-1,-1	-1,1	1,1	
1,1	1,-1	-1,-1	-1,1	
1,1	-1,1	1,-1	-1,-1	
-1,-1	1,-1	-1,1	1,1	
1,-1	-1,1	1,1	-1,-1	
1,-1	-1,-1	1,1	-1,1	
1,-1	-1,1	-1,-1	1,1	
-1,-1	1,-1	1,1	-1,1	
-1,-1	-1,1	1,-1	1,1	
-1,-1	-1,1	1,1	1,-1	
-1,1	1,-1	-1,-1	1,1	
-1,1	1,1	-1,-1	1,-1	


25036153755421342 1402496556979834 22196755919821331 15991089733375623 
8143662317923421 17639669345148295 441067726936053 10682450088911359 
22159711207583950 3202233353939815 27011226649898187 1943425039367114 
17111987757070157 32809787518349859 18079679942369851 24153572262750392 
10349688356562170 15655101753653219 29591307465015060 28156188569360672 
17301072504605779 30764147203252700 12138730407191850 2513807711458188 
4447178379051319 26904884270157983 35266756490458465 15547617224417441 
21049781347614099 2350393522089302 9403581769701920 24622748081953350 
342729750055060 17705678847050345 10964749337520039 10491860128151667 
17028113692541145 25323171349362673 29645659046929131 32648839806843547 
7633531002905438 8443035149040747 3600742335415820 15530719131920056 
31072481782253013 1717212662232980 23600269304717038 17883913690507468 
12032845659480170 30775237890623984 32145910130983543 28131619701139657 
35287529486889800 34701663464118009 24125671460936006 11767325805946298 
5891694218380419 24906989547438446 15163393552681281 29099187111040347 
6061129584481255 31423548526490519 23832107389671745 33078307541454514 
1536736179155765 30254113585021070 27967650067687154 16127849929274740 
20509633652602591 28496961926791029 22721108346308617 8071592334687114 
21087092353735418 25412054697735589 14055459048190027 379110858935495 
20617246507874529 26802374322824656 1194353047028025 29232697613921409 
4074638750187185 11582725644271677 17066270885402937 15188469108908379 
20397567416430520 32942825366888000 17616027178712557 31131116193062503 
3534029221818814 22718500964293864 2520079450927877 30877527628322794 
18898321655856934 778395646914240 11452660582494584 2417889250572371 

-1	-1	1	1	
1	-1	-1	1	
1	1	-1	-1	
-1	-1	1	1	
-1	1	-1	1	
1	-1	-1	1	
1	-1	1	-1	
-1	1	1	-1	
1	1	-1	-1	
-1	1	1	-1	
1	-1	1	-1	
-1	-1	1	1	
1	1	-1	-1	
-1	1	1	-1	
-1	1	-1	1	
-1	-1	1	1	
1	1	-1	-1	
1	-1	1	-1	
-1	1	-1	1	
1	-1	1	-1	
-1	1	1	-1	
1	1	-1	-1	
-1	-1	1	1	
1	1	-1	-1	

0 0 0 0 
0 0 0 0 
0 0 0 0 
0 0 0 0 
0 0 0 0 
0 0 0 0 
0 0 0 0 
0 0 0 0 
0 0 0 0 
0 0 0 0 
0 0 0 0 
0 0 0 0 
0 0 0 0 
0 0 0 0 
0 0 0 0 
0 0 0 0 
0 0 0 0 
0 0 0 0 
0 0 0 0 
0 0 0 0 
0 0 0 0 
0 0 0 0 
0 0 0 0 
0 0 0 0 

6	15	4	17	3	18	0	21	9	12	2	19	10	11	7	14	8	13	5	16	1	20	
