283 671 461 313 525 198 362 710 377 896 37 
410 918 583 873 688 867 57 564 206 970 201 
473 734 233 140 948 366 542 301 882 763 1015 
118 969 971 973 661 170 219 131 533 71 222 

638 664 458 364 795 952 576 969 893 503 103 
248 963 272 191 409 583 278 914 674 501 274 
101 111 533 576 309 1000 525 976 170 600 877 
919 721 535 896 316 515 974 213 303 787 274 

910 222 667 279 643 836 971 307 264 783 492 
509 712 729 942 140 701 600 515 961 250 879 
515 955 352 62 205 400 345 591 875 48 728 
169 311 686 325 118 561 770 402 262 463 875 

179 577 53 342 742 789 819 204 163 297 964 
481 340 532 771 59 253 47 637 931 545 618 
387 794 977 981 118 326 382 124 891 769 631 
798 531 369 117 600 102 498 944 381 597 131 

465 395 223 434 975 218 849 911 737 497 350 
268 66 594 975 59 337 273 431 599 337 523 
656 312 436 502 164 777 157 554 212 212 721 
382 257 328 943 975 670 830 401 738 621 966 

807 686 534 119 793 869 933 1022 336 270 339 
676 907 331 442 194 227 1007 943 941 329 117 
490 415 50 999 302 800 610 924 307 307 698 
279 897 869 333 827 911 106 274 117 643 253 

694 829 686 72 487 88 578 439 746 1010 117 
594 617 437 818 333 631 559 667 221 731 309 
647 599 371 209 1005 305 739 281 343 617 65 
252 46 542 306 1024 757 739 811 398 331 394 

994 86 275 310 531 140 876 72 133 310 696 
840 895 649 221 989 381 484 253 733 758 929 
766 147 92 253 107 793 628 943 508 294 248 
355 477 280 916 192 272 667 889 249 519 501 

181 744 548 245 224 143 323 908 980 651 122 
964 599 511 484 656 544 599 804 543 173 568 
281 447 391 435 609 591 223 623 70 938 106 
856 649 389 653 495 498 797 620 762 824 459 

376 89 533 925 1021 949 553 986 1021 505 461 
548 129 251 944 64 314 315 311 578 744 278 
153 572 110 543 709 480 349 707 618 621 226 
792 530 893 730 580 883 510 593 440 47 892 

479 924 375 1023 650 494 971 263 61 923 73 
460 77 192 870 572 605 440 57 733 209 350 
540 577 651 136 529 469 946 135 768 1004 374 
364 334 610 657 206 785 734 912 922 490 346 

350 701 243 994 156 141 184 835 690 254 613 
429 498 566 411 499 242 221 533 600 95 55 
706 414 523 945 872 543 448 622 304 1014 966 
506 305 816 868 887 177 196 823 655 514 202 

738 359 385 439 77 790 378 899 501 373 419 
42 854 289 358 685 665 141 596 578 313 170 
32 695 550 250 104 129 369 342 644 129 995 
455 32 993 660 914 945 907 243 34 259 237 

616 112 229 714 164 670 1022 928 686 925 954 
390 691 122 699 71 269 93 671 983 573 664 
537 832 190 145 63 715 916 612 462 162 113 
622 196 299 354 759 684 565 611 790 985 749 

664 416 135 450 905 881 976 689 281 758 975 
831 149 210 597 404 816 102 242 269 979 565 
285 871 878 49 961 299 293 676 1017 318 835 
597 156 813 815 932 396 590 577 756 318 922 

708 556 845 234 304 895 357 659 418 994 439 
622 636 618 477 149 335 512 614 309 454 418 
762 539 344 1014 588 890 696 541 991 262 563 
97 1019 167 612 47 527 696 293 613 484 597 


-1,1	1,1	1,1	1,1	1,1	1,1	-1,-1	-1,1	-1,1	-1,1	1,1	
1,-1	1,-1	1,-1	1,-1	1,-1	1,-1	1,-1	1,1	-1,-1	-1,-1	-1,-1	
1,1	-1,-1	-1,-1	-1,1	-1,1	-1,1	-1,1	-1,-1	1,-1	1,-1	-1,1	
-1,-1	-1,1	-1,1	-1,-1	-1,-1	-1,-1	1,1	1,-1	1,1	1,1	1,-1	

-1,-1	-1,-1	1,-1	1,-1	-1,-1	1,-1	1,-1	-1,1	-1,1	-1,1	1,1	
1,1	-1,1	1,1	1,1	1,1	1,1	1,1	-1,-1	1,-1	-1,-1	-1,-1	
-1,1	1,1	-1,1	-1,-1	-1,1	-1,-1	-1,-1	1,1	1,1	1,1	-1,1	
1,-1	1,-1	-1,-1	-1,1	1,-1	-1,1	-1,1	1,-1	-1,-1	1,-1	1,-1	

-1,-1	1,-1	-1,1	1,1	1,-1	-1,1	1,-1	-1,-1	-1,1	-1,-1	1,1	
1,-1	-1,1	1,1	-1,-1	-1,1	1,-1	-1,1	1,-1	-1,-1	1,-1	-1,1	
1,1	-1,-1	1,-1	1,-1	-1,-1	-1,-1	1,1	1,1	1,1	-1,1	-1,-1	
-1,1	1,1	-1,-1	-1,1	1,1	1,1	-1,-1	-1,1	1,-1	1,1	1,-1	

1,-1	-1,1	1,1	-1,1	-1,-1	1,-1	-1,-1	1,1	-1,1	-1,-1	1,1	
-1,1	-1,-1	-1,1	-1,-1	1,1	-1,-1	1,1	-1,1	-1,-1	1,-1	-1,-1	
-1,-1	1,1	-1,-1	1,1	1,-1	1,1	1,-1	1,-1	1,1	-1,1	1,-1	
1,1	1,-1	1,-1	1,-1	-1,1	-1,1	-1,1	-1,-1	1,-1	1,1	-1,1	

1,-1	1,1	-1,1	1,1	-1,-1	1,-1	-1,1	-1,-1	-1,1	1,-1	-1,1	
1,1	-1,1	1,-1	-1,1	1,-1	-1,1	1,1	-1,1	1,-1	-1,-1	1,-1	
-1,1	-1,-1	1,1	1,-1	1,1	1,1	1,-1	1,-1	-1,-1	1,1	1,1	
-1,-1	1,-1	-1,-1	-1,-1	-1,1	-1,-1	-1,-1	1,1	1,1	-1,1	-1,-1	

-1,-1	1,1	-1,-1	-1,1	-1,-1	1,-1	1,1	-1,1	-1,-1	1,1	-1,1	
-1,1	-1,-1	1,1	-1,-1	1,-1	1,1	-1,1	-1,-1	1,-1	-1,1	1,1	
1,1	1,-1	-1,1	1,-1	1,1	-1,-1	1,-1	1,-1	-1,1	-1,-1	1,-1	
1,-1	-1,1	1,-1	1,1	-1,1	-1,1	-1,-1	1,1	1,1	1,-1	-1,-1	

1,1	-1,-1	-1,1	-1,-1	1,1	1,-1	-1,1	1,-1	1,1	-1,1	1,-1	
-1,-1	-1,1	1,1	-1,1	-1,-1	1,1	1,-1	1,1	-1,1	1,-1	-1,1	
1,-1	1,1	1,-1	1,1	1,-1	-1,-1	1,1	-1,1	-1,-1	-1,-1	-1,-1	
-1,1	1,-1	-1,-1	1,-1	-1,1	-1,1	-1,-1	-1,-1	1,-1	1,1	1,1	

1,-1	-1,1	1,-1	-1,-1	1,1	-1,1	1,1	-1,-1	1,-1	1,1	-1,-1	
-1,-1	1,-1	-1,1	1,-1	-1,-1	1,-1	-1,1	1,-1	-1,-1	1,-1	-1,1	
1,1	-1,-1	1,1	-1,1	-1,1	-1,-1	1,-1	1,1	1,1	-1,1	1,1	
-1,1	1,1	-1,-1	1,1	1,-1	1,1	-1,-1	-1,1	-1,1	-1,-1	1,-1	

1,-1	-1,-1	-1,1	1,1	-1,1	-1,-1	1,1	-1,1	-1,-1	1,-1	-1,-1	
-1,1	1,-1	-1,-1	-1,1	-1,-1	1,-1	-1,1	-1,-1	1,-1	-1,1	1,-1	
1,1	1,1	1,1	-1,-1	1,1	-1,1	-1,-1	1,-1	1,1	-1,-1	1,1	
-1,-1	-1,1	1,-1	1,-1	1,-1	1,1	1,-1	1,1	-1,1	1,1	-1,1	

-1,-1	1,-1	1,1	-1,1	1,-1	1,1	1,-1	-1,1	-1,-1	1,1	1,-1	
1,1	-1,-1	1,-1	1,1	-1,1	1,-1	-1,-1	1,-1	1,1	1,-1	-1,1	
-1,1	-1,1	-1,1	-1,-1	-1,-1	-1,1	-1,1	-1,-1	1,-1	-1,-1	-1,-1	
1,-1	1,1	-1,-1	1,-1	1,1	-1,-1	1,1	1,1	-1,1	-1,1	1,1	

1,-1	-1,1	1,-1	-1,1	-1,-1	1,1	-1,1	1,1	1,-1	-1,-1	1,-1	
-1,1	-1,-1	-1,1	1,1	1,-1	-1,-1	1,1	-1,-1	-1,1	1,-1	-1,1	
-1,-1	1,1	-1,-1	-1,-1	1,1	1,-1	1,-1	-1,1	1,1	1,1	-1,-1	
1,1	1,-1	1,1	1,-1	-1,1	-1,1	-1,-1	1,-1	-1,-1	-1,1	1,1	

1,1	-1,-1	-1,1	1,1	1,-1	1,1	1,-1	-1,1	1,-1	1,1	1,-1	
-1,1	1,1	1,-1	-1,1	1,1	1,-1	-1,-1	1,-1	1,1	-1,-1	1,1	
-1,-1	1,-1	-1,-1	1,-1	-1,1	-1,-1	1,1	1,1	-1,1	-1,1	-1,1	
1,-1	-1,1	1,1	-1,-1	-1,-1	-1,1	-1,1	-1,-1	-1,-1	1,-1	-1,-1	

-1,1	1,1	-1,1	-1,-1	1,1	1,-1	1,1	1,-1	-1,-1	1,-1	-1,1	
1,-1	-1,1	1,-1	-1,1	-1,-1	1,1	1,-1	-1,1	1,-1	1,1	1,-1	
1,1	1,-1	1,1	1,1	-1,1	-1,1	-1,-1	1,1	1,1	-1,1	-1,-1	
-1,-1	-1,-1	-1,-1	1,-1	1,-1	-1,-1	-1,1	-1,-1	-1,1	-1,-1	1,1	

1,-1	-1,1	-1,-1	-1,1	1,1	-1,-1	1,1	-1,-1	1,-1	1,1	1,-1	
-1,-1	1,1	-1,1	1,-1	-1,-1	1,1	-1,-1	1,-1	-1,-1	-1,1	-1,-1	
-1,1	-1,-1	1,1	-1,-1	-1,1	-1,1	1,-1	-1,1	-1,1	1,-1	-1,1	
1,1	1,-1	1,-1	1,1	1,-1	1,-1	-1,1	1,1	1,1	-1,-1	1,1	

1,1	-1,1	1,1	1,-1	-1,-1	1,-1	-1,1	1,1	1,-1	-1,1	-1,-1	
-1,-1	1,1	-1,-1	1,1	1,-1	-1,1	1,1	1,-1	-1,1	-1,-1	-1,1	
-1,1	-1,-1	-1,1	-1,-1	-1,1	1,1	-1,-1	-1,1	1,1	1,1	1,-1	
1,-1	1,-1	1,-1	-1,1	1,1	-1,-1	1,-1	-1,-1	-1,-1	1,-1	1,1	

1,1	1,-1	-1,1	1,-1	1,1	-1,-1	-1,1	1,-1	-1,-1	1,1	1,-1	
-1,1	-1,-1	1,-1	1,1	-1,-1	1,1	-1,-1	1,1	1,-1	-1,-1	1,1	
-1,-1	1,1	1,1	-1,-1	1,-1	1,-1	1,1	-1,1	1,1	1,-1	-1,-1	
1,-1	-1,1	-1,-1	-1,1	-1,1	-1,1	1,-1	-1,-1	-1,1	-1,1	-1,1	

0 3 2 5 
3 2 9 7 
10 6 5 2 
5 3 4 10 
0 4 1 10 
9 1 8 2 
9 8 4 6 
0 7 2 6 
10 5 2 1 
4 5 9 7 
9 10 6 8 
0 6 5 9 
4 7 8 6 
0 10 5 2 
1 10 9 3 
4 2 1 6 


118 969 971 973 661 170 219 131 533 71 222 
473 734 233 140 948 366 542 301 882 763 1015 
410 918 583 873 688 867 57 564 206 970 201 
283 671 461 313 525 198 362 710 377 896 37 

919 721 535 896 316 515 974 213 303 787 274 
101 111 533 576 309 1000 525 976 170 600 877 
248 963 272 191 409 583 278 914 674 501 274 
638 664 458 364 795 952 576 969 893 503 103 

169 311 686 325 118 561 770 402 262 463 875 
515 955 352 62 205 400 345 591 875 48 728 
509 712 729 942 140 701 600 515 961 250 879 
910 222 667 279 643 836 971 307 264 783 492 

798 531 369 117 600 102 498 944 381 597 131 
387 794 977 981 118 326 382 124 891 769 631 
481 340 532 771 59 253 47 637 931 545 618 
179 577 53 342 742 789 819 204 163 297 964 

382 257 328 943 975 670 830 401 738 621 966 
656 312 436 502 164 777 157 554 212 212 721 
268 66 594 975 59 337 273 431 599 337 523 
465 395 223 434 975 218 849 911 737 497 350 

279 897 869 333 827 911 106 274 117 643 253 
490 415 50 999 302 800 610 924 307 307 698 
676 907 331 442 194 227 1007 943 941 329 117 
807 686 534 119 793 869 933 1022 336 270 339 

252 46 542 306 1024 757 739 811 398 331 394 
647 599 371 209 1005 305 739 281 343 617 65 
594 617 437 818 333 631 559 667 221 731 309 
694 829 686 72 487 88 578 439 746 1010 117 

355 477 280 916 192 272 667 889 249 519 501 
766 147 92 253 107 793 628 943 508 294 248 
840 895 649 221 989 381 484 253 733 758 929 
994 86 275 310 531 140 876 72 133 310 696 

856 649 389 653 495 498 797 620 762 824 459 
281 447 391 435 609 591 223 623 70 938 106 
964 599 511 484 656 544 599 804 543 173 568 
181 744 548 245 224 143 323 908 980 651 122 

792 530 893 730 580 883 510 593 440 47 892 
153 572 110 543 709 480 349 707 618 621 226 
548 129 251 944 64 314 315 311 578 744 278 
376 89 533 925 1021 949 553 986 1021 505 461 

364 334 610 657 206 785 734 912 922 490 346 
540 577 651 136 529 469 946 135 768 1004 374 
460 77 192 870 572 605 440 57 733 209 350 
479 924 375 1023 650 494 971 263 61 923 73 

506 305 816 868 887 177 196 823 655 514 202 
706 414 523 945 872 543 448 622 304 1014 966 
429 498 566 411 499 242 221 533 600 95 55 
350 701 243 994 156 141 184 835 690 254 613 

455 32 993 660 914 945 907 243 34 259 237 
32 695 550 250 104 129 369 342 644 129 995 
42 854 289 358 685 665 141 596 578 313 170 
738 359 385 439 77 790 378 899 501 373 419 

622 196 299 354 759 684 565 611 790 985 749 
537 832 190 145 63 715 916 612 462 162 113 
390 691 122 699 71 269 93 671 983 573 664 
616 112 229 714 164 670 1022 928 686 925 954 

597 156 813 815 932 396 590 577 756 318 922 
285 871 878 49 961 299 293 676 1017 318 835 
831 149 210 597 404 816 102 242 269 979 565 
664 416 135 450 905 881 976 689 281 758 975 

97 1019 167 612 47 527 696 293 613 484 597 
762 539 344 1014 588 890 696 541 991 262 563 
622 636 618 477 149 335 512 614 309 454 418 
708 556 845 234 304 895 357 659 418 994 439 


-1,-1	-1,1	-1,1	-1,-1	-1,-1	-1,-1	1,1	1,-1	1,1	1,1	1,-1	
1,1	-1,-1	-1,-1	-1,1	-1,1	-1,1	-1,1	-1,-1	1,-1	1,-1	-1,1	
1,-1	1,-1	1,-1	1,-1	1,-1	1,-1	1,-1	1,1	-1,-1	-1,-1	-1,-1	
-1,1	1,1	1,1	1,1	1,1	1,1	-1,-1	-1,1	-1,1	-1,1	1,1	

1,-1	1,-1	-1,-1	-1,1	1,-1	-1,1	-1,1	1,-1	-1,-1	1,-1	1,-1	
-1,1	1,1	-1,1	-1,-1	-1,1	-1,-1	-1,-1	1,1	1,1	1,1	-1,1	
1,1	-1,1	1,1	1,1	1,1	1,1	1,1	-1,-1	1,-1	-1,-1	-1,-1	
-1,-1	-1,-1	1,-1	1,-1	-1,-1	1,-1	1,-1	-1,1	-1,1	-1,1	1,1	

-1,1	1,1	-1,-1	-1,1	1,1	1,1	-1,-1	-1,1	1,-1	1,1	1,-1	
1,1	-1,-1	1,-1	1,-1	-1,-1	-1,-1	1,1	1,1	1,1	-1,1	-1,-1	
1,-1	-1,1	1,1	-1,-1	-1,1	1,-1	-1,1	1,-1	-1,-1	1,-1	-1,1	
-1,-1	1,-1	-1,1	1,1	1,-1	-1,1	1,-1	-1,-1	-1,1	-1,-1	1,1	

1,1	1,-1	1,-1	1,-1	-1,1	-1,1	-1,1	-1,-1	1,-1	1,1	-1,1	
-1,-1	1,1	-1,-1	1,1	1,-1	1,1	1,-1	1,-1	1,1	-1,1	1,-1	
-1,1	-1,-1	-1,1	-1,-1	1,1	-1,-1	1,1	-1,1	-1,-1	1,-1	-1,-1	
1,-1	-1,1	1,1	-1,1	-1,-1	1,-1	-1,-1	1,1	-1,1	-1,-1	1,1	

-1,-1	1,-1	-1,-1	-1,-1	-1,1	-1,-1	-1,-1	1,1	1,1	-1,1	-1,-1	
-1,1	-1,-1	1,1	1,-1	1,1	1,1	1,-1	1,-1	-1,-1	1,1	1,1	
1,1	-1,1	1,-1	-1,1	1,-1	-1,1	1,1	-1,1	1,-1	-1,-1	1,-1	
1,-1	1,1	-1,1	1,1	-1,-1	1,-1	-1,1	-1,-1	-1,1	1,-1	-1,1	

1,-1	-1,1	1,-1	1,1	-1,1	-1,1	-1,-1	1,1	1,1	1,-1	-1,-1	
1,1	1,-1	-1,1	1,-1	1,1	-1,-1	1,-1	1,-1	-1,1	-1,-1	1,-1	
-1,1	-1,-1	1,1	-1,-1	1,-1	1,1	-1,1	-1,-1	1,-1	-1,1	1,1	
-1,-1	1,1	-1,-1	-1,1	-1,-1	1,-1	1,1	-1,1	-1,-1	1,1	-1,1	

-1,1	1,-1	-1,-1	1,-1	-1,1	-1,1	-1,-1	-1,-1	1,-1	1,1	1,1	
1,-1	1,1	1,-1	1,1	1,-1	-1,-1	1,1	-1,1	-1,-1	-1,-1	-1,-1	
-1,-1	-1,1	1,1	-1,1	-1,-1	1,1	1,-1	1,1	-1,1	1,-1	-1,1	
1,1	-1,-1	-1,1	-1,-1	1,1	1,-1	-1,1	1,-1	1,1	-1,1	1,-1	

-1,1	1,1	-1,-1	1,1	1,-1	1,1	-1,-1	-1,1	-1,1	-1,-1	1,-1	
1,1	-1,-1	1,1	-1,1	-1,1	-1,-1	1,-1	1,1	1,1	-1,1	1,1	
-1,-1	1,-1	-1,1	1,-1	-1,-1	1,-1	-1,1	1,-1	-1,-1	1,-1	-1,1	
1,-1	-1,1	1,-1	-1,-1	1,1	-1,1	1,1	-1,-1	1,-1	1,1	-1,-1	

-1,-1	-1,1	1,-1	1,-1	1,-1	1,1	1,-1	1,1	-1,1	1,1	-1,1	
1,1	1,1	1,1	-1,-1	1,1	-1,1	-1,-1	1,-1	1,1	-1,-1	1,1	
-1,1	1,-1	-1,-1	-1,1	-1,-1	1,-1	-1,1	-1,-1	1,-1	-1,1	1,-1	
1,-1	-1,-1	-1,1	1,1	-1,1	-1,-1	1,1	-1,1	-1,-1	1,-1	-1,-1	

1,-1	1,1	-1,-1	1,-1	1,1	-1,-1	1,1	1,1	-1,1	-1,1	1,1	
-1,1	-1,1	-1,1	-1,-1	-1,-1	-1,1	-1,1	-1,-1	1,-1	-1,-1	-1,-1	
1,1	-1,-1	1,-1	1,1	-1,1	1,-1	-1,-1	1,-1	1,1	1,-1	-1,1	
-1,-1	1,-1	1,1	-1,1	1,-1	1,1	1,-1	-1,1	-1,-1	1,1	1,-1	

1,1	1,-1	1,1	1,-1	-1,1	-1,1	-1,-1	1,-1	-1,-1	-1,1	1,1	
-1,-1	1,1	-1,-1	-1,-1	1,1	1,-1	1,-1	-1,1	1,1	1,1	-1,-1	
-1,1	-1,-1	-1,1	1,1	1,-1	-1,-1	1,1	-1,-1	-1,1	1,-1	-1,1	
1,-1	-1,1	1,-1	-1,1	-1,-1	1,1	-1,1	1,1	1,-1	-1,-1	1,-1	

1,-1	-1,1	1,1	-1,-1	-1,-1	-1,1	-1,1	-1,-1	-1,-1	1,-1	-1,-1	
-1,-1	1,-1	-1,-1	1,-1	-1,1	-1,-1	1,1	1,1	-1,1	-1,1	-1,1	
-1,1	1,1	1,-1	-1,1	1,1	1,-1	-1,-1	1,-1	1,1	-1,-1	1,1	
1,1	-1,-1	-1,1	1,1	1,-1	1,1	1,-1	-1,1	1,-1	1,1	1,-1	

-1,-1	-1,-1	-1,-1	1,-1	1,-1	-1,-1	-1,1	-1,-1	-1,1	-1,-1	1,1	
1,1	1,-1	1,1	1,1	-1,1	-1,1	-1,-1	1,1	1,1	-1,1	-1,-1	
1,-1	-1,1	1,-1	-1,1	-1,-1	1,1	1,-1	-1,1	1,-1	1,1	1,-1	
-1,1	1,1	-1,1	-1,-1	1,1	1,-1	1,1	1,-1	-1,-1	1,-1	-1,1	

1,1	1,-1	1,-1	1,1	1,-1	1,-1	-1,1	1,1	1,1	-1,-1	1,1	
-1,1	-1,-1	1,1	-1,-1	-1,1	-1,1	1,-1	-1,1	-1,1	1,-1	-1,1	
-1,-1	1,1	-1,1	1,-1	-1,-1	1,1	-1,-1	1,-1	-1,-1	-1,1	-1,-1	
1,-1	-1,1	-1,-1	-1,1	1,1	-1,-1	1,1	-1,-1	1,-1	1,1	1,-1	

1,-1	1,-1	1,-1	-1,1	1,1	-1,-1	1,-1	-1,-1	-1,-1	1,-1	1,1	
-1,1	-1,-1	-1,1	-1,-1	-1,1	1,1	-1,-1	-1,1	1,1	1,1	1,-1	
-1,-1	1,1	-1,-1	1,1	1,-1	-1,1	1,1	1,-1	-1,1	-1,-1	-1,1	
1,1	-1,1	1,1	1,-1	-1,-1	1,-1	-1,1	1,1	1,-1	-1,1	-1,-1	

1,-1	-1,1	-1,-1	-1,1	-1,1	-1,1	1,-1	-1,-1	-1,1	-1,1	-1,1	
-1,-1	1,1	1,1	-1,-1	1,-1	1,-1	1,1	-1,1	1,1	1,-1	-1,-1	
-1,1	-1,-1	1,-1	1,1	-1,-1	1,1	-1,-1	1,1	1,-1	-1,-1	1,1	
1,1	1,-1	-1,1	1,-1	1,1	-1,-1	-1,1	1,-1	-1,-1	1,1	1,-1	

5 2 3 0 
7 9 2 3 
2 5 6 10 
10 4 3 5 
10 1 4 0 
2 8 1 9 
6 4 8 9 
6 2 7 0 
1 2 5 10 
7 9 5 4 
8 6 10 9 
9 5 6 0 
6 8 7 4 
2 5 10 0 
3 9 10 1 
6 1 2 4 


1,-1	-1,-1	1,1	-1,1	
-1,-1	1,1	-1,1	1,-1	
1,-1	1,1	-1,1	-1,-1	
1,-1	-1,1	-1,-1	1,1	
1,-1	-1,-1	-1,1	1,1	
1,1	-1,1	1,-1	-1,-1	
1,1	-1,-1	1,-1	-1,1	
-1,1	1,1	1,-1	-1,-1	
-1,-1	-1,1	1,1	1,-1	
1,-1	-1,1	-1,-1	1,1	
-1,-1	-1,1	1,-1	1,1	
1,1	1,-1	-1,-1	-1,1	
1,1	-1,-1	1,-1	-1,1	
-1,-1	1,-1	1,1	-1,1	
-1,1	1,-1	1,1	-1,-1	
1,-1	1,1	-1,-1	-1,1	


386 154 774 703 
1021 651 879 35 
378 990 638 186 
790 670 427 164 
970 277 506 52 
967 1017 237 694 
360 451 576 655 
949 68 67 580 
580 67 68 949 
655 576 451 360 
694 237 1017 967 
52 506 277 970 
164 427 670 790 
186 638 990 378 
35 879 651 1021 
703 774 154 386 

1	1	-1	-1	
-1	-1	1	1	
-1	1	1	-1	
-1	1	-1	1	
-1	1	1	-1	
1	1	-1	-1	
-1	1	-1	1	
1	1	-1	-1	
-1	-1	1	1	
1	-1	1	-1	
-1	-1	1	1	
-1	1	1	-1	
1	-1	1	-1	
-1	1	1	-1	
1	1	-1	-1	
-1	-1	1	1	

7 5 6 3 
6 7 10 4 
8 10 1 9 
10 1 2 6 
1 0 5 9 
8 2 5 7 
4 6 1 9 
3 9 5 0 
0 5 9 3 
9 1 6 4 
7 5 2 8 
9 5 0 1 
6 2 1 10 
9 1 10 8 
4 10 7 6 
3 6 5 7 

2	13	0	15	4	11	6	9	3	12	7	8	1	14	5	10	
