193 706 448 700 968 209 349 746 895 789 262 
670 338 584 116 793 105 401 69 539 619 567 
879 356 866 981 828 459 805 411 420 880 314 
727 522 74 311 840 332 358 552 627 890 895 

239 310 95 936 222 647 656 126 690 707 714 
269 751 118 443 492 507 589 183 543 737 415 
621 180 207 161 482 900 193 218 824 50 222 
170 1019 284 342 260 747 267 898 845 517 535 

174 882 740 192 482 700 187 994 452 696 130 
128 486 128 129 991 313 799 65 214 762 934 
219 945 853 414 675 909 999 56 759 61 903 
127 37 383 377 994 917 365 708 270 38 858 

406 530 329 342 378 262 1015 843 67 328 968 
551 170 938 1016 250 954 258 553 278 162 440 
379 948 555 44 166 750 634 546 930 679 974 
890 739 227 752 809 204 594 834 673 469 646 

341 616 65 335 990 427 248 287 481 89 796 
65 758 382 971 938 393 956 587 213 654 269 
103 82 73 334 882 282 590 834 837 307 762 
511 938 326 630 177 419 705 806 852 733 95 

811 737 623 950 767 79 380 34 593 612 759 
369 599 327 168 964 65 793 1017 906 211 251 
883 90 331 84 830 961 423 269 745 704 642 
743 839 965 521 447 59 1005 140 747 548 849 

278 471 375 962 246 583 518 740 964 723 327 
806 191 882 442 84 824 423 138 620 439 185 
234 80 627 239 294 1015 940 365 769 539 709 
733 419 130 657 614 681 699 683 234 172 270 

333 572 778 882 439 235 132 1021 734 228 896 
411 668 897 817 829 427 630 85 979 762 998 
809 543 758 348 779 164 39 398 813 281 675 
71 92 150 266 90 753 589 356 254 153 742 

264 858 453 166 798 844 1007 519 761 488 746 
948 978 586 399 799 608 429 674 75 646 178 
481 295 127 674 1005 394 512 250 427 960 459 
674 174 835 374 928 214 897 111 55 993 793 

600 674 128 585 785 478 192 462 132 557 620 
1007 91 826 621 380 789 657 450 706 849 739 
586 743 826 789 308 40 327 377 715 947 487 
813 869 894 854 501 810 780 311 672 720 59 

946 88 685 792 436 961 797 978 658 294 108 
527 594 767 942 192 326 776 1023 680 617 251 
184 968 486 489 794 202 138 949 585 269 886 
507 958 985 473 768 760 833 929 797 703 539 

1004 461 667 642 474 464 842 96 1000 952 308 
618 78 561 591 968 330 682 761 701 962 425 
940 174 495 667 631 45 407 763 280 290 416 
873 582 320 68 495 269 793 63 405 662 690 

549 286 449 852 285 445 750 609 820 329 410 
855 576 775 60 438 402 401 73 285 701 747 
746 904 994 177 44 570 173 679 759 978 43 
785 140 34 884 945 43 942 788 717 361 306 

128 570 691 383 98 449 335 262 481 34 1017 
1024 304 812 787 294 121 307 576 577 85 927 
461 527 199 959 545 772 899 492 261 737 994 
485 615 213 954 351 768 531 506 1013 920 578 

735 697 867 1024 285 678 531 618 86 602 598 
249 831 55 582 1009 42 532 837 247 932 214 
693 505 834 759 768 403 927 790 95 694 815 
930 552 458 137 329 154 253 698 844 584 828 

688 433 452 870 151 970 345 274 126 556 555 
313 445 872 887 71 321 918 116 893 958 678 
220 179 578 374 810 961 983 160 613 416 744 
178 1024 854 871 714 639 575 990 922 35 411 

263 139 314 250 556 405 592 459 182 537 306 
485 444 197 345 691 378 683 212 476 271 199 
87 353 677 104 516 907 315 977 621 844 461 
690 522 632 485 90 223 764 919 925 919 857 

204 803 104 465 427 741 1011 828 988 248 768 
986 1015 482 394 370 763 914 306 392 159 98 
104 531 352 75 718 215 349 337 55 247 792 
611 932 729 583 724 809 297 292 389 689 115 

867 875 313 656 598 539 516 275 432 667 284 
202 610 937 526 867 630 932 325 938 824 235 
627 174 385 701 768 207 148 862 155 522 442 
157 653 371 299 393 538 693 226 139 197 870 

826 767 248 337 511 685 417 736 936 964 277 
809 355 966 825 902 497 298 169 697 368 89 
453 896 112 719 373 421 640 965 868 288 553 
721 672 488 563 523 963 269 905 168 240 734 

137 492 702 229 642 893 985 852 897 181 588 
842 399 609 785 650 252 785 89 383 454 457 
185 239 604 523 714 377 978 841 606 256 734 
471 147 616 579 82 199 622 116 333 167 293 

326 659 424 169 92 948 96 257 265 278 845 
359 889 406 933 623 941 892 933 879 615 395 
247 578 1021 1001 314 816 93 177 129 258 637 
317 526 148 295 532 401 415 493 896 770 338 

261 324 778 690 881 714 206 236 603 312 411 
762 521 407 88 787 331 509 196 849 136 648 
514 700 622 550 593 350 82 866 580 948 791 
366 249 552 667 404 939 795 136 826 885 882 

563 58 847 192 756 638 249 965 642 810 439 
749 305 95 984 890 353 489 183 180 961 91 
588 750 505 210 80 512 963 460 1012 393 994 
465 664 45 825 904 758 69 885 1006 145 464 

527 385 826 187 815 716 373 473 73 658 562 
893 874 144 731 321 254 888 381 411 730 716 
541 873 613 289 87 642 769 701 314 1003 917 
1003 549 438 969 228 238 846 491 355 559 849 

688 773 806 695 622 354 598 735 651 895 1016 
990 945 674 657 919 358 993 575 765 801 105 
150 973 326 349 832 673 723 689 131 735 705 
742 52 272 191 250 851 503 403 442 598 337 

182 853 735 284 181 854 912 341 666 73 349 
189 265 136 561 761 840 468 426 54 61 851 
311 969 502 609 479 917 684 678 159 905 209 
623 375 815 945 77 527 631 293 169 756 689 

360 733 1019 466 800 206 690 634 653 568 384 
604 772 891 840 652 103 845 133 324 494 930 
1003 806 175 1011 965 465 338 643 345 920 706 
896 225 261 415 47 616 290 156 495 114 308 

420 727 373 486 818 110 64 128 235 426 141 
560 258 840 992 805 162 755 918 621 512 126 
306 576 1004 414 347 107 821 912 420 188 696 
969 605 72 294 699 350 244 303 335 921 202 

44 179 872 363 268 191 724 996 718 690 168 
908 829 555 607 950 474 321 496 165 147 708 
761 537 830 712 151 699 837 300 956 851 180 
775 479 692 925 711 917 282 782 922 370 110 

71 151 421 407 767 667 432 740 137 913 461 
217 870 754 463 283 164 875 56 348 338 708 
616 905 252 225 408 625 674 96 643 750 788 
856 323 694 780 578 1024 927 327 142 641 794 

488 310 357 920 253 538 870 222 728 928 169 
1001 188 438 268 919 656 119 223 186 855 915 
749 86 356 951 530 147 853 90 390 499 111 
682 893 312 247 234 943 945 774 759 769 115 


-1,-1	-1,-1	-1,-1	-1,-1	-1,-1	-1,-1	-1,1	1,1	1,1	-1,1	1,-1	
-1,1	1,1	-1,1	1,1	1,1	1,-1	1,-1	1,-1	1,-1	-1,-1	1,1	
1,1	1,-1	1,-1	-1,1	1,-1	-1,1	1,1	-1,1	-1,1	1,1	-1,-1	
1,-1	-1,1	1,1	1,-1	-1,1	1,1	-1,-1	-1,-1	-1,-1	1,-1	-1,1	

1,-1	1,-1	-1,-1	-1,-1	1,1	1,-1	1,1	-1,1	-1,1	-1,1	-1,1	
1,1	-1,1	-1,1	1,-1	-1,1	-1,1	-1,-1	1,-1	1,-1	-1,-1	-1,-1	
-1,1	1,1	1,1	-1,1	1,-1	1,1	1,-1	-1,-1	1,1	1,1	1,1	
-1,-1	-1,-1	1,-1	1,1	-1,-1	-1,-1	-1,1	1,1	-1,-1	1,-1	1,-1	

1,1	1,-1	1,-1	-1,-1	1,-1	-1,1	1,1	-1,1	-1,1	-1,1	1,-1	
-1,-1	-1,-1	-1,1	1,1	1,1	-1,-1	-1,-1	-1,-1	1,-1	1,1	1,1	
-1,1	-1,1	1,1	-1,1	-1,1	1,-1	1,-1	1,1	1,1	-1,-1	-1,1	
1,-1	1,1	-1,-1	1,-1	-1,-1	1,1	-1,1	1,-1	-1,-1	1,-1	-1,-1	

-1,1	1,-1	1,-1	1,-1	1,1	-1,-1	-1,-1	1,1	1,1	1,1	-1,1	
-1,-1	-1,-1	-1,-1	-1,1	-1,1	-1,1	1,-1	-1,1	-1,-1	1,-1	1,-1	
1,-1	1,1	-1,1	-1,-1	-1,-1	1,-1	-1,1	1,-1	-1,1	-1,-1	1,1	
1,1	-1,1	1,1	1,1	1,-1	1,1	1,1	-1,-1	1,-1	-1,1	-1,-1	

1,-1	1,1	1,-1	-1,1	-1,-1	1,-1	-1,-1	1,-1	-1,-1	1,1	-1,-1	
-1,1	1,-1	1,1	1,-1	-1,1	1,1	1,-1	1,1	-1,1	-1,-1	1,-1	
-1,-1	-1,-1	-1,1	-1,-1	1,1	-1,-1	1,1	-1,1	1,-1	-1,1	-1,1	
1,1	-1,1	-1,-1	1,1	1,-1	-1,1	-1,1	-1,-1	1,1	1,-1	1,1	

-1,-1	1,1	-1,-1	1,-1	-1,-1	1,-1	-1,-1	1,1	-1,1	-1,-1	1,1	
1,1	-1,-1	-1,1	1,1	1,-1	-1,-1	1,1	-1,1	1,-1	1,1	-1,-1	
1,-1	-1,1	1,1	-1,-1	1,1	1,1	-1,1	-1,-1	1,1	-1,1	-1,1	
-1,1	1,-1	1,-1	-1,1	-1,1	-1,1	1,-1	1,-1	-1,-1	1,-1	1,-1	

-1,-1	-1,1	1,1	1,-1	-1,-1	1,1	-1,1	-1,-1	-1,1	-1,-1	-1,1	
1,1	-1,-1	-1,1	-1,-1	1,1	-1,1	1,1	-1,1	1,1	-1,1	1,-1	
1,-1	1,-1	1,-1	-1,1	-1,1	1,-1	-1,-1	1,-1	1,-1	1,1	1,1	
-1,1	1,1	-1,-1	1,1	1,-1	-1,-1	1,-1	1,1	-1,-1	1,-1	-1,-1	

1,-1	-1,1	1,-1	1,1	1,-1	-1,-1	1,1	-1,1	-1,-1	-1,1	-1,-1	
-1,-1	1,1	-1,1	1,-1	-1,1	1,-1	-1,-1	1,1	-1,1	1,1	-1,1	
-1,1	-1,-1	-1,-1	-1,-1	-1,-1	1,1	1,-1	-1,-1	1,1	1,-1	1,-1	
1,1	1,-1	1,1	-1,1	1,1	-1,1	-1,1	1,-1	1,-1	-1,-1	1,1	

-1,-1	1,1	-1,1	1,1	-1,-1	1,-1	-1,-1	1,1	1,-1	1,1	-1,-1	
-1,1	1,-1	1,1	-1,1	1,1	-1,1	1,1	-1,-1	-1,1	1,-1	1,1	
1,-1	-1,-1	1,-1	1,-1	-1,1	-1,-1	-1,1	1,-1	-1,-1	-1,-1	1,-1	
1,1	-1,1	-1,-1	-1,-1	1,-1	1,1	1,-1	-1,1	1,1	-1,1	-1,1	

-1,1	1,1	1,-1	-1,-1	-1,1	1,1	-1,-1	1,1	1,-1	-1,1	1,1	
1,1	-1,1	1,1	1,-1	-1,-1	-1,1	1,1	-1,-1	-1,1	-1,-1	-1,1	
1,-1	1,-1	-1,1	-1,1	1,-1	1,-1	-1,1	-1,1	1,1	1,-1	1,-1	
-1,-1	-1,-1	-1,-1	1,1	1,1	-1,-1	1,-1	1,-1	-1,-1	1,1	-1,-1	

-1,1	1,-1	1,-1	1,1	1,-1	1,1	1,1	1,-1	1,-1	1,1	1,1	
-1,-1	1,1	-1,1	-1,1	-1,1	-1,-1	-1,-1	-1,-1	-1,-1	-1,-1	1,-1	
1,-1	-1,1	1,1	-1,-1	1,1	1,-1	1,-1	1,1	1,1	-1,1	-1,-1	
1,1	-1,-1	-1,-1	1,-1	-1,-1	-1,1	-1,1	-1,1	-1,1	1,-1	-1,1	

-1,-1	-1,1	-1,1	1,1	1,-1	1,-1	1,-1	1,-1	1,-1	1,-1	-1,-1	
1,-1	1,-1	-1,-1	-1,-1	-1,1	1,1	1,1	-1,-1	-1,1	1,1	1,1	
1,1	-1,-1	1,1	-1,1	-1,-1	-1,-1	-1,1	1,1	-1,-1	-1,1	1,-1	
-1,1	1,1	1,-1	1,-1	1,1	-1,1	-1,-1	-1,1	1,1	-1,-1	-1,1	

1,-1	1,-1	1,1	-1,-1	-1,-1	1,1	1,1	1,1	-1,-1	1,1	-1,1	
1,1	-1,1	-1,1	-1,1	-1,1	1,-1	-1,1	-1,1	-1,1	1,-1	1,-1	
-1,-1	-1,-1	-1,-1	1,1	1,1	-1,-1	1,-1	-1,-1	1,1	-1,-1	1,1	
-1,1	1,1	1,-1	1,-1	1,-1	-1,1	-1,-1	1,-1	1,-1	-1,1	-1,-1	

1,1	-1,1	1,-1	1,1	1,1	-1,-1	-1,-1	-1,-1	-1,-1	-1,-1	-1,-1	
-1,-1	-1,-1	-1,-1	-1,1	-1,1	-1,1	1,1	1,1	-1,1	-1,1	1,1	
1,-1	1,1	-1,1	-1,-1	1,-1	1,1	-1,1	1,-1	1,1	1,-1	1,-1	
-1,1	1,-1	1,1	1,-1	-1,-1	1,-1	1,-1	-1,1	1,-1	1,1	-1,1	

-1,-1	-1,-1	-1,-1	1,-1	1,-1	1,-1	-1,1	1,1	-1,1	1,1	1,1	
1,1	1,1	1,1	1,1	-1,-1	-1,-1	-1,-1	-1,-1	-1,-1	-1,-1	-1,1	
1,-1	1,-1	1,-1	-1,1	1,1	1,1	1,1	-1,1	1,-1	-1,1	-1,-1	
-1,1	-1,1	-1,1	-1,-1	-1,1	-1,1	1,-1	1,-1	1,1	1,-1	1,-1	

-1,-1	-1,-1	-1,-1	1,1	1,1	-1,1	-1,-1	-1,-1	-1,-1	-1,-1	-1,-1	
-1,1	1,1	1,-1	-1,1	-1,-1	1,-1	1,-1	-1,1	-1,1	1,1	1,-1	
1,1	1,-1	-1,1	1,-1	1,-1	-1,-1	1,1	1,1	1,1	-1,1	-1,1	
1,-1	-1,1	1,1	-1,-1	-1,1	1,1	-1,1	1,-1	1,-1	1,-1	1,1	

-1,-1	1,1	1,-1	1,1	1,-1	-1,1	1,-1	-1,-1	1,1	1,-1	-1,-1	
1,-1	-1,-1	1,1	-1,-1	1,1	-1,-1	1,1	1,-1	-1,-1	1,1	1,-1	
-1,1	-1,1	-1,1	-1,1	-1,1	1,1	-1,1	-1,1	1,-1	-1,-1	1,1	
1,1	1,-1	-1,-1	1,-1	-1,-1	1,-1	-1,-1	1,1	-1,1	-1,1	-1,1	

-1,-1	-1,1	-1,-1	1,1	-1,-1	1,-1	-1,-1	1,-1	-1,1	-1,-1	1,1	
-1,1	-1,-1	1,-1	-1,-1	1,-1	-1,-1	-1,1	1,1	-1,-1	1,1	-1,-1	
1,1	1,-1	-1,1	-1,1	1,1	1,1	1,1	-1,-1	1,-1	-1,1	1,-1	
1,-1	1,1	1,1	1,-1	-1,1	-1,1	1,-1	-1,1	1,1	1,-1	-1,1	

1,-1	-1,1	1,-1	-1,-1	-1,1	1,1	-1,1	-1,-1	1,1	1,-1	1,1	
-1,1	1,-1	-1,-1	-1,1	1,1	-1,1	-1,-1	1,1	1,-1	-1,-1	1,-1	
1,1	1,1	-1,1	1,-1	-1,-1	1,-1	1,-1	1,-1	-1,1	-1,1	-1,1	
-1,-1	-1,-1	1,1	1,1	1,-1	-1,-1	1,1	-1,1	-1,-1	1,1	-1,-1	

1,-1	-1,-1	-1,1	-1,-1	1,1	-1,-1	-1,1	1,1	-1,-1	1,1	1,-1	
1,1	1,-1	-1,-1	1,1	-1,1	1,1	-1,-1	-1,1	1,1	1,-1	1,1	
-1,-1	-1,1	1,1	-1,1	1,-1	-1,1	1,-1	1,-1	-1,1	-1,-1	-1,-1	
-1,1	1,1	1,-1	1,-1	-1,-1	1,-1	1,1	-1,-1	1,-1	-1,1	-1,1	

-1,-1	-1,1	-1,-1	-1,1	1,1	-1,1	-1,-1	1,1	-1,-1	1,1	-1,-1	
-1,1	-1,-1	1,1	1,-1	-1,1	-1,-1	1,1	1,-1	1,1	1,-1	-1,1	
1,1	1,1	-1,1	1,1	-1,-1	1,1	1,-1	-1,1	-1,1	-1,-1	1,-1	
1,-1	1,-1	1,-1	-1,-1	1,-1	1,-1	-1,1	-1,-1	1,-1	-1,1	1,1	

-1,1	-1,1	1,1	-1,1	-1,1	-1,1	1,1	-1,1	-1,-1	-1,-1	-1,-1	
-1,-1	1,-1	1,-1	1,-1	1,-1	1,-1	1,-1	1,-1	1,1	1,-1	1,-1	
1,1	-1,-1	-1,1	1,1	1,1	-1,-1	-1,-1	1,1	1,-1	-1,1	1,1	
1,-1	1,1	-1,-1	-1,-1	-1,-1	1,1	-1,1	-1,-1	-1,1	1,1	-1,1	

1,1	-1,1	1,-1	1,1	1,-1	1,-1	-1,-1	-1,1	-1,1	1,1	-1,1	
-1,-1	-1,-1	-1,-1	-1,1	-1,-1	-1,1	1,1	1,1	1,-1	-1,-1	1,-1	
-1,1	1,1	1,1	1,-1	1,1	-1,-1	1,-1	1,-1	-1,-1	1,-1	-1,-1	
1,-1	1,-1	-1,1	-1,-1	-1,1	1,1	-1,1	-1,-1	1,1	-1,1	1,1	

1,-1	1,1	-1,-1	1,1	-1,-1	1,-1	1,-1	1,1	1,-1	1,-1	1,-1	
-1,-1	-1,1	1,-1	-1,1	-1,1	-1,1	-1,-1	-1,-1	-1,-1	-1,1	-1,1	
-1,1	-1,-1	1,1	-1,-1	1,-1	1,1	-1,1	1,-1	1,1	-1,-1	1,1	
1,1	1,-1	-1,1	1,-1	1,1	-1,-1	1,1	-1,1	-1,1	1,1	-1,-1	

-1,-1	1,-1	1,1	1,1	1,1	1,1	1,1	1,1	1,1	1,1	-1,1	
-1,1	-1,1	-1,-1	-1,1	1,-1	-1,-1	1,-1	1,-1	1,-1	1,-1	1,-1	
1,1	1,1	1,-1	-1,-1	-1,-1	-1,1	-1,-1	-1,-1	-1,1	-1,1	1,1	
1,-1	-1,-1	-1,1	1,-1	-1,1	1,-1	-1,1	-1,1	-1,-1	-1,-1	-1,-1	

1,-1	1,-1	1,-1	-1,-1	-1,1	-1,1	-1,1	-1,1	1,1	-1,1	1,1	
1,1	-1,-1	1,1	1,1	1,1	-1,-1	1,1	-1,-1	-1,-1	-1,-1	1,-1	
-1,-1	-1,1	-1,1	1,-1	-1,-1	1,-1	1,-1	1,1	1,-1	1,1	-1,1	
-1,1	1,1	-1,-1	-1,1	1,-1	1,1	-1,-1	1,-1	-1,1	1,-1	-1,-1	

1,1	-1,1	1,-1	-1,-1	1,1	1,1	1,-1	1,1	-1,1	1,1	1,-1	
1,-1	-1,-1	1,1	-1,1	-1,1	1,-1	-1,1	-1,-1	1,1	-1,1	1,1	
-1,-1	1,-1	-1,1	1,1	-1,-1	-1,-1	-1,-1	1,-1	-1,-1	1,-1	-1,1	
-1,1	1,1	-1,-1	1,-1	1,-1	-1,1	1,1	-1,1	1,-1	-1,-1	-1,-1	

-1,-1	1,-1	-1,-1	-1,1	1,1	1,-1	1,1	-1,-1	-1,1	1,-1	1,1	
1,1	-1,-1	1,1	-1,-1	-1,1	1,1	1,-1	1,1	1,-1	1,1	1,-1	
-1,1	-1,1	1,-1	1,1	1,-1	-1,1	-1,1	-1,1	1,1	-1,-1	-1,1	
1,-1	1,1	-1,1	1,-1	-1,-1	-1,-1	-1,-1	1,-1	-1,-1	-1,1	-1,-1	

1,-1	-1,-1	1,-1	-1,-1	1,-1	-1,-1	-1,1	1,1	-1,1	1,-1	1,1	
-1,-1	1,-1	-1,1	1,1	-1,-1	1,-1	-1,-1	-1,1	1,1	-1,1	-1,-1	
-1,1	-1,1	-1,-1	-1,1	-1,1	-1,1	1,1	1,-1	1,-1	1,1	-1,1	
1,1	1,1	1,1	1,-1	1,1	1,1	1,-1	-1,-1	-1,-1	-1,-1	1,-1	

-1,-1	-1,1	1,-1	-1,1	1,-1	1,1	-1,1	-1,-1	1,1	1,-1	-1,1	
-1,1	-1,-1	-1,1	1,-1	1,1	-1,1	-1,-1	-1,1	1,-1	-1,1	1,-1	
1,1	1,1	1,1	-1,-1	-1,1	-1,-1	1,1	1,-1	-1,-1	1,1	-1,-1	
1,-1	1,-1	-1,-1	1,1	-1,-1	1,-1	1,-1	1,1	-1,1	-1,-1	1,1	

1,1	-1,-1	-1,1	1,-1	-1,1	1,1	-1,1	-1,-1	1,1	-1,1	1,1	
-1,-1	-1,1	1,1	-1,1	-1,-1	1,-1	1,1	1,-1	-1,1	1,-1	-1,1	
1,-1	1,-1	1,-1	-1,-1	1,-1	-1,1	1,-1	-1,1	-1,-1	-1,-1	-1,-1	
-1,1	1,1	-1,-1	1,1	1,1	-1,-1	-1,-1	1,1	1,-1	1,1	1,-1	

-1,1	1,-1	1,1	-1,1	-1,-1	1,1	-1,1	1,1	-1,-1	-1,1	-1,-1	
1,-1	-1,1	1,-1	1,1	-1,1	-1,-1	1,1	-1,1	1,1	-1,-1	1,1	
-1,-1	1,1	-1,-1	-1,-1	1,1	1,-1	1,-1	-1,-1	1,-1	1,1	-1,1	
1,1	-1,-1	-1,1	1,-1	1,-1	-1,1	-1,-1	1,-1	-1,1	1,-1	1,-1	

0 9 3 10 
0 10 3 4 
9 4 3 10 
0 3 2 4 
8 6 3 2 
2 4 7 1 
6 2 0 8 
6 10 3 7 
2 7 5 3 
2 4 10 7 
8 5 0 4 
0 8 10 9 
7 2 0 9 
1 6 3 4 
3 4 9 1 
7 5 10 2 
4 1 2 0 
2 6 9 3 
1 3 4 8 
6 7 10 0 
1 2 0 5 
2 10 3 6 
7 8 2 5 
1 4 10 2 
8 4 5 9 
0 7 1 8 
4 6 9 1 
10 0 6 9 
4 8 10 6 
10 8 1 6 
8 4 3 5 
3 4 9 2 


727 522 74 311 840 332 358 552 627 890 895 
879 356 866 981 828 459 805 411 420 880 314 
670 338 584 116 793 105 401 69 539 619 567 
193 706 448 700 968 209 349 746 895 789 262 

170 1019 284 342 260 747 267 898 845 517 535 
621 180 207 161 482 900 193 218 824 50 222 
269 751 118 443 492 507 589 183 543 737 415 
239 310 95 936 222 647 656 126 690 707 714 

127 37 383 377 994 917 365 708 270 38 858 
219 945 853 414 675 909 999 56 759 61 903 
128 486 128 129 991 313 799 65 214 762 934 
174 882 740 192 482 700 187 994 452 696 130 

890 739 227 752 809 204 594 834 673 469 646 
379 948 555 44 166 750 634 546 930 679 974 
551 170 938 1016 250 954 258 553 278 162 440 
406 530 329 342 378 262 1015 843 67 328 968 

511 938 326 630 177 419 705 806 852 733 95 
103 82 73 334 882 282 590 834 837 307 762 
65 758 382 971 938 393 956 587 213 654 269 
341 616 65 335 990 427 248 287 481 89 796 

743 839 965 521 447 59 1005 140 747 548 849 
883 90 331 84 830 961 423 269 745 704 642 
369 599 327 168 964 65 793 1017 906 211 251 
811 737 623 950 767 79 380 34 593 612 759 

733 419 130 657 614 681 699 683 234 172 270 
234 80 627 239 294 1015 940 365 769 539 709 
806 191 882 442 84 824 423 138 620 439 185 
278 471 375 962 246 583 518 740 964 723 327 

71 92 150 266 90 753 589 356 254 153 742 
809 543 758 348 779 164 39 398 813 281 675 
411 668 897 817 829 427 630 85 979 762 998 
333 572 778 882 439 235 132 1021 734 228 896 

674 174 835 374 928 214 897 111 55 993 793 
481 295 127 674 1005 394 512 250 427 960 459 
948 978 586 399 799 608 429 674 75 646 178 
264 858 453 166 798 844 1007 519 761 488 746 

813 869 894 854 501 810 780 311 672 720 59 
586 743 826 789 308 40 327 377 715 947 487 
1007 91 826 621 380 789 657 450 706 849 739 
600 674 128 585 785 478 192 462 132 557 620 

507 958 985 473 768 760 833 929 797 703 539 
184 968 486 489 794 202 138 949 585 269 886 
527 594 767 942 192 326 776 1023 680 617 251 
946 88 685 792 436 961 797 978 658 294 108 

873 582 320 68 495 269 793 63 405 662 690 
940 174 495 667 631 45 407 763 280 290 416 
618 78 561 591 968 330 682 761 701 962 425 
1004 461 667 642 474 464 842 96 1000 952 308 

785 140 34 884 945 43 942 788 717 361 306 
746 904 994 177 44 570 173 679 759 978 43 
855 576 775 60 438 402 401 73 285 701 747 
549 286 449 852 285 445 750 609 820 329 410 

485 615 213 954 351 768 531 506 1013 920 578 
461 527 199 959 545 772 899 492 261 737 994 
1024 304 812 787 294 121 307 576 577 85 927 
128 570 691 383 98 449 335 262 481 34 1017 

930 552 458 137 329 154 253 698 844 584 828 
693 505 834 759 768 403 927 790 95 694 815 
249 831 55 582 1009 42 532 837 247 932 214 
735 697 867 1024 285 678 531 618 86 602 598 

178 1024 854 871 714 639 575 990 922 35 411 
220 179 578 374 810 961 983 160 613 416 744 
313 445 872 887 71 321 918 116 893 958 678 
688 433 452 870 151 970 345 274 126 556 555 

690 522 632 485 90 223 764 919 925 919 857 
87 353 677 104 516 907 315 977 621 844 461 
485 444 197 345 691 378 683 212 476 271 199 
263 139 314 250 556 405 592 459 182 537 306 

611 932 729 583 724 809 297 292 389 689 115 
104 531 352 75 718 215 349 337 55 247 792 
986 1015 482 394 370 763 914 306 392 159 98 
204 803 104 465 427 741 1011 828 988 248 768 

157 653 371 299 393 538 693 226 139 197 870 
627 174 385 701 768 207 148 862 155 522 442 
202 610 937 526 867 630 932 325 938 824 235 
867 875 313 656 598 539 516 275 432 667 284 

721 672 488 563 523 963 269 905 168 240 734 
453 896 112 719 373 421 640 965 868 288 553 
809 355 966 825 902 497 298 169 697 368 89 
826 767 248 337 511 685 417 736 936 964 277 

471 147 616 579 82 199 622 116 333 167 293 
185 239 604 523 714 377 978 841 606 256 734 
842 399 609 785 650 252 785 89 383 454 457 
137 492 702 229 642 893 985 852 897 181 588 

317 526 148 295 532 401 415 493 896 770 338 
247 578 1021 1001 314 816 93 177 129 258 637 
359 889 406 933 623 941 892 933 879 615 395 
326 659 424 169 92 948 96 257 265 278 845 

366 249 552 667 404 939 795 136 826 885 882 
514 700 622 550 593 350 82 866 580 948 791 
762 521 407 88 787 331 509 196 849 136 648 
261 324 778 690 881 714 206 236 603 312 411 

465 664 45 825 904 758 69 885 1006 145 464 
588 750 505 210 80 512 963 460 1012 393 994 
749 305 95 984 890 353 489 183 180 961 91 
563 58 847 192 756 638 249 965 642 810 439 

1003 549 438 969 228 238 846 491 355 559 849 
541 873 613 289 87 642 769 701 314 1003 917 
893 874 144 731 321 254 888 381 411 730 716 
527 385 826 187 815 716 373 473 73 658 562 

742 52 272 191 250 851 503 403 442 598 337 
150 973 326 349 832 673 723 689 131 735 705 
990 945 674 657 919 358 993 575 765 801 105 
688 773 806 695 622 354 598 735 651 895 1016 

623 375 815 945 77 527 631 293 169 756 689 
311 969 502 609 479 917 684 678 159 905 209 
189 265 136 561 761 840 468 426 54 61 851 
182 853 735 284 181 854 912 341 666 73 349 

896 225 261 415 47 616 290 156 495 114 308 
1003 806 175 1011 965 465 338 643 345 920 706 
604 772 891 840 652 103 845 133 324 494 930 
360 733 1019 466 800 206 690 634 653 568 384 

969 605 72 294 699 350 244 303 335 921 202 
306 576 1004 414 347 107 821 912 420 188 696 
560 258 840 992 805 162 755 918 621 512 126 
420 727 373 486 818 110 64 128 235 426 141 

775 479 692 925 711 917 282 782 922 370 110 
761 537 830 712 151 699 837 300 956 851 180 
908 829 555 607 950 474 321 496 165 147 708 
44 179 872 363 268 191 724 996 718 690 168 

856 323 694 780 578 1024 927 327 142 641 794 
616 905 252 225 408 625 674 96 643 750 788 
217 870 754 463 283 164 875 56 348 338 708 
71 151 421 407 767 667 432 740 137 913 461 

682 893 312 247 234 943 945 774 759 769 115 
749 86 356 951 530 147 853 90 390 499 111 
1001 188 438 268 919 656 119 223 186 855 915 
488 310 357 920 253 538 870 222 728 928 169 


1,-1	-1,1	1,1	1,-1	-1,1	1,1	-1,-1	-1,-1	-1,-1	1,-1	-1,1	
1,1	1,-1	1,-1	-1,1	1,-1	-1,1	1,1	-1,1	-1,1	1,1	-1,-1	
-1,1	1,1	-1,1	1,1	1,1	1,-1	1,-1	1,-1	1,-1	-1,-1	1,1	
-1,-1	-1,-1	-1,-1	-1,-1	-1,-1	-1,-1	-1,1	1,1	1,1	-1,1	1,-1	

-1,-1	-1,-1	1,-1	1,1	-1,-1	-1,-1	-1,1	1,1	-1,-1	1,-1	1,-1	
-1,1	1,1	1,1	-1,1	1,-1	1,1	1,-1	-1,-1	1,1	1,1	1,1	
1,1	-1,1	-1,1	1,-1	-1,1	-1,1	-1,-1	1,-1	1,-1	-1,-1	-1,-1	
1,-1	1,-1	-1,-1	-1,-1	1,1	1,-1	1,1	-1,1	-1,1	-1,1	-1,1	

1,-1	1,1	-1,-1	1,-1	-1,-1	1,1	-1,1	1,-1	-1,-1	1,-1	-1,-1	
-1,1	-1,1	1,1	-1,1	-1,1	1,-1	1,-1	1,1	1,1	-1,-1	-1,1	
-1,-1	-1,-1	-1,1	1,1	1,1	-1,-1	-1,-1	-1,-1	1,-1	1,1	1,1	
1,1	1,-1	1,-1	-1,-1	1,-1	-1,1	1,1	-1,1	-1,1	-1,1	1,-1	

1,1	-1,1	1,1	1,1	1,-1	1,1	1,1	-1,-1	1,-1	-1,1	-1,-1	
1,-1	1,1	-1,1	-1,-1	-1,-1	1,-1	-1,1	1,-1	-1,1	-1,-1	1,1	
-1,-1	-1,-1	-1,-1	-1,1	-1,1	-1,1	1,-1	-1,1	-1,-1	1,-1	1,-1	
-1,1	1,-1	1,-1	1,-1	1,1	-1,-1	-1,-1	1,1	1,1	1,1	-1,1	

1,1	-1,1	-1,-1	1,1	1,-1	-1,1	-1,1	-1,-1	1,1	1,-1	1,1	
-1,-1	-1,-1	-1,1	-1,-1	1,1	-1,-1	1,1	-1,1	1,-1	-1,1	-1,1	
-1,1	1,-1	1,1	1,-1	-1,1	1,1	1,-1	1,1	-1,1	-1,-1	1,-1	
1,-1	1,1	1,-1	-1,1	-1,-1	1,-1	-1,-1	1,-1	-1,-1	1,1	-1,-1	

-1,1	1,-1	1,-1	-1,1	-1,1	-1,1	1,-1	1,-1	-1,-1	1,-1	1,-1	
1,-1	-1,1	1,1	-1,-1	1,1	1,1	-1,1	-1,-1	1,1	-1,1	-1,1	
1,1	-1,-1	-1,1	1,1	1,-1	-1,-1	1,1	-1,1	1,-1	1,1	-1,-1	
-1,-1	1,1	-1,-1	1,-1	-1,-1	1,-1	-1,-1	1,1	-1,1	-1,-1	1,1	

-1,1	1,1	-1,-1	1,1	1,-1	-1,-1	1,-1	1,1	-1,-1	1,-1	-1,-1	
1,-1	1,-1	1,-1	-1,1	-1,1	1,-1	-1,-1	1,-1	1,-1	1,1	1,1	
1,1	-1,-1	-1,1	-1,-1	1,1	-1,1	1,1	-1,1	1,1	-1,1	1,-1	
-1,-1	-1,1	1,1	1,-1	-1,-1	1,1	-1,1	-1,-1	-1,1	-1,-1	-1,1	

1,1	1,-1	1,1	-1,1	1,1	-1,1	-1,1	1,-1	1,-1	-1,-1	1,1	
-1,1	-1,-1	-1,-1	-1,-1	-1,-1	1,1	1,-1	-1,-1	1,1	1,-1	1,-1	
-1,-1	1,1	-1,1	1,-1	-1,1	1,-1	-1,-1	1,1	-1,1	1,1	-1,1	
1,-1	-1,1	1,-1	1,1	1,-1	-1,-1	1,1	-1,1	-1,-1	-1,1	-1,-1	

1,1	-1,1	-1,-1	-1,-1	1,-1	1,1	1,-1	-1,1	1,1	-1,1	-1,1	
1,-1	-1,-1	1,-1	1,-1	-1,1	-1,-1	-1,1	1,-1	-1,-1	-1,-1	1,-1	
-1,1	1,-1	1,1	-1,1	1,1	-1,1	1,1	-1,-1	-1,1	1,-1	1,1	
-1,-1	1,1	-1,1	1,1	-1,-1	1,-1	-1,-1	1,1	1,-1	1,1	-1,-1	

-1,-1	-1,-1	-1,-1	1,1	1,1	-1,-1	1,-1	1,-1	-1,-1	1,1	-1,-1	
1,-1	1,-1	-1,1	-1,1	1,-1	1,-1	-1,1	-1,1	1,1	1,-1	1,-1	
1,1	-1,1	1,1	1,-1	-1,-1	-1,1	1,1	-1,-1	-1,1	-1,-1	-1,1	
-1,1	1,1	1,-1	-1,-1	-1,1	1,1	-1,-1	1,1	1,-1	-1,1	1,1	

1,1	-1,-1	-1,-1	1,-1	-1,-1	-1,1	-1,1	-1,1	-1,1	1,-1	-1,1	
1,-1	-1,1	1,1	-1,-1	1,1	1,-1	1,-1	1,1	1,1	-1,1	-1,-1	
-1,-1	1,1	-1,1	-1,1	-1,1	-1,-1	-1,-1	-1,-1	-1,-1	-1,-1	1,-1	
-1,1	1,-1	1,-1	1,1	1,-1	1,1	1,1	1,-1	1,-1	1,1	1,1	

-1,1	1,1	1,-1	1,-1	1,1	-1,1	-1,-1	-1,1	1,1	-1,-1	-1,1	
1,1	-1,-1	1,1	-1,1	-1,-1	-1,-1	-1,1	1,1	-1,-1	-1,1	1,-1	
1,-1	1,-1	-1,-1	-1,-1	-1,1	1,1	1,1	-1,-1	-1,1	1,1	1,1	
-1,-1	-1,1	-1,1	1,1	1,-1	1,-1	1,-1	1,-1	1,-1	1,-1	-1,-1	

-1,1	1,1	1,-1	1,-1	1,-1	-1,1	-1,-1	1,-1	1,-1	-1,1	-1,-1	
-1,-1	-1,-1	-1,-1	1,1	1,1	-1,-1	1,-1	-1,-1	1,1	-1,-1	1,1	
1,1	-1,1	-1,1	-1,1	-1,1	1,-1	-1,1	-1,1	-1,1	1,-1	1,-1	
1,-1	1,-1	1,1	-1,-1	-1,-1	1,1	1,1	1,1	-1,-1	1,1	-1,1	

-1,1	1,-1	1,1	1,-1	-1,-1	1,-1	1,-1	-1,1	1,-1	1,1	-1,1	
1,-1	1,1	-1,1	-1,-1	1,-1	1,1	-1,1	1,-1	1,1	1,-1	1,-1	
-1,-1	-1,-1	-1,-1	-1,1	-1,1	-1,1	1,1	1,1	-1,1	-1,1	1,1	
1,1	-1,1	1,-1	1,1	1,1	-1,-1	-1,-1	-1,-1	-1,-1	-1,-1	-1,-1	

-1,1	-1,1	-1,1	-1,-1	-1,1	-1,1	1,-1	1,-1	1,1	1,-1	1,-1	
1,-1	1,-1	1,-1	-1,1	1,1	1,1	1,1	-1,1	1,-1	-1,1	-1,-1	
1,1	1,1	1,1	1,1	-1,-1	-1,-1	-1,-1	-1,-1	-1,-1	-1,-1	-1,1	
-1,-1	-1,-1	-1,-1	1,-1	1,-1	1,-1	-1,1	1,1	-1,1	1,1	1,1	

1,-1	-1,1	1,1	-1,-1	-1,1	1,1	-1,1	1,-1	1,-1	1,-1	1,1	
1,1	1,-1	-1,1	1,-1	1,-1	-1,-1	1,1	1,1	1,1	-1,1	-1,1	
-1,1	1,1	1,-1	-1,1	-1,-1	1,-1	1,-1	-1,1	-1,1	1,1	1,-1	
-1,-1	-1,-1	-1,-1	1,1	1,1	-1,1	-1,-1	-1,-1	-1,-1	-1,-1	-1,-1	

1,1	1,-1	-1,-1	1,-1	-1,-1	1,-1	-1,-1	1,1	-1,1	-1,1	-1,1	
-1,1	-1,1	-1,1	-1,1	-1,1	1,1	-1,1	-1,1	1,-1	-1,-1	1,1	
1,-1	-1,-1	1,1	-1,-1	1,1	-1,-1	1,1	1,-1	-1,-1	1,1	1,-1	
-1,-1	1,1	1,-1	1,1	1,-1	-1,1	1,-1	-1,-1	1,1	1,-1	-1,-1	

1,-1	1,1	1,1	1,-1	-1,1	-1,1	1,-1	-1,1	1,1	1,-1	-1,1	
1,1	1,-1	-1,1	-1,1	1,1	1,1	1,1	-1,-1	1,-1	-1,1	1,-1	
-1,1	-1,-1	1,-1	-1,-1	1,-1	-1,-1	-1,1	1,1	-1,-1	1,1	-1,-1	
-1,-1	-1,1	-1,-1	1,1	-1,-1	1,-1	-1,-1	1,-1	-1,1	-1,-1	1,1	

-1,-1	-1,-1	1,1	1,1	1,-1	-1,-1	1,1	-1,1	-1,-1	1,1	-1,-1	
1,1	1,1	-1,1	1,-1	-1,-1	1,-1	1,-1	1,-1	-1,1	-1,1	-1,1	
-1,1	1,-1	-1,-1	-1,1	1,1	-1,1	-1,-1	1,1	1,-1	-1,-1	1,-1	
1,-1	-1,1	1,-1	-1,-1	-1,1	1,1	-1,1	-1,-1	1,1	1,-1	1,1	

-1,1	1,1	1,-1	1,-1	-1,-1	1,-1	1,1	-1,-1	1,-1	-1,1	-1,1	
-1,-1	-1,1	1,1	-1,1	1,-1	-1,1	1,-1	1,-1	-1,1	-1,-1	-1,-1	
1,1	1,-1	-1,-1	1,1	-1,1	1,1	-1,-1	-1,1	1,1	1,-1	1,1	
1,-1	-1,-1	-1,1	-1,-1	1,1	-1,-1	-1,1	1,1	-1,-1	1,1	1,-1	

1,-1	1,-1	1,-1	-1,-1	1,-1	1,-1	-1,1	-1,-1	1,-1	-1,1	1,1	
1,1	1,1	-1,1	1,1	-1,-1	1,1	1,-1	-1,1	-1,1	-1,-1	1,-1	
-1,1	-1,-1	1,1	1,-1	-1,1	-1,-1	1,1	1,-1	1,1	1,-1	-1,1	
-1,-1	-1,1	-1,-1	-1,1	1,1	-1,1	-1,-1	1,1	-1,-1	1,1	-1,-1	

1,-1	1,1	-1,-1	-1,-1	-1,-1	1,1	-1,1	-1,-1	-1,1	1,1	-1,1	
1,1	-1,-1	-1,1	1,1	1,1	-1,-1	-1,-1	1,1	1,-1	-1,1	1,1	
-1,-1	1,-1	1,-1	1,-1	1,-1	1,-1	1,-1	1,-1	1,1	1,-1	1,-1	
-1,1	-1,1	1,1	-1,1	-1,1	-1,1	1,1	-1,1	-1,-1	-1,-1	-1,-1	

1,-1	1,-1	-1,1	-1,-1	-1,1	1,1	-1,1	-1,-1	1,1	-1,1	1,1	
-1,1	1,1	1,1	1,-1	1,1	-1,-1	1,-1	1,-1	-1,-1	1,-1	-1,-1	
-1,-1	-1,-1	-1,-1	-1,1	-1,-1	-1,1	1,1	1,1	1,-1	-1,-1	1,-1	
1,1	-1,1	1,-1	1,1	1,-1	1,-1	-1,-1	-1,1	-1,1	1,1	-1,1	

1,1	1,-1	-1,1	1,-1	1,1	-1,-1	1,1	-1,1	-1,1	1,1	-1,-1	
-1,1	-1,-1	1,1	-1,-1	1,-1	1,1	-1,1	1,-1	1,1	-1,-1	1,1	
-1,-1	-1,1	1,-1	-1,1	-1,1	-1,1	-1,-1	-1,-1	-1,-1	-1,1	-1,1	
1,-1	1,1	-1,-1	1,1	-1,-1	1,-1	1,-1	1,1	1,-1	1,-1	1,-1	

1,-1	-1,-1	-1,1	1,-1	-1,1	1,-1	-1,1	-1,1	-1,-1	-1,-1	-1,-1	
1,1	1,1	1,-1	-1,-1	-1,-1	-1,1	-1,-1	-1,-1	-1,1	-1,1	1,1	
-1,1	-1,1	-1,-1	-1,1	1,-1	-1,-1	1,-1	1,-1	1,-1	1,-1	1,-1	
-1,-1	1,-1	1,1	1,1	1,1	1,1	1,1	1,1	1,1	1,1	-1,1	

-1,1	1,1	-1,-1	-1,1	1,-1	1,1	-1,-1	1,-1	-1,1	1,-1	-1,-1	
-1,-1	-1,1	-1,1	1,-1	-1,-1	1,-1	1,-1	1,1	1,-1	1,1	-1,1	
1,1	-1,-1	1,1	1,1	1,1	-1,-1	1,1	-1,-1	-1,-1	-1,-1	1,-1	
1,-1	1,-1	1,-1	-1,-1	-1,1	-1,1	-1,1	-1,1	1,1	-1,1	1,1	

-1,1	1,1	-1,-1	1,-1	1,-1	-1,1	1,1	-1,1	1,-1	-1,-1	-1,-1	
-1,-1	1,-1	-1,1	1,1	-1,-1	-1,-1	-1,-1	1,-1	-1,-1	1,-1	-1,1	
1,-1	-1,-1	1,1	-1,1	-1,1	1,-1	-1,1	-1,-1	1,1	-1,1	1,1	
1,1	-1,1	1,-1	-1,-1	1,1	1,1	1,-1	1,1	-1,1	1,1	1,-1	

1,-1	1,1	-1,1	1,-1	-1,-1	-1,-1	-1,-1	1,-1	-1,-1	-1,1	-1,-1	
-1,1	-1,1	1,-1	1,1	1,-1	-1,1	-1,1	-1,1	1,1	-1,-1	-1,1	
1,1	-1,-1	1,1	-1,-1	-1,1	1,1	1,-1	1,1	1,-1	1,1	1,-1	
-1,-1	1,-1	-1,-1	-1,1	1,1	1,-1	1,1	-1,-1	-1,1	1,-1	1,1	

1,1	1,1	1,1	1,-1	1,1	1,1	1,-1	-1,-1	-1,-1	-1,-1	1,-1	
-1,1	-1,1	-1,-1	-1,1	-1,1	-1,1	1,1	1,-1	1,-1	1,1	-1,1	
-1,-1	1,-1	-1,1	1,1	-1,-1	1,-1	-1,-1	-1,1	1,1	-1,1	-1,-1	
1,-1	-1,-1	1,-1	-1,-1	1,-1	-1,-1	-1,1	1,1	-1,1	1,-1	1,1	

1,-1	1,-1	-1,-1	1,1	-1,-1	1,-1	1,-1	1,1	-1,1	-1,-1	1,1	
1,1	1,1	1,1	-1,-1	-1,1	-1,-1	1,1	1,-1	-1,-1	1,1	-1,-1	
-1,1	-1,-1	-1,1	1,-1	1,1	-1,1	-1,-1	-1,1	1,-1	-1,1	1,-1	
-1,-1	-1,1	1,-1	-1,1	1,-1	1,1	-1,1	-1,-1	1,1	1,-1	-1,1	

-1,1	1,1	-1,-1	1,1	1,1	-1,-1	-1,-1	1,1	1,-1	1,1	1,-1	
1,-1	1,-1	1,-1	-1,-1	1,-1	-1,1	1,-1	-1,1	-1,-1	-1,-1	-1,-1	
-1,-1	-1,1	1,1	-1,1	-1,-1	1,-1	1,1	1,-1	-1,1	1,-1	-1,1	
1,1	-1,-1	-1,1	1,-1	-1,1	1,1	-1,1	-1,-1	1,1	-1,1	1,1	

1,1	-1,-1	-1,1	1,-1	1,-1	-1,1	-1,-1	1,-1	-1,1	1,-1	1,-1	
-1,-1	1,1	-1,-1	-1,-1	1,1	1,-1	1,-1	-1,-1	1,-1	1,1	-1,1	
1,-1	-1,1	1,-1	1,1	-1,1	-1,-1	1,1	-1,1	1,1	-1,-1	1,1	
-1,1	1,-1	1,1	-1,1	-1,-1	1,1	-1,1	1,1	-1,-1	-1,1	-1,-1	

10 3 9 0 
4 3 10 0 
10 3 4 9 
4 2 3 0 
2 3 6 8 
1 7 4 2 
8 0 2 6 
7 3 10 6 
3 5 7 2 
7 10 4 2 
4 0 5 8 
9 10 8 0 
9 0 2 7 
4 3 6 1 
1 9 4 3 
2 10 5 7 
0 2 1 4 
3 9 6 2 
8 4 3 1 
0 10 7 6 
5 0 2 1 
6 3 10 2 
5 2 8 7 
2 10 4 1 
9 5 4 8 
8 1 7 0 
1 9 6 4 
9 6 0 10 
6 10 8 4 
6 1 8 10 
5 3 4 8 
2 9 4 3 


-1,-1	1,1	-1,1	1,-1	
1,1	-1,-1	1,-1	-1,1	
-1,-1	1,1	1,-1	-1,1	
-1,1	1,-1	-1,-1	1,1	
1,-1	1,1	-1,1	-1,-1	
-1,-1	1,1	1,-1	-1,1	
1,-1	-1,1	-1,-1	1,1	
1,-1	-1,-1	-1,1	1,1	
-1,1	-1,-1	1,1	1,-1	
-1,-1	1,-1	1,1	-1,1	
-1,1	1,-1	1,1	-1,-1	
-1,-1	1,-1	-1,1	1,1	
-1,1	-1,-1	1,1	1,-1	
-1,-1	1,1	-1,1	1,-1	
-1,-1	-1,1	1,-1	1,1	
1,1	-1,1	-1,-1	1,-1	
-1,1	-1,-1	1,-1	1,1	
1,1	-1,1	1,-1	-1,-1	
-1,1	1,-1	1,1	-1,-1	
-1,1	1,1	-1,-1	1,-1	
1,1	1,-1	-1,1	-1,-1	
-1,-1	1,1	-1,1	1,-1	
1,-1	1,1	-1,1	-1,-1	
-1,1	1,1	-1,-1	1,-1	
1,1	1,-1	-1,-1	-1,1	
1,1	-1,-1	1,-1	-1,1	
1,-1	-1,1	1,1	-1,-1	
-1,-1	1,-1	1,1	-1,1	
1,1	-1,-1	-1,1	1,-1	
1,-1	-1,1	1,1	-1,-1	
1,-1	-1,1	-1,-1	1,1	
-1,1	1,-1	1,1	-1,-1	


867 233 957 585 
1007 327 1012 917 
39 648 683 929 
197 511 978 986 
236 751 222 401 
55 737 668 162 
132 816 173 969 
133 330 191 807 
586 495 206 902 
800 364 789 55 
685 143 338 278 
914 304 738 639 
524 463 675 323 
238 1019 328 320 
762 888 248 992 
135 779 66 649 
649 66 779 135 
992 248 888 762 
320 328 1019 238 
323 675 463 524 
639 738 304 914 
278 338 143 685 
55 789 364 800 
902 206 495 586 
807 191 330 133 
969 173 816 132 
162 668 737 55 
401 222 751 236 
986 978 511 197 
929 683 648 39 
917 1012 327 1007 
585 957 233 867 

-1	1	-1	1	
1	-1	-1	1	
1	1	-1	-1	
-1	1	-1	1	
1	1	-1	-1	
1	1	-1	-1	
-1	1	1	-1	
-1	1	-1	1	
1	1	-1	-1	
1	1	-1	-1	
1	1	-1	-1	
-1	1	-1	1	
1	1	-1	-1	
-1	1	-1	1	
-1	1	1	-1	
-1	1	1	-1	
-1	1	1	-1	
-1	1	1	-1	
1	-1	1	-1	
-1	-1	1	1	
1	-1	1	-1	
-1	-1	1	1	
-1	-1	1	1	
-1	-1	1	1	
1	-1	1	-1	
-1	1	1	-1	
-1	-1	1	1	
-1	-1	1	1	
1	-1	1	-1	
-1	-1	1	1	
1	-1	-1	1	
1	-1	1	-1	

1 3 10 9 
9 2 8 3 
0 1 7 3 
7 1 4 6 
5 0 10 3 
1 10 4 8 
9 7 1 6 
1 3 4 9 
1 6 8 9 
4 9 6 10 
2 4 9 5 
6 1 2 8 
8 6 2 10 
7 4 9 10 
6 5 9 1 
8 0 9 7 
7 9 0 8 
1 9 5 6 
10 9 4 7 
10 2 6 8 
8 2 1 6 
5 9 4 2 
10 6 9 4 
9 8 6 1 
9 4 3 1 
6 1 7 9 
8 4 10 1 
3 10 0 5 
6 4 1 7 
3 7 1 0 
3 8 2 9 
9 10 3 1 

5	26	0	31	12	19	4	27	7	24	6	25	14	17	13	18	3	28	9	22	8	23	11	20	15	16	2	29	1	30	10	21	
