294 700 783 189 699 819 580 505 691 312 707 
1016 239 894 392 415 224 146 402 1021 951 440 
144 970 347 626 549 364 478 404 472 356 731 
1017 758 894 1023 541 501 556 201 813 504 952 

267 1004 626 680 521 788 922 936 613 210 658 
810 880 396 519 232 119 743 510 368 532 703 
176 847 177 351 562 432 167 52 566 805 953 
794 814 1024 833 378 159 352 49 591 511 886 

487 510 203 131 654 793 484 761 680 65 193 
874 894 33 914 266 192 397 553 568 847 348 
879 409 242 653 34 434 889 710 168 674 310 
744 252 891 930 284 348 320 70 309 855 364 

773 252 485 360 151 956 572 556 547 1022 521 
717 540 541 884 887 959 500 742 197 546 188 
76 683 144 169 714 309 886 170 336 706 417 
852 121 325 964 607 860 252 782 794 496 362 

560 491 641 769 901 661 814 918 550 80 400 
931 609 182 507 988 875 521 56 792 256 193 
870 787 751 820 536 230 219 82 123 381 55 
368 723 633 155 75 952 1002 757 150 71 865 

495 349 950 77 738 739 651 303 601 613 906 
911 312 199 500 674 433 35 135 54 705 60 
1016 589 218 513 77 457 645 627 338 79 791 
130 714 1015 871 923 788 288 945 617 427 581 

573 573 436 602 438 219 582 548 684 1007 376 
70 886 848 1001 914 139 980 613 81 78 192 
574 415 575 929 99 65 899 853 214 218 642 
78 768 459 715 116 527 165 552 809 870 230 

104 728 137 564 723 735 511 767 971 35 191 
327 709 465 301 949 939 114 229 168 705 164 
257 398 366 974 944 54 658 916 732 536 124 
931 606 901 87 153 424 958 418 819 246 90 

688 985 157 817 495 1007 904 600 515 294 561 
101 210 443 163 64 780 392 333 716 829 818 
377 436 224 717 296 921 669 809 471 847 181 
484 731 530 343 746 754 566 912 885 893 968 

337 347 538 915 40 870 1007 530 508 53 1009 
360 452 996 985 213 313 731 794 982 375 84 
40 137 267 755 638 879 220 846 473 389 524 
389 398 193 327 683 678 897 804 500 333 811 

403 109 512 534 336 187 493 168 224 827 484 
296 1005 265 577 397 479 772 885 755 633 907 
331 1003 891 723 245 520 322 790 688 875 879 
729 402 888 582 549 972 212 445 393 697 800 

572 216 634 501 583 562 588 281 874 44 653 
784 345 158 63 923 611 516 609 583 906 329 
295 542 441 550 638 64 861 269 34 623 584 
900 674 554 398 307 589 538 518 295 235 547 

461 504 259 329 178 655 886 885 954 395 742 
213 174 777 338 455 824 235 458 207 546 523 
644 696 526 686 675 166 46 583 442 915 511 
501 899 904 211 601 251 175 946 706 686 317 

601 963 830 1024 274 354 356 494 920 356 344 
213 925 758 960 485 984 177 646 964 890 333 
273 933 135 893 802 235 692 487 518 915 736 
530 657 506 277 457 592 521 396 868 443 188 

260 270 88 883 766 365 744 775 211 502 798 
162 445 669 469 666 731 855 653 762 375 593 
528 780 733 128 598 165 906 639 659 731 450 
506 725 132 154 346 732 883 655 828 784 633 

75 342 46 51 90 318 976 865 329 1012 825 
570 625 742 680 1000 887 151 832 834 450 55 
782 759 51 65 696 612 868 132 255 384 684 
734 411 689 447 461 239 799 182 61 551 126 

285 403 728 374 141 57 318 435 626 533 828 
51 585 973 290 495 463 689 932 441 622 857 
304 674 907 899 658 207 771 745 893 230 1020 
89 794 251 706 769 265 666 759 790 986 506 

398 679 945 685 96 658 508 863 541 73 787 
628 915 975 816 234 1017 240 923 439 821 699 
192 267 449 127 422 756 901 356 544 374 920 
393 598 787 635 838 814 194 299 537 675 446 

141 184 250 382 500 121 437 866 645 863 446 
644 865 692 948 249 771 713 544 301 780 540 
101 798 452 1007 747 246 534 568 546 862 663 
706 105 350 592 727 1014 230 275 252 593 506 

534 76 986 586 766 110 635 328 201 632 1024 
871 113 895 164 629 234 833 983 114 760 364 
659 57 283 486 643 1008 405 579 902 264 869 
913 285 250 884 377 429 596 578 226 267 412 

647 171 976 34 566 609 846 202 585 823 83 
42 164 787 222 118 563 689 352 204 561 162 
711 928 145 817 263 825 385 580 443 301 998 
696 639 309 449 921 940 968 807 1010 67 683 

810 542 348 611 366 430 249 803 62 1002 964 
103 708 486 146 888 173 724 538 118 823 466 
408 772 353 338 984 770 467 268 896 728 986 
300 447 301 315 282 679 614 653 125 237 458 

667 611 100 966 371 408 552 555 306 981 794 
827 679 268 164 158 712 516 149 776 909 373 
148 540 636 765 616 774 190 322 1009 742 750 
353 555 33 671 525 755 42 289 224 545 84 

423 814 141 424 537 842 461 279 465 993 95 
860 92 423 283 674 643 700 1019 364 350 485 
580 771 771 962 1012 795 355 725 810 846 36 
767 983 884 734 1023 498 282 281 336 254 84 

975 465 371 323 785 750 298 263 799 246 712 
264 905 535 709 875 543 159 778 411 1021 291 
64 931 965 1014 670 409 925 52 452 617 839 
976 902 670 397 468 90 259 792 550 32 900 

424 540 557 396 612 961 881 826 129 168 185 
872 847 705 169 596 498 410 429 783 878 454 
864 318 911 189 824 946 739 543 465 529 373 
159 306 679 60 887 956 152 464 917 200 76 

404 366 543 521 126 308 973 921 283 770 775 
928 40 54 627 93 317 258 646 620 137 533 
420 661 562 538 285 748 167 222 777 957 277 
886 739 278 182 302 454 697 905 194 615 845 

220 158 532 1015 398 520 462 253 78 482 894 
360 991 765 263 871 45 646 946 645 411 850 
523 500 695 641 270 461 519 716 797 343 695 
390 654 126 223 483 188 297 771 586 109 106 

784 173 892 689 213 509 529 619 43 776 649 
955 134 467 896 391 959 165 321 348 747 323 
552 338 893 508 613 888 386 421 794 447 99 
84 345 888 124 469 81 510 288 143 382 155 

693 898 43 961 598 113 644 590 61 153 809 
915 663 139 682 720 288 819 140 425 394 769 
644 549 378 666 416 295 93 164 406 326 285 
542 511 780 76 641 46 973 707 561 795 564 

276 139 688 99 583 264 113 204 479 793 700 
226 702 314 186 485 833 809 752 932 299 505 
501 767 912 879 564 845 882 145 60 144 190 
189 813 282 263 402 55 395 800 393 828 703 

712 281 879 230 879 1008 87 296 749 1013 65 
874 440 175 424 43 93 929 231 346 970 430 
419 159 322 297 235 63 662 949 693 56 881 
843 60 308 458 449 118 588 975 800 915 474 

426 763 973 842 648 299 632 945 341 769 435 
870 883 510 245 221 658 282 353 985 1020 155 
491 650 679 752 996 599 542 528 433 548 670 
273 965 338 382 442 779 1007 226 628 178 826 

723 78 690 621 719 739 505 302 240 582 666 
547 898 543 875 627 512 510 516 400 853 720 
418 787 618 1007 876 92 177 533 612 236 812 
409 973 885 965 54 882 432 819 788 193 897 

48 235 172 568 897 942 611 540 563 95 475 
665 572 421 282 937 146 794 585 761 431 164 
434 742 550 603 768 70 244 199 605 303 817 
582 912 885 67 135 992 828 664 298 337 81 

156 167 574 359 804 1019 581 471 442 679 860 
219 286 845 931 260 846 205 951 758 896 749 
976 328 517 634 819 48 499 380 356 916 779 
844 125 990 549 524 926 357 915 108 963 634 

840 340 1008 87 94 634 61 614 395 396 492 
889 246 70 746 925 250 529 262 423 381 895 
327 299 622 505 33 225 429 455 770 911 32 
574 791 823 923 188 537 442 621 455 856 206 

135 712 392 833 431 807 267 159 978 857 204 
593 975 554 1005 170 936 948 887 176 348 236 
215 258 244 615 475 759 968 413 588 752 308 
246 707 717 792 573 462 149 742 487 762 918 

371 682 430 520 513 660 978 555 193 561 973 
462 1010 598 522 969 593 249 401 380 542 1004 
733 588 957 683 509 70 76 822 582 38 315 
954 182 562 601 176 1000 595 135 442 543 967 

712 238 957 386 904 949 729 889 340 780 84 
230 591 78 138 751 304 311 478 138 685 417 
913 997 67 299 756 45 612 549 512 218 710 
497 760 750 500 216 907 315 191 370 652 680 

80 557 836 535 699 916 512 401 973 202 730 
828 126 412 992 555 101 457 359 676 107 835 
765 257 804 400 495 1005 816 201 249 688 199 
465 543 763 858 504 1021 424 198 872 98 482 

493 893 264 615 842 376 514 809 818 958 578 
512 475 1009 124 982 110 970 820 932 978 508 
729 940 901 919 210 888 936 179 169 720 752 
812 942 45 57 469 598 803 767 404 570 299 

157 867 87 362 99 666 52 85 71 146 378 
675 828 424 349 732 107 869 198 978 670 944 
602 1021 1007 248 743 211 789 649 940 344 452 
200 170 197 554 324 958 782 51 946 677 317 

335 71 301 211 865 190 440 294 392 635 229 
949 687 245 394 676 704 246 652 411 323 354 
487 346 164 779 122 985 106 580 129 759 790 
775 273 648 959 147 731 135 622 1018 598 530 

315 196 500 805 79 1015 622 294 379 399 41 
505 672 68 335 446 181 205 933 770 249 185 
546 733 588 244 347 719 764 618 292 289 776 
870 660 71 333 491 410 317 33 918 942 299 

513 820 187 57 130 195 646 462 114 744 365 
265 300 880 462 312 803 415 649 299 79 838 
920 548 735 277 847 514 520 519 221 248 156 
667 533 770 173 146 430 434 336 476 510 416 

703 941 858 374 977 771 72 70 252 456 965 
441 758 640 725 593 812 86 160 987 569 579 
987 955 79 847 461 608 1006 506 776 490 736 
267 128 505 629 574 264 415 932 464 597 268 

418 138 172 744 646 600 124 70 516 371 769 
395 846 787 488 777 625 658 343 895 135 556 
848 250 976 147 56 582 632 869 918 326 958 
738 377 286 262 728 455 462 553 325 421 872 


1,1	-1,-1	1,-1	-1,-1	-1,1	1,-1	-1,1	1,1	-1,-1	-1,1	1,1	
-1,-1	1,-1	-1,-1	-1,1	1,-1	-1,1	1,1	-1,-1	-1,1	1,1	-1,1	
1,-1	1,1	1,1	1,1	-1,-1	-1,-1	1,-1	-1,1	1,1	-1,-1	-1,-1	
-1,1	-1,1	-1,1	1,-1	1,1	1,1	-1,-1	1,-1	1,-1	1,-1	1,-1	

1,1	-1,1	1,-1	-1,1	1,1	1,-1	1,1	1,-1	1,1	-1,-1	1,-1	
-1,1	1,-1	-1,1	1,-1	-1,-1	1,1	1,-1	1,1	-1,1	1,-1	-1,1	
-1,-1	-1,-1	1,1	1,1	1,-1	-1,-1	-1,1	-1,1	-1,-1	-1,1	-1,-1	
1,-1	1,1	-1,-1	-1,-1	-1,1	-1,1	-1,-1	-1,-1	1,-1	1,1	1,1	

-1,-1	1,-1	-1,-1	-1,1	-1,-1	1,1	1,-1	1,1	-1,1	1,-1	-1,-1	
1,-1	-1,-1	-1,1	-1,-1	-1,1	1,-1	1,1	1,-1	1,1	-1,1	1,-1	
-1,1	-1,1	1,-1	1,1	1,1	-1,1	-1,1	-1,1	1,-1	-1,-1	-1,1	
1,1	1,1	1,1	1,-1	1,-1	-1,-1	-1,-1	-1,-1	-1,-1	1,1	1,1	

1,1	-1,-1	-1,-1	-1,1	1,1	1,-1	1,1	1,-1	1,-1	1,1	-1,1	
1,-1	1,-1	1,-1	1,-1	-1,-1	-1,-1	-1,1	-1,1	-1,1	-1,-1	1,-1	
-1,1	1,1	1,1	-1,-1	1,-1	1,1	1,-1	1,1	-1,-1	-1,1	1,1	
-1,-1	-1,1	-1,1	1,1	-1,1	-1,1	-1,-1	-1,-1	1,1	1,-1	-1,-1	

-1,1	1,-1	1,-1	-1,1	-1,1	-1,1	-1,1	-1,1	-1,1	1,-1	1,-1	
1,1	1,1	-1,-1	1,1	-1,-1	1,-1	1,-1	1,1	1,1	-1,-1	1,1	
1,-1	-1,-1	1,1	-1,-1	1,-1	-1,-1	-1,-1	1,-1	-1,-1	1,1	-1,-1	
-1,-1	-1,1	-1,1	1,-1	1,1	1,1	1,1	-1,-1	1,-1	-1,1	-1,1	

1,1	-1,1	-1,-1	-1,-1	1,1	1,1	-1,1	1,1	1,1	1,-1	1,1	
1,-1	1,-1	1,1	-1,1	1,-1	-1,-1	-1,-1	-1,-1	-1,1	-1,1	-1,1	
-1,1	1,1	1,-1	1,-1	-1,1	-1,1	1,1	1,-1	-1,-1	-1,-1	1,-1	
-1,-1	-1,-1	-1,1	1,1	-1,-1	1,-1	1,-1	-1,1	1,-1	1,1	-1,-1	

1,-1	-1,-1	-1,-1	-1,1	1,1	-1,-1	-1,-1	-1,1	-1,1	-1,1	-1,1	
-1,1	-1,1	1,-1	1,-1	1,-1	1,-1	1,-1	1,1	1,1	-1,-1	1,-1	
-1,-1	1,-1	1,1	1,1	-1,1	1,1	1,1	1,-1	-1,-1	1,1	1,1	
1,1	1,1	-1,1	-1,-1	-1,-1	-1,1	-1,1	-1,-1	1,-1	1,-1	-1,-1	

-1,1	-1,1	-1,1	-1,1	-1,1	-1,1	-1,1	-1,1	-1,1	1,-1	1,-1	
1,-1	-1,-1	1,-1	1,1	1,1	1,-1	1,-1	1,1	-1,-1	1,1	-1,1	
1,1	1,-1	1,1	1,-1	-1,-1	1,1	-1,-1	1,-1	1,-1	-1,1	-1,-1	
-1,-1	1,1	-1,-1	-1,-1	1,-1	-1,-1	1,1	-1,-1	1,1	-1,-1	1,1	

-1,-1	1,1	-1,-1	1,-1	1,1	-1,1	-1,-1	1,-1	-1,1	1,1	-1,-1	
1,1	-1,-1	-1,1	-1,-1	-1,1	-1,-1	1,1	-1,-1	1,-1	-1,-1	-1,1	
1,-1	-1,1	1,-1	1,1	-1,-1	1,-1	1,-1	-1,1	-1,-1	-1,1	1,1	
-1,1	1,-1	1,1	-1,1	1,-1	1,1	-1,1	1,1	1,1	1,-1	1,-1	

-1,1	1,1	-1,1	1,1	-1,-1	1,-1	-1,1	1,-1	1,1	-1,1	1,-1	
-1,-1	1,-1	-1,-1	-1,1	1,1	-1,1	1,-1	1,1	-1,1	1,-1	-1,1	
1,-1	-1,1	1,-1	1,-1	1,-1	1,1	1,1	-1,1	1,-1	-1,-1	-1,-1	
1,1	-1,-1	1,1	-1,-1	-1,1	-1,-1	-1,-1	-1,-1	-1,-1	1,1	1,1	

1,-1	-1,1	1,1	1,-1	1,1	1,-1	1,1	-1,-1	1,1	1,-1	-1,1	
-1,1	1,1	-1,1	1,1	-1,-1	1,1	-1,1	1,-1	-1,-1	1,1	-1,-1	
1,1	-1,-1	-1,-1	-1,1	-1,1	-1,1	1,-1	1,1	-1,1	-1,-1	1,-1	
-1,-1	1,-1	1,-1	-1,-1	1,-1	-1,-1	-1,-1	-1,1	1,-1	-1,1	1,1	

1,1	-1,1	-1,-1	1,1	-1,1	-1,-1	-1,1	-1,-1	1,-1	1,1	1,-1	
1,-1	1,1	-1,1	-1,-1	1,1	-1,1	-1,-1	-1,1	-1,-1	1,-1	-1,1	
-1,1	1,-1	1,-1	-1,1	1,-1	1,1	1,1	1,-1	-1,1	-1,1	-1,-1	
-1,-1	-1,-1	1,1	1,-1	-1,-1	1,-1	1,-1	1,1	1,1	-1,-1	1,1	

-1,-1	-1,1	1,-1	1,1	-1,-1	1,1	1,-1	1,1	1,-1	-1,-1	1,1	
1,-1	-1,-1	-1,1	1,-1	-1,1	1,-1	1,1	1,-1	-1,-1	-1,1	-1,-1	
1,1	1,-1	1,1	-1,1	1,1	-1,1	-1,1	-1,-1	-1,1	1,-1	-1,1	
-1,1	1,1	-1,-1	-1,-1	1,-1	-1,-1	-1,-1	-1,1	1,1	1,1	1,-1	

-1,-1	1,-1	1,1	-1,-1	1,1	-1,1	-1,-1	1,1	-1,-1	-1,-1	1,1	
1,-1	1,1	1,-1	1,1	1,-1	1,1	1,-1	-1,1	1,-1	1,-1	-1,1	
-1,1	-1,1	-1,-1	1,-1	-1,-1	-1,-1	1,1	1,-1	-1,1	-1,1	1,-1	
1,1	-1,-1	-1,1	-1,1	-1,1	1,-1	-1,1	-1,-1	1,1	1,1	-1,-1	

1,1	1,1	1,-1	-1,1	-1,1	-1,1	-1,-1	1,1	1,-1	1,1	1,1	
1,-1	-1,-1	-1,-1	1,1	1,1	1,-1	1,-1	-1,1	-1,1	-1,1	-1,-1	
-1,-1	-1,1	-1,1	1,-1	1,-1	1,1	-1,1	1,-1	1,1	1,-1	1,-1	
-1,1	1,-1	1,1	-1,-1	-1,-1	-1,-1	1,1	-1,-1	-1,-1	-1,-1	-1,1	

-1,1	1,1	-1,1	-1,1	-1,-1	-1,-1	-1,1	-1,1	-1,-1	-1,-1	1,-1	
-1,-1	-1,-1	-1,-1	1,1	1,1	1,-1	1,-1	1,1	1,1	1,1	1,1	
1,-1	-1,1	1,-1	-1,-1	1,-1	1,1	1,1	-1,-1	-1,1	-1,1	-1,1	
1,1	1,-1	1,1	1,-1	-1,1	-1,1	-1,-1	1,-1	1,-1	1,-1	-1,-1	

-1,1	-1,1	-1,1	1,-1	1,1	1,1	-1,1	1,1	1,1	1,1	-1,1	
-1,-1	1,-1	-1,-1	-1,-1	-1,-1	1,-1	1,-1	-1,-1	-1,1	1,-1	1,-1	
1,1	-1,-1	1,1	-1,1	1,-1	-1,1	1,1	-1,1	-1,-1	-1,-1	-1,-1	
1,-1	1,1	1,-1	1,1	-1,1	-1,-1	-1,-1	1,-1	1,-1	-1,1	1,1	

1,1	-1,1	-1,1	-1,1	-1,1	-1,1	1,1	1,-1	1,-1	1,-1	1,-1	
-1,-1	1,-1	1,1	1,-1	-1,-1	-1,-1	-1,-1	-1,-1	1,1	-1,1	1,1	
1,-1	-1,-1	-1,-1	-1,-1	1,1	1,1	1,-1	-1,1	-1,-1	1,1	-1,1	
-1,1	1,1	1,-1	1,1	1,-1	1,-1	-1,1	1,1	-1,1	-1,-1	-1,-1	

-1,-1	-1,-1	-1,1	-1,1	-1,-1	-1,-1	-1,-1	-1,1	-1,1	-1,-1	-1,-1	
1,1	1,-1	1,-1	1,-1	1,1	1,-1	1,1	1,-1	1,1	1,-1	1,1	
1,-1	-1,1	1,1	1,1	1,-1	-1,1	-1,1	-1,-1	-1,-1	-1,1	-1,1	
-1,1	1,1	-1,-1	-1,-1	-1,1	1,1	1,-1	1,1	1,-1	1,1	1,-1	

-1,1	1,1	1,1	1,1	-1,-1	1,1	1,-1	-1,1	1,-1	-1,1	-1,-1	
-1,-1	-1,-1	1,-1	1,-1	1,1	1,-1	-1,-1	1,-1	-1,-1	1,-1	-1,1	
1,-1	1,-1	-1,-1	-1,-1	1,-1	-1,1	-1,1	-1,-1	1,1	-1,-1	1,-1	
1,1	-1,1	-1,1	-1,1	-1,1	-1,-1	1,1	1,1	-1,1	1,1	1,1	

1,1	1,-1	1,1	-1,-1	1,-1	-1,-1	1,-1	1,1	1,-1	-1,-1	-1,1	
-1,-1	1,1	-1,-1	1,-1	1,1	1,-1	1,1	-1,-1	1,1	-1,1	1,1	
-1,1	-1,-1	1,-1	-1,1	-1,1	1,1	-1,1	-1,1	-1,1	1,-1	-1,-1	
1,-1	-1,1	-1,1	1,1	-1,-1	-1,1	-1,-1	1,-1	-1,-1	1,1	1,-1	

1,-1	-1,-1	-1,1	1,1	-1,1	1,1	-1,1	1,-1	-1,-1	1,-1	-1,-1	
-1,-1	1,1	1,-1	-1,1	1,-1	-1,1	1,1	-1,-1	-1,1	1,1	1,-1	
1,1	1,-1	-1,-1	1,-1	-1,-1	1,-1	-1,-1	-1,1	1,1	-1,-1	1,1	
-1,1	-1,1	1,1	-1,-1	1,1	-1,-1	1,-1	1,1	1,-1	-1,1	-1,1	

-1,-1	1,-1	1,1	1,-1	-1,-1	1,-1	-1,1	-1,-1	1,1	-1,1	1,-1	
1,-1	1,1	-1,-1	1,1	1,-1	1,1	-1,-1	1,1	-1,-1	1,1	-1,1	
-1,1	-1,1	-1,1	-1,-1	-1,1	-1,-1	1,-1	1,-1	1,-1	1,-1	-1,-1	
1,1	-1,-1	1,-1	-1,1	1,1	-1,1	1,1	-1,1	-1,1	-1,-1	1,1	

1,1	-1,-1	1,1	-1,1	-1,-1	-1,1	1,-1	-1,1	1,-1	-1,1	1,-1	
-1,1	1,1	-1,1	-1,-1	-1,1	-1,-1	-1,1	-1,-1	1,1	-1,-1	-1,1	
1,-1	1,-1	-1,-1	1,-1	1,-1	1,1	-1,-1	1,1	-1,1	1,1	1,1	
-1,-1	-1,1	1,-1	1,1	1,1	1,-1	1,1	1,-1	-1,-1	1,-1	-1,-1	

1,1	1,-1	-1,1	1,-1	-1,1	1,-1	-1,1	1,-1	-1,1	1,-1	1,1	
-1,-1	1,1	1,-1	1,1	-1,-1	-1,1	1,-1	1,1	-1,-1	-1,1	1,-1	
-1,1	-1,1	-1,-1	-1,1	1,1	1,1	-1,-1	-1,-1	1,-1	1,1	-1,1	
1,-1	-1,-1	1,1	-1,-1	1,-1	-1,-1	1,1	-1,1	1,1	-1,-1	-1,-1	

-1,-1	-1,-1	-1,1	-1,1	1,1	-1,1	-1,1	-1,1	-1,-1	-1,-1	1,1	
-1,1	1,1	1,1	1,-1	1,-1	1,-1	1,1	1,-1	1,1	-1,1	1,-1	
1,1	1,-1	1,-1	1,1	-1,1	-1,-1	-1,-1	-1,-1	-1,1	1,-1	-1,1	
1,-1	-1,1	-1,-1	-1,-1	-1,-1	1,1	1,-1	1,1	1,-1	1,1	-1,-1	

-1,1	-1,1	1,1	1,1	1,-1	1,-1	-1,-1	-1,-1	-1,-1	-1,1	1,-1	
1,1	-1,-1	1,-1	-1,1	-1,-1	-1,1	-1,1	-1,1	1,1	1,1	1,1	
1,-1	1,1	-1,1	1,-1	1,1	-1,-1	1,1	1,1	-1,1	-1,-1	-1,-1	
-1,-1	1,-1	-1,-1	-1,-1	-1,1	1,1	1,-1	1,-1	1,-1	1,-1	-1,1	

-1,1	1,-1	-1,-1	-1,-1	-1,-1	1,-1	1,-1	1,-1	1,1	1,1	1,1	
1,1	1,1	1,1	1,1	-1,1	1,1	1,1	-1,-1	-1,-1	1,-1	-1,-1	
1,-1	-1,1	-1,1	1,-1	1,-1	-1,-1	-1,1	-1,1	-1,1	-1,-1	-1,1	
-1,-1	-1,-1	1,-1	-1,1	1,1	-1,1	-1,-1	1,1	1,-1	-1,1	1,-1	

-1,-1	-1,1	-1,-1	-1,-1	-1,-1	-1,-1	-1,-1	-1,-1	-1,-1	1,1	1,1	
1,1	1,1	1,-1	-1,1	1,1	-1,1	1,1	1,1	1,-1	-1,1	1,-1	
1,-1	-1,-1	-1,1	1,-1	1,-1	1,-1	1,-1	-1,1	1,1	-1,-1	-1,-1	
-1,1	1,-1	1,1	1,1	-1,1	1,1	-1,1	1,-1	-1,1	1,-1	-1,1	

-1,1	1,1	-1,-1	-1,-1	-1,1	-1,1	-1,1	-1,1	1,-1	-1,-1	1,-1	
1,-1	1,-1	1,-1	1,-1	1,-1	1,1	1,-1	1,1	1,1	1,1	1,1	
-1,-1	-1,1	1,1	1,1	1,1	-1,-1	-1,-1	1,-1	-1,1	1,-1	-1,-1	
1,1	-1,-1	-1,1	-1,1	-1,-1	1,-1	1,1	-1,-1	-1,-1	-1,1	-1,1	

-1,-1	-1,-1	-1,-1	-1,-1	1,-1	-1,-1	-1,1	-1,-1	-1,1	-1,-1	-1,1	
1,1	1,-1	1,1	1,1	-1,1	1,1	1,1	1,1	1,-1	-1,1	1,1	
1,-1	-1,1	-1,1	-1,1	1,1	-1,1	1,-1	-1,1	-1,-1	1,-1	-1,-1	
-1,1	1,1	1,-1	1,-1	-1,-1	1,-1	-1,-1	1,-1	1,1	1,1	1,-1	

-1,1	1,1	-1,-1	1,1	-1,1	1,1	-1,-1	1,1	1,-1	1,1	-1,1	
1,-1	-1,1	1,1	-1,1	-1,-1	1,-1	1,1	1,-1	1,1	1,-1	-1,-1	
1,1	1,-1	1,-1	1,-1	1,1	-1,-1	-1,1	-1,1	-1,1	-1,-1	1,1	
-1,-1	-1,-1	-1,1	-1,-1	1,-1	-1,1	1,-1	-1,-1	-1,-1	-1,1	1,-1	

-1,1	-1,-1	-1,1	1,-1	-1,-1	1,-1	1,1	-1,-1	1,-1	1,1	1,-1	
-1,-1	-1,1	1,-1	1,1	1,-1	1,1	-1,-1	1,1	-1,1	-1,-1	1,1	
1,1	1,-1	-1,-1	-1,1	1,1	-1,-1	-1,1	1,-1	1,1	-1,1	-1,-1	
1,-1	1,1	1,1	-1,-1	-1,1	-1,1	1,-1	-1,1	-1,-1	1,-1	-1,1	

-1,-1	1,1	1,-1	-1,-1	1,-1	-1,1	1,1	-1,1	1,-1	-1,-1	-1,1	
1,1	1,-1	-1,1	1,1	-1,1	1,1	-1,1	1,-1	-1,-1	1,1	1,-1	
-1,1	-1,1	-1,-1	-1,1	-1,-1	1,-1	-1,-1	-1,-1	-1,1	1,-1	-1,-1	
1,-1	-1,-1	1,1	1,-1	1,1	-1,-1	1,-1	1,1	1,1	-1,1	1,1	

1,-1	-1,-1	1,-1	-1,-1	1,-1	-1,1	1,-1	-1,-1	1,1	1,-1	1,1	
-1,1	1,1	-1,-1	1,-1	-1,1	1,-1	-1,-1	-1,1	-1,-1	-1,1	-1,-1	
1,1	1,-1	-1,1	1,1	1,1	1,1	-1,1	1,-1	1,-1	-1,-1	1,-1	
-1,-1	-1,1	1,1	-1,1	-1,-1	-1,-1	1,1	1,1	-1,1	1,1	-1,1	

-1,1	1,1	1,-1	-1,1	1,-1	1,1	1,-1	-1,-1	-1,1	-1,-1	1,1	
1,1	1,-1	1,1	1,-1	1,1	1,-1	-1,1	1,-1	-1,-1	1,1	-1,1	
-1,-1	-1,1	-1,-1	-1,-1	-1,-1	-1,-1	-1,-1	-1,1	1,1	1,-1	-1,-1	
1,-1	-1,-1	-1,1	1,1	-1,1	-1,1	1,1	1,1	1,-1	-1,1	1,-1	

-1,1	1,-1	1,1	1,1	-1,1	-1,1	1,-1	-1,1	1,-1	1,-1	1,1	
1,1	-1,-1	-1,-1	1,-1	-1,-1	1,1	-1,-1	-1,-1	-1,-1	-1,-1	-1,-1	
-1,-1	1,1	-1,1	-1,1	1,1	1,-1	-1,1	1,1	1,1	1,1	1,-1	
1,-1	-1,1	1,-1	-1,-1	1,-1	-1,-1	1,1	1,-1	-1,1	-1,1	-1,1	

1,1	-1,1	1,1	1,1	-1,-1	-1,-1	-1,-1	-1,-1	-1,-1	-1,1	1,-1	
-1,-1	-1,-1	-1,-1	1,-1	-1,1	1,1	1,-1	1,-1	1,1	1,1	-1,-1	
-1,1	1,1	1,-1	-1,-1	1,1	-1,1	1,1	1,1	1,-1	1,-1	-1,1	
1,-1	1,-1	-1,1	-1,1	1,-1	1,-1	-1,1	-1,1	-1,1	-1,-1	1,1	

1,-1	1,-1	1,-1	-1,-1	1,1	-1,-1	1,1	1,1	-1,-1	-1,-1	-1,-1	
-1,-1	-1,1	-1,1	-1,1	-1,1	-1,1	-1,1	1,-1	1,-1	-1,1	1,-1	
-1,1	-1,-1	-1,-1	1,1	-1,-1	1,-1	1,-1	-1,1	1,1	1,1	-1,1	
1,1	1,1	1,1	1,-1	1,-1	1,1	-1,-1	-1,-1	-1,1	1,-1	1,1	

-1,-1	-1,-1	1,-1	-1,-1	1,-1	1,-1	1,1	1,-1	1,-1	1,-1	-1,-1	
-1,1	1,1	1,1	1,1	1,1	-1,-1	-1,1	-1,1	1,1	1,1	1,1	
1,-1	1,-1	-1,-1	-1,1	-1,-1	1,1	1,-1	1,1	-1,-1	-1,-1	1,-1	
1,1	-1,1	-1,1	1,-1	-1,1	-1,1	-1,-1	-1,-1	-1,1	-1,1	-1,1	

1,1	-1,1	-1,-1	-1,-1	1,-1	-1,-1	-1,1	-1,1	-1,-1	1,1	1,1	
-1,-1	1,-1	1,-1	1,1	1,1	1,1	1,-1	1,1	1,-1	-1,1	-1,-1	
-1,1	1,1	1,1	1,-1	-1,-1	-1,1	-1,-1	1,-1	1,1	-1,-1	1,-1	
1,-1	-1,-1	-1,1	-1,1	-1,1	1,-1	1,1	-1,-1	-1,1	1,-1	-1,1	

-1,-1	1,-1	-1,-1	-1,1	-1,1	1,1	-1,1	-1,1	-1,-1	1,1	1,-1	
1,1	-1,1	1,1	1,1	1,-1	-1,-1	-1,-1	1,-1	-1,1	-1,-1	-1,1	
-1,1	1,1	-1,1	1,-1	-1,-1	1,-1	1,1	1,1	1,1	1,-1	-1,-1	
1,-1	-1,-1	1,-1	-1,-1	1,1	-1,1	1,-1	-1,-1	1,-1	-1,1	1,1	

1,1	1,-1	-1,1	-1,-1	1,-1	-1,-1	-1,1	-1,-1	-1,1	1,-1	-1,-1	
1,-1	1,1	1,-1	-1,1	-1,-1	1,1	1,-1	1,1	1,-1	1,1	1,-1	
-1,1	-1,1	-1,-1	1,-1	1,1	1,-1	-1,-1	1,-1	-1,-1	-1,1	1,1	
-1,-1	-1,-1	1,1	1,1	-1,1	-1,1	1,1	-1,1	1,1	-1,-1	-1,1	

-1,-1	-1,1	1,1	1,-1	-1,-1	-1,1	1,-1	1,1	1,-1	-1,-1	1,1	
-1,1	1,-1	-1,1	1,1	-1,1	-1,-1	1,1	1,-1	-1,-1	-1,1	1,-1	
1,-1	1,1	1,-1	-1,1	1,-1	1,-1	-1,-1	-1,-1	1,1	1,-1	-1,-1	
1,1	-1,-1	-1,-1	-1,-1	1,1	1,1	-1,1	-1,1	-1,1	1,1	-1,1	

1,1	-1,1	1,-1	-1,1	-1,-1	-1,1	1,-1	-1,1	1,-1	1,1	-1,-1	
-1,1	1,1	-1,1	1,1	-1,1	1,-1	-1,1	1,1	-1,1	1,-1	1,1	
-1,-1	1,-1	-1,-1	1,-1	1,1	1,1	1,1	-1,-1	-1,-1	-1,1	1,-1	
1,-1	-1,-1	1,1	-1,-1	1,-1	-1,-1	-1,-1	1,-1	1,1	-1,-1	-1,1	

1,1	1,-1	-1,-1	-1,1	-1,-1	1,-1	-1,1	1,-1	1,1	1,-1	-1,-1	
-1,1	-1,-1	1,1	-1,-1	1,-1	-1,1	-1,-1	1,1	-1,1	-1,-1	1,-1	
-1,-1	1,1	-1,1	1,1	-1,1	1,1	1,1	-1,1	-1,-1	1,1	1,1	
1,-1	-1,1	1,-1	1,-1	1,1	-1,-1	1,-1	-1,-1	1,-1	-1,1	-1,1	

1,-1	1,1	1,-1	-1,-1	-1,1	-1,-1	-1,1	1,1	-1,-1	-1,1	-1,-1	
-1,1	1,-1	-1,-1	-1,1	1,-1	-1,1	-1,-1	-1,1	1,1	1,-1	-1,1	
-1,-1	-1,1	1,1	1,1	-1,-1	1,1	1,-1	1,-1	-1,1	1,1	1,1	
1,1	-1,-1	-1,1	1,-1	1,1	1,-1	1,1	-1,-1	1,-1	-1,-1	1,-1	

1,1	-1,-1	1,1	-1,1	1,-1	-1,-1	-1,1	-1,-1	-1,-1	-1,1	1,1	
-1,-1	1,1	-1,-1	1,-1	-1,1	1,-1	1,1	1,-1	1,-1	1,-1	1,-1	
-1,1	1,-1	1,-1	1,1	1,1	1,1	1,-1	1,1	-1,1	-1,-1	-1,1	
1,-1	-1,1	-1,1	-1,-1	-1,-1	-1,1	-1,-1	-1,1	1,1	1,1	-1,-1	

8 7 5 6 
5 10 0 7 
5 8 4 2 
4 9 1 2 
9 8 4 10 
0 6 7 5 
3 9 7 8 
7 9 1 0 
1 0 6 8 
2 0 3 4 
2 0 6 3 
4 0 3 9 
9 10 5 7 
0 5 2 1 
10 4 3 8 
1 8 0 5 
4 9 10 6 
1 6 4 9 
7 2 5 0 
10 0 7 5 
5 0 10 2 
7 2 1 3 
3 9 4 0 
6 4 7 10 
7 0 1 8 
9 5 6 10 
8 9 5 1 
9 0 2 7 
2 6 0 8 
6 3 4 8 
5 6 10 7 
5 10 2 6 
4 10 1 6 
9 7 10 6 
8 4 9 6 
2 10 6 1 
6 5 8 0 
4 2 10 0 
0 9 7 4 
9 5 3 8 
4 0 9 8 
3 2 7 8 
8 7 9 4 
4 5 10 8 
2 4 9 3 
9 0 5 8 
10 1 0 5 
2 10 3 1 


1017 758 894 1023 541 501 556 201 813 504 952 
144 970 347 626 549 364 478 404 472 356 731 
1016 239 894 392 415 224 146 402 1021 951 440 
294 700 783 189 699 819 580 505 691 312 707 

794 814 1024 833 378 159 352 49 591 511 886 
176 847 177 351 562 432 167 52 566 805 953 
810 880 396 519 232 119 743 510 368 532 703 
267 1004 626 680 521 788 922 936 613 210 658 

744 252 891 930 284 348 320 70 309 855 364 
879 409 242 653 34 434 889 710 168 674 310 
874 894 33 914 266 192 397 553 568 847 348 
487 510 203 131 654 793 484 761 680 65 193 

852 121 325 964 607 860 252 782 794 496 362 
76 683 144 169 714 309 886 170 336 706 417 
717 540 541 884 887 959 500 742 197 546 188 
773 252 485 360 151 956 572 556 547 1022 521 

368 723 633 155 75 952 1002 757 150 71 865 
870 787 751 820 536 230 219 82 123 381 55 
931 609 182 507 988 875 521 56 792 256 193 
560 491 641 769 901 661 814 918 550 80 400 

130 714 1015 871 923 788 288 945 617 427 581 
1016 589 218 513 77 457 645 627 338 79 791 
911 312 199 500 674 433 35 135 54 705 60 
495 349 950 77 738 739 651 303 601 613 906 

78 768 459 715 116 527 165 552 809 870 230 
574 415 575 929 99 65 899 853 214 218 642 
70 886 848 1001 914 139 980 613 81 78 192 
573 573 436 602 438 219 582 548 684 1007 376 

931 606 901 87 153 424 958 418 819 246 90 
257 398 366 974 944 54 658 916 732 536 124 
327 709 465 301 949 939 114 229 168 705 164 
104 728 137 564 723 735 511 767 971 35 191 

484 731 530 343 746 754 566 912 885 893 968 
377 436 224 717 296 921 669 809 471 847 181 
101 210 443 163 64 780 392 333 716 829 818 
688 985 157 817 495 1007 904 600 515 294 561 

389 398 193 327 683 678 897 804 500 333 811 
40 137 267 755 638 879 220 846 473 389 524 
360 452 996 985 213 313 731 794 982 375 84 
337 347 538 915 40 870 1007 530 508 53 1009 

729 402 888 582 549 972 212 445 393 697 800 
331 1003 891 723 245 520 322 790 688 875 879 
296 1005 265 577 397 479 772 885 755 633 907 
403 109 512 534 336 187 493 168 224 827 484 

900 674 554 398 307 589 538 518 295 235 547 
295 542 441 550 638 64 861 269 34 623 584 
784 345 158 63 923 611 516 609 583 906 329 
572 216 634 501 583 562 588 281 874 44 653 

501 899 904 211 601 251 175 946 706 686 317 
644 696 526 686 675 166 46 583 442 915 511 
213 174 777 338 455 824 235 458 207 546 523 
461 504 259 329 178 655 886 885 954 395 742 

530 657 506 277 457 592 521 396 868 443 188 
273 933 135 893 802 235 692 487 518 915 736 
213 925 758 960 485 984 177 646 964 890 333 
601 963 830 1024 274 354 356 494 920 356 344 

506 725 132 154 346 732 883 655 828 784 633 
528 780 733 128 598 165 906 639 659 731 450 
162 445 669 469 666 731 855 653 762 375 593 
260 270 88 883 766 365 744 775 211 502 798 

734 411 689 447 461 239 799 182 61 551 126 
782 759 51 65 696 612 868 132 255 384 684 
570 625 742 680 1000 887 151 832 834 450 55 
75 342 46 51 90 318 976 865 329 1012 825 

89 794 251 706 769 265 666 759 790 986 506 
304 674 907 899 658 207 771 745 893 230 1020 
51 585 973 290 495 463 689 932 441 622 857 
285 403 728 374 141 57 318 435 626 533 828 

393 598 787 635 838 814 194 299 537 675 446 
192 267 449 127 422 756 901 356 544 374 920 
628 915 975 816 234 1017 240 923 439 821 699 
398 679 945 685 96 658 508 863 541 73 787 

706 105 350 592 727 1014 230 275 252 593 506 
101 798 452 1007 747 246 534 568 546 862 663 
644 865 692 948 249 771 713 544 301 780 540 
141 184 250 382 500 121 437 866 645 863 446 

913 285 250 884 377 429 596 578 226 267 412 
659 57 283 486 643 1008 405 579 902 264 869 
871 113 895 164 629 234 833 983 114 760 364 
534 76 986 586 766 110 635 328 201 632 1024 

696 639 309 449 921 940 968 807 1010 67 683 
711 928 145 817 263 825 385 580 443 301 998 
42 164 787 222 118 563 689 352 204 561 162 
647 171 976 34 566 609 846 202 585 823 83 

300 447 301 315 282 679 614 653 125 237 458 
408 772 353 338 984 770 467 268 896 728 986 
103 708 486 146 888 173 724 538 118 823 466 
810 542 348 611 366 430 249 803 62 1002 964 

353 555 33 671 525 755 42 289 224 545 84 
148 540 636 765 616 774 190 322 1009 742 750 
827 679 268 164 158 712 516 149 776 909 373 
667 611 100 966 371 408 552 555 306 981 794 

767 983 884 734 1023 498 282 281 336 254 84 
580 771 771 962 1012 795 355 725 810 846 36 
860 92 423 283 674 643 700 1019 364 350 485 
423 814 141 424 537 842 461 279 465 993 95 

976 902 670 397 468 90 259 792 550 32 900 
64 931 965 1014 670 409 925 52 452 617 839 
264 905 535 709 875 543 159 778 411 1021 291 
975 465 371 323 785 750 298 263 799 246 712 

159 306 679 60 887 956 152 464 917 200 76 
864 318 911 189 824 946 739 543 465 529 373 
872 847 705 169 596 498 410 429 783 878 454 
424 540 557 396 612 961 881 826 129 168 185 

886 739 278 182 302 454 697 905 194 615 845 
420 661 562 538 285 748 167 222 777 957 277 
928 40 54 627 93 317 258 646 620 137 533 
404 366 543 521 126 308 973 921 283 770 775 

390 654 126 223 483 188 297 771 586 109 106 
523 500 695 641 270 461 519 716 797 343 695 
360 991 765 263 871 45 646 946 645 411 850 
220 158 532 1015 398 520 462 253 78 482 894 

84 345 888 124 469 81 510 288 143 382 155 
552 338 893 508 613 888 386 421 794 447 99 
955 134 467 896 391 959 165 321 348 747 323 
784 173 892 689 213 509 529 619 43 776 649 

542 511 780 76 641 46 973 707 561 795 564 
644 549 378 666 416 295 93 164 406 326 285 
915 663 139 682 720 288 819 140 425 394 769 
693 898 43 961 598 113 644 590 61 153 809 

189 813 282 263 402 55 395 800 393 828 703 
501 767 912 879 564 845 882 145 60 144 190 
226 702 314 186 485 833 809 752 932 299 505 
276 139 688 99 583 264 113 204 479 793 700 

843 60 308 458 449 118 588 975 800 915 474 
419 159 322 297 235 63 662 949 693 56 881 
874 440 175 424 43 93 929 231 346 970 430 
712 281 879 230 879 1008 87 296 749 1013 65 

273 965 338 382 442 779 1007 226 628 178 826 
491 650 679 752 996 599 542 528 433 548 670 
870 883 510 245 221 658 282 353 985 1020 155 
426 763 973 842 648 299 632 945 341 769 435 

409 973 885 965 54 882 432 819 788 193 897 
418 787 618 1007 876 92 177 533 612 236 812 
547 898 543 875 627 512 510 516 400 853 720 
723 78 690 621 719 739 505 302 240 582 666 

582 912 885 67 135 992 828 664 298 337 81 
434 742 550 603 768 70 244 199 605 303 817 
665 572 421 282 937 146 794 585 761 431 164 
48 235 172 568 897 942 611 540 563 95 475 

844 125 990 549 524 926 357 915 108 963 634 
976 328 517 634 819 48 499 380 356 916 779 
219 286 845 931 260 846 205 951 758 896 749 
156 167 574 359 804 1019 581 471 442 679 860 

574 791 823 923 188 537 442 621 455 856 206 
327 299 622 505 33 225 429 455 770 911 32 
889 246 70 746 925 250 529 262 423 381 895 
840 340 1008 87 94 634 61 614 395 396 492 

246 707 717 792 573 462 149 742 487 762 918 
215 258 244 615 475 759 968 413 588 752 308 
593 975 554 1005 170 936 948 887 176 348 236 
135 712 392 833 431 807 267 159 978 857 204 

954 182 562 601 176 1000 595 135 442 543 967 
733 588 957 683 509 70 76 822 582 38 315 
462 1010 598 522 969 593 249 401 380 542 1004 
371 682 430 520 513 660 978 555 193 561 973 

497 760 750 500 216 907 315 191 370 652 680 
913 997 67 299 756 45 612 549 512 218 710 
230 591 78 138 751 304 311 478 138 685 417 
712 238 957 386 904 949 729 889 340 780 84 

465 543 763 858 504 1021 424 198 872 98 482 
765 257 804 400 495 1005 816 201 249 688 199 
828 126 412 992 555 101 457 359 676 107 835 
80 557 836 535 699 916 512 401 973 202 730 

812 942 45 57 469 598 803 767 404 570 299 
729 940 901 919 210 888 936 179 169 720 752 
512 475 1009 124 982 110 970 820 932 978 508 
493 893 264 615 842 376 514 809 818 958 578 

200 170 197 554 324 958 782 51 946 677 317 
602 1021 1007 248 743 211 789 649 940 344 452 
675 828 424 349 732 107 869 198 978 670 944 
157 867 87 362 99 666 52 85 71 146 378 

775 273 648 959 147 731 135 622 1018 598 530 
487 346 164 779 122 985 106 580 129 759 790 
949 687 245 394 676 704 246 652 411 323 354 
335 71 301 211 865 190 440 294 392 635 229 

870 660 71 333 491 410 317 33 918 942 299 
546 733 588 244 347 719 764 618 292 289 776 
505 672 68 335 446 181 205 933 770 249 185 
315 196 500 805 79 1015 622 294 379 399 41 

667 533 770 173 146 430 434 336 476 510 416 
920 548 735 277 847 514 520 519 221 248 156 
265 300 880 462 312 803 415 649 299 79 838 
513 820 187 57 130 195 646 462 114 744 365 

267 128 505 629 574 264 415 932 464 597 268 
987 955 79 847 461 608 1006 506 776 490 736 
441 758 640 725 593 812 86 160 987 569 579 
703 941 858 374 977 771 72 70 252 456 965 

738 377 286 262 728 455 462 553 325 421 872 
848 250 976 147 56 582 632 869 918 326 958 
395 846 787 488 777 625 658 343 895 135 556 
418 138 172 744 646 600 124 70 516 371 769 


-1,1	-1,1	-1,1	1,-1	1,1	1,1	-1,-1	1,-1	1,-1	1,-1	1,-1	
1,-1	1,1	1,1	1,1	-1,-1	-1,-1	1,-1	-1,1	1,1	-1,-1	-1,-1	
-1,-1	1,-1	-1,-1	-1,1	1,-1	-1,1	1,1	-1,-1	-1,1	1,1	-1,1	
1,1	-1,-1	1,-1	-1,-1	-1,1	1,-1	-1,1	1,1	-1,-1	-1,1	1,1	

1,-1	1,1	-1,-1	-1,-1	-1,1	-1,1	-1,-1	-1,-1	1,-1	1,1	1,1	
-1,-1	-1,-1	1,1	1,1	1,-1	-1,-1	-1,1	-1,1	-1,-1	-1,1	-1,-1	
-1,1	1,-1	-1,1	1,-1	-1,-1	1,1	1,-1	1,1	-1,1	1,-1	-1,1	
1,1	-1,1	1,-1	-1,1	1,1	1,-1	1,1	1,-1	1,1	-1,-1	1,-1	

1,1	1,1	1,1	1,-1	1,-1	-1,-1	-1,-1	-1,-1	-1,-1	1,1	1,1	
-1,1	-1,1	1,-1	1,1	1,1	-1,1	-1,1	-1,1	1,-1	-1,-1	-1,1	
1,-1	-1,-1	-1,1	-1,-1	-1,1	1,-1	1,1	1,-1	1,1	-1,1	1,-1	
-1,-1	1,-1	-1,-1	-1,1	-1,-1	1,1	1,-1	1,1	-1,1	1,-1	-1,-1	

-1,-1	-1,1	-1,1	1,1	-1,1	-1,1	-1,-1	-1,-1	1,1	1,-1	-1,-1	
-1,1	1,1	1,1	-1,-1	1,-1	1,1	1,-1	1,1	-1,-1	-1,1	1,1	
1,-1	1,-1	1,-1	1,-1	-1,-1	-1,-1	-1,1	-1,1	-1,1	-1,-1	1,-1	
1,1	-1,-1	-1,-1	-1,1	1,1	1,-1	1,1	1,-1	1,-1	1,1	-1,1	

-1,-1	-1,1	-1,1	1,-1	1,1	1,1	1,1	-1,-1	1,-1	-1,1	-1,1	
1,-1	-1,-1	1,1	-1,-1	1,-1	-1,-1	-1,-1	1,-1	-1,-1	1,1	-1,-1	
1,1	1,1	-1,-1	1,1	-1,-1	1,-1	1,-1	1,1	1,1	-1,-1	1,1	
-1,1	1,-1	1,-1	-1,1	-1,1	-1,1	-1,1	-1,1	-1,1	1,-1	1,-1	

-1,-1	-1,-1	-1,1	1,1	-1,-1	1,-1	1,-1	-1,1	1,-1	1,1	-1,-1	
-1,1	1,1	1,-1	1,-1	-1,1	-1,1	1,1	1,-1	-1,-1	-1,-1	1,-1	
1,-1	1,-1	1,1	-1,1	1,-1	-1,-1	-1,-1	-1,-1	-1,1	-1,1	-1,1	
1,1	-1,1	-1,-1	-1,-1	1,1	1,1	-1,1	1,1	1,1	1,-1	1,1	

1,1	1,1	-1,1	-1,-1	-1,-1	-1,1	-1,1	-1,-1	1,-1	1,-1	-1,-1	
-1,-1	1,-1	1,1	1,1	-1,1	1,1	1,1	1,-1	-1,-1	1,1	1,1	
-1,1	-1,1	1,-1	1,-1	1,-1	1,-1	1,-1	1,1	1,1	-1,-1	1,-1	
1,-1	-1,-1	-1,-1	-1,1	1,1	-1,-1	-1,-1	-1,1	-1,1	-1,1	-1,1	

-1,-1	1,1	-1,-1	-1,-1	1,-1	-1,-1	1,1	-1,-1	1,1	-1,-1	1,1	
1,1	1,-1	1,1	1,-1	-1,-1	1,1	-1,-1	1,-1	1,-1	-1,1	-1,-1	
1,-1	-1,-1	1,-1	1,1	1,1	1,-1	1,-1	1,1	-1,-1	1,1	-1,1	
-1,1	-1,1	-1,1	-1,1	-1,1	-1,1	-1,1	-1,1	-1,1	1,-1	1,-1	

-1,1	1,-1	1,1	-1,1	1,-1	1,1	-1,1	1,1	1,1	1,-1	1,-1	
1,-1	-1,1	1,-1	1,1	-1,-1	1,-1	1,-1	-1,1	-1,-1	-1,1	1,1	
1,1	-1,-1	-1,1	-1,-1	-1,1	-1,-1	1,1	-1,-1	1,-1	-1,-1	-1,1	
-1,-1	1,1	-1,-1	1,-1	1,1	-1,1	-1,-1	1,-1	-1,1	1,1	-1,-1	

1,1	-1,-1	1,1	-1,-1	-1,1	-1,-1	-1,-1	-1,-1	-1,-1	1,1	1,1	
1,-1	-1,1	1,-1	1,-1	1,-1	1,1	1,1	-1,1	1,-1	-1,-1	-1,-1	
-1,-1	1,-1	-1,-1	-1,1	1,1	-1,1	1,-1	1,1	-1,1	1,-1	-1,1	
-1,1	1,1	-1,1	1,1	-1,-1	1,-1	-1,1	1,-1	1,1	-1,1	1,-1	

-1,-1	1,-1	1,-1	-1,-1	1,-1	-1,-1	-1,-1	-1,1	1,-1	-1,1	1,1	
1,1	-1,-1	-1,-1	-1,1	-1,1	-1,1	1,-1	1,1	-1,1	-1,-1	1,-1	
-1,1	1,1	-1,1	1,1	-1,-1	1,1	-1,1	1,-1	-1,-1	1,1	-1,-1	
1,-1	-1,1	1,1	1,-1	1,1	1,-1	1,1	-1,-1	1,1	1,-1	-1,1	

-1,-1	-1,-1	1,1	1,-1	-1,-1	1,-1	1,-1	1,1	1,1	-1,-1	1,1	
-1,1	1,-1	1,-1	-1,1	1,-1	1,1	1,1	1,-1	-1,1	-1,1	-1,-1	
1,-1	1,1	-1,1	-1,-1	1,1	-1,1	-1,-1	-1,1	-1,-1	1,-1	-1,1	
1,1	-1,1	-1,-1	1,1	-1,1	-1,-1	-1,1	-1,-1	1,-1	1,1	1,-1	

-1,1	1,1	-1,-1	-1,-1	1,-1	-1,-1	-1,-1	-1,1	1,1	1,1	1,-1	
1,1	1,-1	1,1	-1,1	1,1	-1,1	-1,1	-1,-1	-1,1	1,-1	-1,1	
1,-1	-1,-1	-1,1	1,-1	-1,1	1,-1	1,1	1,-1	-1,-1	-1,1	-1,-1	
-1,-1	-1,1	1,-1	1,1	-1,-1	1,1	1,-1	1,1	1,-1	-1,-1	1,1	

1,1	-1,-1	-1,1	-1,1	-1,1	1,-1	-1,1	-1,-1	1,1	1,1	-1,-1	
-1,1	-1,1	-1,-1	1,-1	-1,-1	-1,-1	1,1	1,-1	-1,1	-1,1	1,-1	
1,-1	1,1	1,-1	1,1	1,-1	1,1	1,-1	-1,1	1,-1	1,-1	-1,1	
-1,-1	1,-1	1,1	-1,-1	1,1	-1,1	-1,-1	1,1	-1,-1	-1,-1	1,1	

-1,1	1,-1	1,1	-1,-1	-1,-1	-1,-1	1,1	-1,-1	-1,-1	-1,-1	-1,1	
-1,-1	-1,1	-1,1	1,-1	1,-1	1,1	-1,1	1,-1	1,1	1,-1	1,-1	
1,-1	-1,-1	-1,-1	1,1	1,1	1,-1	1,-1	-1,1	-1,1	-1,1	-1,-1	
1,1	1,1	1,-1	-1,1	-1,1	-1,1	-1,-1	1,1	1,-1	1,1	1,1	

1,1	1,-1	1,1	1,-1	-1,1	-1,1	-1,-1	1,-1	1,-1	1,-1	-1,-1	
1,-1	-1,1	1,-1	-1,-1	1,-1	1,1	1,1	-1,-1	-1,1	-1,1	-1,1	
-1,-1	-1,-1	-1,-1	1,1	1,1	1,-1	1,-1	1,1	1,1	1,1	1,1	
-1,1	1,1	-1,1	-1,1	-1,-1	-1,-1	-1,1	-1,1	-1,-1	-1,-1	1,-1	

1,-1	1,1	1,-1	1,1	-1,1	-1,-1	-1,-1	1,-1	1,-1	-1,1	1,1	
1,1	-1,-1	1,1	-1,1	1,-1	-1,1	1,1	-1,1	-1,-1	-1,-1	-1,-1	
-1,-1	1,-1	-1,-1	-1,-1	-1,-1	1,-1	1,-1	-1,-1	-1,1	1,-1	1,-1	
-1,1	-1,1	-1,1	1,-1	1,1	1,1	-1,1	1,1	1,1	1,1	-1,1	

-1,1	1,1	1,-1	1,1	1,-1	1,-1	-1,1	1,1	-1,1	-1,-1	-1,-1	
1,-1	-1,-1	-1,-1	-1,-1	1,1	1,1	1,-1	-1,1	-1,-1	1,1	-1,1	
-1,-1	1,-1	1,1	1,-1	-1,-1	-1,-1	-1,-1	-1,-1	1,1	-1,1	1,1	
1,1	-1,1	-1,1	-1,1	-1,1	-1,1	1,1	1,-1	1,-1	1,-1	1,-1	

-1,1	1,1	-1,-1	-1,-1	-1,1	1,1	1,-1	1,1	1,-1	1,1	1,-1	
1,-1	-1,1	1,1	1,1	1,-1	-1,1	-1,1	-1,-1	-1,-1	-1,1	-1,1	
1,1	1,-1	1,-1	1,-1	1,1	1,-1	1,1	1,-1	1,1	1,-1	1,1	
-1,-1	-1,-1	-1,1	-1,1	-1,-1	-1,-1	-1,-1	-1,1	-1,1	-1,-1	-1,-1	

1,1	-1,1	-1,1	-1,1	-1,1	-1,-1	1,1	1,1	-1,1	1,1	1,1	
1,-1	1,-1	-1,-1	-1,-1	1,-1	-1,1	-1,1	-1,-1	1,1	-1,-1	1,-1	
-1,-1	-1,-1	1,-1	1,-1	1,1	1,-1	-1,-1	1,-1	-1,-1	1,-1	-1,1	
-1,1	1,1	1,1	1,1	-1,-1	1,1	1,-1	-1,1	1,-1	-1,1	-1,-1	

1,-1	-1,1	-1,1	1,1	-1,-1	-1,1	-1,-1	1,-1	-1,-1	1,1	1,-1	
-1,1	-1,-1	1,-1	-1,1	-1,1	1,1	-1,1	-1,1	-1,1	1,-1	-1,-1	
-1,-1	1,1	-1,-1	1,-1	1,1	1,-1	1,1	-1,-1	1,1	-1,1	1,1	
1,1	1,-1	1,1	-1,-1	1,-1	-1,-1	1,-1	1,1	1,-1	-1,-1	-1,1	

-1,1	-1,1	1,1	-1,-1	1,1	-1,-1	1,-1	1,1	1,-1	-1,1	-1,1	
1,1	1,-1	-1,-1	1,-1	-1,-1	1,-1	-1,-1	-1,1	1,1	-1,-1	1,1	
-1,-1	1,1	1,-1	-1,1	1,-1	-1,1	1,1	-1,-1	-1,1	1,1	1,-1	
1,-1	-1,-1	-1,1	1,1	-1,1	1,1	-1,1	1,-1	-1,-1	1,-1	-1,-1	

1,1	-1,-1	1,-1	-1,1	1,1	-1,1	1,1	-1,1	-1,1	-1,-1	1,1	
-1,1	-1,1	-1,1	-1,-1	-1,1	-1,-1	1,-1	1,-1	1,-1	1,-1	-1,-1	
1,-1	1,1	-1,-1	1,1	1,-1	1,1	-1,-1	1,1	-1,-1	1,1	-1,1	
-1,-1	1,-1	1,1	1,-1	-1,-1	1,-1	-1,1	-1,-1	1,1	-1,1	1,-1	

-1,-1	-1,1	1,-1	1,1	1,1	1,-1	1,1	1,-1	-1,-1	1,-1	-1,-1	
1,-1	1,-1	-1,-1	1,-1	1,-1	1,1	-1,-1	1,1	-1,1	1,1	1,1	
-1,1	1,1	-1,1	-1,-1	-1,1	-1,-1	-1,1	-1,-1	1,1	-1,-1	-1,1	
1,1	-1,-1	1,1	-1,1	-1,-1	-1,1	1,-1	-1,1	1,-1	-1,1	1,-1	

1,-1	-1,-1	1,1	-1,-1	1,-1	-1,-1	1,1	-1,1	1,1	-1,-1	-1,-1	
-1,1	-1,1	-1,-1	-1,1	1,1	1,1	-1,-1	-1,-1	1,-1	1,1	-1,1	
-1,-1	1,1	1,-1	1,1	-1,-1	-1,1	1,-1	1,1	-1,-1	-1,1	1,-1	
1,1	1,-1	-1,1	1,-1	-1,1	1,-1	-1,1	1,-1	-1,1	1,-1	1,1	

1,-1	-1,1	-1,-1	-1,-1	-1,-1	1,1	1,-1	1,1	1,-1	1,1	-1,-1	
1,1	1,-1	1,-1	1,1	-1,1	-1,-1	-1,-1	-1,-1	-1,1	1,-1	-1,1	
-1,1	1,1	1,1	1,-1	1,-1	1,-1	1,1	1,-1	1,1	-1,1	1,-1	
-1,-1	-1,-1	-1,1	-1,1	1,1	-1,1	-1,1	-1,1	-1,-1	-1,-1	1,1	

-1,-1	1,-1	-1,-1	-1,-1	-1,1	1,1	1,-1	1,-1	1,-1	1,-1	-1,1	
1,-1	1,1	-1,1	1,-1	1,1	-1,-1	1,1	1,1	-1,1	-1,-1	-1,-1	
1,1	-1,-1	1,-1	-1,1	-1,-1	-1,1	-1,1	-1,1	1,1	1,1	1,1	
-1,1	-1,1	1,1	1,1	1,-1	1,-1	-1,-1	-1,-1	-1,-1	-1,1	1,-1	

-1,-1	-1,-1	1,-1	-1,1	1,1	-1,1	-1,-1	1,1	1,-1	-1,1	1,-1	
1,-1	-1,1	-1,1	1,-1	1,-1	-1,-1	-1,1	-1,1	-1,1	-1,-1	-1,1	
1,1	1,1	1,1	1,1	-1,1	1,1	1,1	-1,-1	-1,-1	1,-1	-1,-1	
-1,1	1,-1	-1,-1	-1,-1	-1,-1	1,-1	1,-1	1,-1	1,1	1,1	1,1	

-1,1	1,-1	1,1	1,1	-1,1	1,1	-1,1	1,-1	-1,1	1,-1	-1,1	
1,-1	-1,-1	-1,1	1,-1	1,-1	1,-1	1,-1	-1,1	1,1	-1,-1	-1,-1	
1,1	1,1	1,-1	-1,1	1,1	-1,1	1,1	1,1	1,-1	-1,1	1,-1	
-1,-1	-1,1	-1,-1	-1,-1	-1,-1	-1,-1	-1,-1	-1,-1	-1,-1	1,1	1,1	

1,1	-1,-1	-1,1	-1,1	-1,-1	1,-1	1,1	-1,-1	-1,-1	-1,1	-1,1	
-1,-1	-1,1	1,1	1,1	1,1	-1,-1	-1,-1	1,-1	-1,1	1,-1	-1,-1	
1,-1	1,-1	1,-1	1,-1	1,-1	1,1	1,-1	1,1	1,1	1,1	1,1	
-1,1	1,1	-1,-1	-1,-1	-1,1	-1,1	-1,1	-1,1	1,-1	-1,-1	1,-1	

-1,1	1,1	1,-1	1,-1	-1,-1	1,-1	-1,-1	1,-1	1,1	1,1	1,-1	
1,-1	-1,1	-1,1	-1,1	1,1	-1,1	1,-1	-1,1	-1,-1	1,-1	-1,-1	
1,1	1,-1	1,1	1,1	-1,1	1,1	1,1	1,1	1,-1	-1,1	1,1	
-1,-1	-1,-1	-1,-1	-1,-1	1,-1	-1,-1	-1,1	-1,-1	-1,1	-1,-1	-1,1	

-1,-1	-1,-1	-1,1	-1,-1	1,-1	-1,1	1,-1	-1,-1	-1,-1	-1,1	1,-1	
1,1	1,-1	1,-1	1,-1	1,1	-1,-1	-1,1	-1,1	-1,1	-1,-1	1,1	
1,-1	-1,1	1,1	-1,1	-1,-1	1,-1	1,1	1,-1	1,1	1,-1	-1,-1	
-1,1	1,1	-1,-1	1,1	-1,1	1,1	-1,-1	1,1	1,-1	1,1	-1,1	

1,-1	1,1	1,1	-1,-1	-1,1	-1,1	1,-1	-1,1	-1,-1	1,-1	-1,1	
1,1	1,-1	-1,-1	-1,1	1,1	-1,-1	-1,1	1,-1	1,1	-1,1	-1,-1	
-1,-1	-1,1	1,-1	1,1	1,-1	1,1	-1,-1	1,1	-1,1	-1,-1	1,1	
-1,1	-1,-1	-1,1	1,-1	-1,-1	1,-1	1,1	-1,-1	1,-1	1,1	1,-1	

1,-1	-1,-1	1,1	1,-1	1,1	-1,-1	1,-1	1,1	1,1	-1,1	1,1	
-1,1	-1,1	-1,-1	-1,1	-1,-1	1,-1	-1,-1	-1,-1	-1,1	1,-1	-1,-1	
1,1	1,-1	-1,1	1,1	-1,1	1,1	-1,1	1,-1	-1,-1	1,1	1,-1	
-1,-1	1,1	1,-1	-1,-1	1,-1	-1,1	1,1	-1,1	1,-1	-1,-1	-1,1	

-1,-1	-1,1	1,1	-1,1	-1,-1	-1,-1	1,1	1,1	-1,1	1,1	-1,1	
1,1	1,-1	-1,1	1,1	1,1	1,1	-1,1	1,-1	1,-1	-1,-1	1,-1	
-1,1	1,1	-1,-1	1,-1	-1,1	1,-1	-1,-1	-1,1	-1,-1	-1,1	-1,-1	
1,-1	-1,-1	1,-1	-1,-1	1,-1	-1,1	1,-1	-1,-1	1,1	1,-1	1,1	

1,-1	-1,-1	-1,1	1,1	-1,1	-1,1	1,1	1,1	1,-1	-1,1	1,-1	
-1,-1	-1,1	-1,-1	-1,-1	-1,-1	-1,-1	-1,-1	-1,1	1,1	1,-1	-1,-1	
1,1	1,-1	1,1	1,-1	1,1	1,-1	-1,1	1,-1	-1,-1	1,1	-1,1	
-1,1	1,1	1,-1	-1,1	1,-1	1,1	1,-1	-1,-1	-1,1	-1,-1	1,1	

1,-1	-1,1	1,-1	-1,-1	1,-1	-1,-1	1,1	1,-1	-1,1	-1,1	-1,1	
-1,-1	1,1	-1,1	-1,1	1,1	1,-1	-1,1	1,1	1,1	1,1	1,-1	
1,1	-1,-1	-1,-1	1,-1	-1,-1	1,1	-1,-1	-1,-1	-1,-1	-1,-1	-1,-1	
-1,1	1,-1	1,1	1,1	-1,1	-1,1	1,-1	-1,1	1,-1	1,-1	1,1	

1,-1	1,-1	-1,1	-1,1	1,-1	1,-1	-1,1	-1,1	-1,1	-1,-1	1,1	
-1,1	1,1	1,-1	-1,-1	1,1	-1,1	1,1	1,1	1,-1	1,-1	-1,1	
-1,-1	-1,-1	-1,-1	1,-1	-1,1	1,1	1,-1	1,-1	1,1	1,1	-1,-1	
1,1	-1,1	1,1	1,1	-1,-1	-1,-1	-1,-1	-1,-1	-1,-1	-1,1	1,-1	

1,1	1,1	1,1	1,-1	1,-1	1,1	-1,-1	-1,-1	-1,1	1,-1	1,1	
-1,1	-1,-1	-1,-1	1,1	-1,-1	1,-1	1,-1	-1,1	1,1	1,1	-1,1	
-1,-1	-1,1	-1,1	-1,1	-1,1	-1,1	-1,1	1,-1	1,-1	-1,1	1,-1	
1,-1	1,-1	1,-1	-1,-1	1,1	-1,-1	1,1	1,1	-1,-1	-1,-1	-1,-1	

1,1	-1,1	-1,1	1,-1	-1,1	-1,1	-1,-1	-1,-1	-1,1	-1,1	-1,1	
1,-1	1,-1	-1,-1	-1,1	-1,-1	1,1	1,-1	1,1	-1,-1	-1,-1	1,-1	
-1,1	1,1	1,1	1,1	1,1	-1,-1	-1,1	-1,1	1,1	1,1	1,1	
-1,-1	-1,-1	1,-1	-1,-1	1,-1	1,-1	1,1	1,-1	1,-1	1,-1	-1,-1	

1,-1	-1,-1	-1,1	-1,1	-1,1	1,-1	1,1	-1,-1	-1,1	1,-1	-1,1	
-1,1	1,1	1,1	1,-1	-1,-1	-1,1	-1,-1	1,-1	1,1	-1,-1	1,-1	
-1,-1	1,-1	1,-1	1,1	1,1	1,1	1,-1	1,1	1,-1	-1,1	-1,-1	
1,1	-1,1	-1,-1	-1,-1	1,-1	-1,-1	-1,1	-1,1	-1,-1	1,1	1,1	

1,-1	-1,-1	1,-1	-1,-1	1,1	-1,1	1,-1	-1,-1	1,-1	-1,1	1,1	
-1,1	1,1	-1,1	1,-1	-1,-1	1,-1	1,1	1,1	1,1	1,-1	-1,-1	
1,1	-1,1	1,1	1,1	1,-1	-1,-1	-1,-1	1,-1	-1,1	-1,-1	-1,1	
-1,-1	1,-1	-1,-1	-1,1	-1,1	1,1	-1,1	-1,1	-1,-1	1,1	1,-1	

-1,-1	-1,-1	1,1	1,1	-1,1	-1,1	1,1	-1,1	1,1	-1,-1	-1,1	
-1,1	-1,1	-1,-1	1,-1	1,1	1,-1	-1,-1	1,-1	-1,-1	-1,1	1,1	
1,-1	1,1	1,-1	-1,1	-1,-1	1,1	1,-1	1,1	1,-1	1,1	1,-1	
1,1	1,-1	-1,1	-1,-1	1,-1	-1,-1	-1,1	-1,-1	-1,1	1,-1	-1,-1	

1,1	-1,-1	-1,-1	-1,-1	1,1	1,1	-1,1	-1,1	-1,1	1,1	-1,1	
1,-1	1,1	1,-1	-1,1	1,-1	1,-1	-1,-1	-1,-1	1,1	1,-1	-1,-1	
-1,1	1,-1	-1,1	1,1	-1,1	-1,-1	1,1	1,-1	-1,-1	-1,1	1,-1	
-1,-1	-1,1	1,1	1,-1	-1,-1	-1,1	1,-1	1,1	1,-1	-1,-1	1,1	

1,-1	-1,-1	1,1	-1,-1	1,-1	-1,-1	-1,-1	1,-1	1,1	-1,-1	-1,1	
-1,-1	1,-1	-1,-1	1,-1	1,1	1,1	1,1	-1,-1	-1,-1	-1,1	1,-1	
-1,1	1,1	-1,1	1,1	-1,1	1,-1	-1,1	1,1	-1,1	1,-1	1,1	
1,1	-1,1	1,-1	-1,1	-1,-1	-1,1	1,-1	-1,1	1,-1	1,1	-1,-1	

1,-1	-1,1	1,-1	1,-1	1,1	-1,-1	1,-1	-1,-1	1,-1	-1,1	-1,1	
-1,-1	1,1	-1,1	1,1	-1,1	1,1	1,1	-1,1	-1,-1	1,1	1,1	
-1,1	-1,-1	1,1	-1,-1	1,-1	-1,1	-1,-1	1,1	-1,1	-1,-1	1,-1	
1,1	1,-1	-1,-1	-1,1	-1,-1	1,-1	-1,1	1,-1	1,1	1,-1	-1,-1	

1,1	-1,-1	-1,1	1,-1	1,1	1,-1	1,1	-1,-1	1,-1	-1,-1	1,-1	
-1,-1	-1,1	1,1	1,1	-1,-1	1,1	1,-1	1,-1	-1,1	1,1	1,1	
-1,1	1,-1	-1,-1	-1,1	1,-1	-1,1	-1,-1	-1,1	1,1	1,-1	-1,1	
1,-1	1,1	1,-1	-1,-1	-1,1	-1,-1	-1,1	1,1	-1,-1	-1,1	-1,-1	

1,-1	-1,1	-1,1	-1,-1	-1,-1	-1,1	-1,-1	-1,1	1,1	1,1	-1,-1	
-1,1	1,-1	1,-1	1,1	1,1	1,1	1,-1	1,1	-1,1	-1,-1	-1,1	
-1,-1	1,1	-1,-1	1,-1	-1,1	1,-1	1,1	1,-1	1,-1	1,-1	1,-1	
1,1	-1,-1	1,1	-1,1	1,-1	-1,-1	-1,1	-1,-1	-1,-1	-1,1	1,1	

6 5 7 8 
7 0 10 5 
2 4 8 5 
2 1 9 4 
10 4 8 9 
5 7 6 0 
8 7 9 3 
0 1 9 7 
8 6 0 1 
4 3 0 2 
3 6 0 2 
9 3 0 4 
7 5 10 9 
1 2 5 0 
8 3 4 10 
5 0 8 1 
6 10 9 4 
9 4 6 1 
0 5 2 7 
5 7 0 10 
2 10 0 5 
3 1 2 7 
0 4 9 3 
10 7 4 6 
8 1 0 7 
10 6 5 9 
1 5 9 8 
7 2 0 9 
8 0 6 2 
8 4 3 6 
7 10 6 5 
6 2 10 5 
6 1 10 4 
6 10 7 9 
6 9 4 8 
1 6 10 2 
0 8 5 6 
0 10 2 4 
4 7 9 0 
8 3 5 9 
8 9 0 4 
8 7 2 3 
4 9 7 8 
8 10 5 4 
3 9 4 2 
8 5 0 9 
5 0 1 10 
1 3 10 2 


1,-1	-1,-1	1,1	-1,1	
-1,1	1,1	-1,-1	1,-1	
-1,1	1,1	1,-1	-1,-1	
-1,1	1,1	1,-1	-1,-1	
1,-1	-1,-1	-1,1	1,1	
1,1	-1,1	-1,-1	1,-1	
-1,1	1,-1	-1,-1	1,1	
-1,-1	1,1	1,-1	-1,1	
-1,1	-1,-1	1,-1	1,1	
-1,-1	1,1	-1,1	1,-1	
1,1	1,-1	-1,1	-1,-1	
-1,-1	1,-1	-1,1	1,1	
-1,1	1,-1	-1,-1	1,1	
1,-1	-1,1	1,1	-1,-1	
1,1	-1,-1	-1,1	1,-1	
-1,1	1,1	1,-1	-1,-1	
1,1	-1,-1	1,-1	-1,1	
1,-1	-1,1	-1,-1	1,1	
1,-1	-1,1	1,1	-1,-1	
-1,1	-1,-1	1,1	1,-1	
1,1	-1,-1	1,-1	-1,1	
1,1	-1,-1	1,-1	-1,1	
-1,-1	1,1	-1,1	1,-1	
1,1	-1,-1	-1,1	1,-1	
-1,1	1,-1	-1,-1	1,1	
-1,1	1,-1	1,1	-1,-1	
1,-1	-1,1	-1,-1	1,1	
1,-1	-1,1	-1,-1	1,1	
-1,1	1,1	-1,-1	1,-1	
-1,-1	1,1	1,-1	-1,1	
1,1	-1,-1	1,-1	-1,1	
1,-1	-1,1	-1,-1	1,1	
-1,-1	-1,1	1,1	1,-1	
-1,1	1,-1	-1,-1	1,1	
-1,-1	1,1	1,-1	-1,1	
1,1	-1,-1	-1,1	1,-1	
1,1	1,-1	-1,1	-1,-1	
-1,-1	1,-1	-1,1	1,1	
-1,1	1,-1	1,1	-1,-1	
1,1	-1,1	-1,-1	1,-1	
1,-1	-1,1	1,1	-1,-1	
1,1	-1,-1	-1,1	1,-1	
-1,1	-1,-1	1,-1	1,1	
1,1	1,-1	-1,-1	-1,1	
-1,-1	-1,1	1,1	1,-1	
-1,-1	-1,1	1,1	1,-1	
-1,1	-1,-1	1,1	1,-1	
1,-1	1,1	-1,-1	-1,1	


841 513 694 785 
844 539 395 362 
768 556 716 449 
375 121 868 839 
406 1002 417 386 
510 830 761 502 
556 73 667 495 
193 171 160 999 
290 764 874 106 
444 346 525 333 
886 536 566 113 
613 422 554 922 
421 641 72 372 
387 129 273 373 
527 933 290 425 
685 812 921 57 
54 532 241 351 
132 346 589 689 
81 447 663 606 
333 872 193 678 
1020 96 761 913 
304 93 401 483 
423 689 901 402 
196 313 554 340 
340 554 313 196 
402 901 689 423 
483 401 93 304 
913 761 96 1020 
678 193 872 333 
606 663 447 81 
689 589 346 132 
351 241 532 54 
57 921 812 685 
425 290 933 527 
373 273 129 387 
372 72 641 421 
922 554 422 613 
113 566 536 886 
333 525 346 444 
106 874 764 290 
999 160 171 193 
495 667 73 556 
502 761 830 510 
386 417 1002 406 
839 868 121 375 
449 716 556 768 
362 395 539 844 
785 694 513 841 

-1	1	-1	1	
1	-1	-1	1	
1	-1	-1	1	
-1	-1	1	1	
1	-1	-1	1	
1	-1	-1	1	
-1	1	-1	1	
-1	1	-1	1	
-1	1	1	-1	
-1	-1	1	1	
1	1	-1	-1	
1	-1	1	-1	
1	1	-1	-1	
-1	-1	1	1	
1	-1	-1	1	
-1	1	-1	1	
1	-1	1	-1	
-1	-1	1	1	
1	-1	-1	1	
1	-1	1	-1	
-1	1	1	-1	
-1	1	1	-1	
-1	-1	1	1	
1	1	-1	-1	
-1	-1	1	1	
1	1	-1	-1	
-1	1	1	-1	
-1	1	1	-1	
-1	1	-1	1	
1	-1	-1	1	
1	1	-1	-1	
-1	1	-1	1	
1	-1	1	-1	
1	-1	-1	1	
1	1	-1	-1	
-1	-1	1	1	
-1	1	-1	1	
-1	-1	1	1	
1	1	-1	-1	
-1	1	1	-1	
1	-1	1	-1	
1	-1	1	-1	
1	-1	-1	1	
1	-1	-1	1	
1	1	-1	-1	
1	-1	-1	1	
1	-1	-1	1	
1	-1	1	-1	

3 6 9 5 
9 3 4 1 
2 7 4 1 
1 3 2 4 
10 7 8 9 
8 9 6 10 
8 0 2 10 
7 5 1 3 
9 3 8 7 
3 2 10 8 
7 4 2 1 
10 3 8 9 
10 6 4 1 
9 1 10 6 
7 2 1 9 
0 10 1 3 
7 5 6 3 
1 2 10 4 
0 6 8 7 
7 8 5 9 
4 5 6 10 
8 3 9 0 
0 6 3 7 
0 9 10 7 
7 10 9 0 
7 3 6 0 
0 9 3 8 
10 6 5 4 
9 5 8 7 
7 8 6 0 
4 10 2 1 
3 6 5 7 
3 1 10 0 
9 1 2 7 
6 10 1 9 
1 4 6 10 
9 8 3 10 
1 2 4 7 
8 10 2 3 
7 8 3 9 
3 1 5 7 
10 2 0 8 
10 6 9 8 
9 8 7 10 
4 2 3 1 
1 4 7 2 
1 4 3 9 
5 9 6 3 

23	24	6	41	2	45	10	37	17	30	1	46	16	31	19	28	18	29	22	25	5	42	15	32	12	35	8	39	7	40	11	36	3	44	20	27	0	47	4	43	13	34	9	38	14	33	21	26	
